Population size: 600
Problem dimension: 200
Lower bound: 
0 0 0 0 0 0 0 0 0 0 0 0 0 0 0 0 0 0 0 0 0 0 0 0 0 0 0 0 0 0 0 0 0 0 0 0 0 0 0 0 0 0 0 0 0 0 0 0 0 0 0 0 0 0 0 0 0 0 0 0 0 0 0 0 0 0 0 0 0 0 0 0 0 0 0 0 0 0 0 0 0 0 0 0 0 0 0 0 0 0 0 0 0 0 0 0 0 0 0 0 0 0 0 0 0 0 0 0 0 0 0 0 0 0 0 0 0 0 0 0 0 0 0 0 0 0 0 0 0 0 0 0 0 0 0 0 0 0 0 0 0 0 0 0 0 0 0 0 0 0 0 0 0 0 0 0 0 0 0 0 0 0 0 0 0 0 0 0 0 0 0 0 0 0 0 0 0 0 0 0 0 0 0 0 0 0 0 0 0 0 0 0 0 0 0 0 0 0 0 0 
Upper bound: 
199 199 199 199 199 199 199 199 199 199 199 199 199 199 199 199 199 199 199 199 199 199 199 199 199 199 199 199 199 199 199 199 199 199 199 199 199 199 199 199 199 199 199 199 199 199 199 199 199 199 199 199 199 199 199 199 199 199 199 199 199 199 199 199 199 199 199 199 199 199 199 199 199 199 199 199 199 199 199 199 199 199 199 199 199 199 199 199 199 199 199 199 199 199 199 199 199 199 199 199 199 199 199 199 199 199 199 199 199 199 199 199 199 199 199 199 199 199 199 199 199 199 199 199 199 199 199 199 199 199 199 199 199 199 199 199 199 199 199 199 199 199 199 199 199 199 199 199 199 199 199 199 199 199 199 199 199 199 199 199 199 199 199 199 199 199 199 199 199 199 199 199 199 199 199 199 199 199 199 199 199 199 199 199 199 199 199 199 199 199 199 199 199 199 199 199 199 199 199 199 
Weight factor: 0.8
Crossover rate: 0.9
Max iteration: 6000
Best solution: 
[90, 2, 116, 67, 191, 160, 171, 169, 174, 80, 196, 175, 77, 159, 81, 108, 193, 104, 139, 95, 70, 17, 1, 58, 49, 168, 37, 99, 18, 143, 199, 105, 126, 107, 73, 12, 48, 183, 72, 21, 115, 24, 0, 13, 43, 32, 60, 23, 123, 29, 146, 142, 100, 119, 189, 85, 79, 9, 166, 144, 180, 138, 194, 15, 96, 165, 176, 8, 177, 56, 34, 47, 3, 145, 185, 5, 151, 41, 46, 173, 50, 109, 52, 164, 134, 198, 122, 179, 94, 141, 113, 87, 75, 55, 62, 35, 57, 30, 51, 84, 97, 181, 195, 45, 112, 31, 132, 133, 184, 68, 53, 82, 150, 26, 156, 10, 157, 120, 65, 33, 187, 135, 140, 155, 163, 178, 7, 190, 192, 182, 98, 197, 14, 19, 149, 64, 20, 11, 148, 27, 88, 28, 38, 170, 71, 83, 66, 54, 78, 130, 118, 4, 110, 188, 25, 6, 137, 39, 147, 125, 106, 76, 121, 61, 42, 92, 117, 86, 69, 129, 136, 186, 40, 36, 128, 89, 167, 172, 93, 16, 152, 131, 111, 161, 63, 127, 162, 153, 154, 91, 103, 74, 114, 59, 44, 102, 158, 124, 22, 101, ]
Best fitness: 8.41733
SEED: 81

Solution Bins: 
Bin Number: 46
88881 87109 99727 75823 80929 95379 92503 99090 85297 92268 96648 91062 97880 85040 99673 98998 97194 78838 83047 97537 99351 88709 92568 99756 81874 87721 89769 87161 94732 96424 87488 96652 93285 79241 84319 81649 90380 81295 88904 82666 83942 99546 97454 94843 82114 80841 
Elapsed time: 110 s


----------------------------------------

