Population size: 600
Problem dimension: 201
Lower bound: 
0 0 0 0 0 0 0 0 0 0 0 0 0 0 0 0 0 0 0 0 0 0 0 0 0 0 0 0 0 0 0 0 0 0 0 0 0 0 0 0 0 0 0 0 0 0 0 0 0 0 0 0 0 0 0 0 0 0 0 0 0 0 0 0 0 0 0 0 0 0 0 0 0 0 0 0 0 0 0 0 0 0 0 0 0 0 0 0 0 0 0 0 0 0 0 0 0 0 0 0 0 0 0 0 0 0 0 0 0 0 0 0 0 0 0 0 0 0 0 0 0 0 0 0 0 0 0 0 0 0 0 0 0 0 0 0 0 0 0 0 0 0 0 0 0 0 0 0 0 0 0 0 0 0 0 0 0 0 0 0 0 0 0 0 0 0 0 0 0 0 0 0 0 0 0 0 0 0 0 0 0 0 0 0 0 0 0 0 0 0 0 0 0 0 0 0 0 0 0 0 0 
Upper bound: 
200 200 200 200 200 200 200 200 200 200 200 200 200 200 200 200 200 200 200 200 200 200 200 200 200 200 200 200 200 200 200 200 200 200 200 200 200 200 200 200 200 200 200 200 200 200 200 200 200 200 200 200 200 200 200 200 200 200 200 200 200 200 200 200 200 200 200 200 200 200 200 200 200 200 200 200 200 200 200 200 200 200 200 200 200 200 200 200 200 200 200 200 200 200 200 200 200 200 200 200 200 200 200 200 200 200 200 200 200 200 200 200 200 200 200 200 200 200 200 200 200 200 200 200 200 200 200 200 200 200 200 200 200 200 200 200 200 200 200 200 200 200 200 200 200 200 200 200 200 200 200 200 200 200 200 200 200 200 200 200 200 200 200 200 200 200 200 200 200 200 200 200 200 200 200 200 200 200 200 200 200 200 200 200 200 200 200 200 200 200 200 200 200 200 200 200 200 200 200 200 200 
Weight factor: 0.8
Crossover rate: 0.9
Max iteration: 6000
Best solution: 
[93, 50, 196, 160, 179, 36, 32, 88, 46, 30, 24, 42, 16, 74, 89, 110, 44, 91, 102, 124, 65, 54, 162, 152, 1, 63, 192, 35, 4, 132, 3, 83, 200, 181, 99, 158, 38, 169, 45, 165, 156, 47, 7, 26, 9, 122, 96, 116, 60, 137, 125, 115, 187, 138, 78, 146, 163, 67, 150, 173, 72, 75, 101, 178, 100, 127, 155, 0, 157, 161, 182, 147, 87, 183, 164, 159, 69, 166, 175, 56, 98, 111, 29, 197, 62, 81, 148, 15, 123, 172, 133, 27, 20, 90, 84, 71, 23, 170, 28, 51, 103, 94, 68, 118, 34, 59, 104, 113, 142, 86, 2, 141, 154, 21, 145, 11, 186, 49, 198, 199, 76, 73, 174, 120, 136, 171, 6, 109, 53, 22, 140, 5, 188, 48, 82, 37, 55, 194, 135, 57, 102, 143, 144, 130, 13, 121, 108, 131, 19, 193, 17, 66, 149, 92, 177, 39, 168, 77, 129, 61, 180, 8, 117, 79, 189, 95, 80, 114, 112, 58, 107, 151, 190, 128, 134, 185, 167, 43, 12, 52, 176, 191, 97, 40, 195, 10, 119, 31, 41, 85, 70, 18, 105, 33, 126, 106, 184, 64, 139, 25, 153, ]
Best fitness: 7.81356
SEED: 6769

Solution Bins: 
Bin Number: 43
2362 2469 1830 1696 1949 2426 2438 1770 2418 2447 1876 2158 2416 2498 2305 2359 2456 2387 2132 2422 2342 1931 2462 2361 2500 2310 2454 1942 2406 2467 2485 2348 2230 1841 2472 2484 2447 2034 2204 2474 2431 2459 2214 
Elapsed time: 106 s
----------------------------------------

Population size: 600
Problem dimension: 201
Lower bound: 
0 0 0 0 0 0 0 0 0 0 0 0 0 0 0 0 0 0 0 0 0 0 0 0 0 0 0 0 0 0 0 0 0 0 0 0 0 0 0 0 0 0 0 0 0 0 0 0 0 0 0 0 0 0 0 0 0 0 0 0 0 0 0 0 0 0 0 0 0 0 0 0 0 0 0 0 0 0 0 0 0 0 0 0 0 0 0 0 0 0 0 0 0 0 0 0 0 0 0 0 0 0 0 0 0 0 0 0 0 0 0 0 0 0 0 0 0 0 0 0 0 0 0 0 0 0 0 0 0 0 0 0 0 0 0 0 0 0 0 0 0 0 0 0 0 0 0 0 0 0 0 0 0 0 0 0 0 0 0 0 0 0 0 0 0 0 0 0 0 0 0 0 0 0 0 0 0 0 0 0 0 0 0 0 0 0 0 0 0 0 0 0 0 0 0 0 0 0 0 0 0 
Upper bound: 
200 200 200 200 200 200 200 200 200 200 200 200 200 200 200 200 200 200 200 200 200 200 200 200 200 200 200 200 200 200 200 200 200 200 200 200 200 200 200 200 200 200 200 200 200 200 200 200 200 200 200 200 200 200 200 200 200 200 200 200 200 200 200 200 200 200 200 200 200 200 200 200 200 200 200 200 200 200 200 200 200 200 200 200 200 200 200 200 200 200 200 200 200 200 200 200 200 200 200 200 200 200 200 200 200 200 200 200 200 200 200 200 200 200 200 200 200 200 200 200 200 200 200 200 200 200 200 200 200 200 200 200 200 200 200 200 200 200 200 200 200 200 200 200 200 200 200 200 200 200 200 200 200 200 200 200 200 200 200 200 200 200 200 200 200 200 200 200 200 200 200 200 200 200 200 200 200 200 200 200 200 200 200 200 200 200 200 200 200 200 200 200 200 200 200 200 200 200 200 200 200 
Weight factor: 0.8
Crossover rate: 0.9
Max iteration: 6000
Best solution: 
[70, 80, 92, 39, 49, 149, 103, 185, 90, 13, 167, 134, 119, 47, 104, 118, 38, 122, 191, 179, 29, 148, 50, 192, 198, 65, 55, 37, 140, 183, 61, 68, 132, 162, 89, 48, 41, 145, 78, 84, 88, 4, 20, 159, 106, 101, 21, 64, 3, 153, 10, 115, 147, 178, 31, 105, 154, 67, 76, 161, 27, 142, 74, 85, 91, 5, 19, 108, 45, 23, 117, 135, 72, 158, 170, 57, 99, 120, 196, 163, 133, 32, 189, 112, 25, 176, 151, 186, 136, 73, 86, 121, 24, 174, 43, 131, 138, 130, 22, 17, 177, 36, 84, 200, 83, 77, 6, 16, 172, 9, 44, 89, 26, 51, 79, 53, 93, 150, 94, 127, 164, 171, 87, 28, 82, 69, 8, 126, 166, 56, 116, 144, 81, 125, 110, 42, 62, 59, 156, 181, 188, 71, 114, 182, 184, 194, 190, 180, 96, 157, 193, 54, 52, 129, 97, 175, 137, 199, 102, 7, 165, 35, 107, 30, 95, 60, 139, 111, 34, 124, 160, 15, 40, 46, 100, 123, 146, 11, 128, 0, 168, 173, 66, 141, 75, 195, 143, 187, 2, 12, 155, 1, 33, 98, 152, 169, 109, 18, 197, 14, 113, ]
Best fitness: 7.30363
SEED: 31326

Solution Bins: 
Bin Number: 42
2348 2269 2354 2413 2365 2496 2478 2314 2337 2076 2469 2322 2406 2111 2390 2432 2470 2491 2489 2296 2440 2078 2325 2116 2320 2308 2461 1758 2290 2406 2478 2382 1612 2299 2451 2438 2387 2368 2469 2196 2489 2448 
Elapsed time: 107 s
----------------------------------------

Population size: 600
Problem dimension: 201
Lower bound: 
0 0 0 0 0 0 0 0 0 0 0 0 0 0 0 0 0 0 0 0 0 0 0 0 0 0 0 0 0 0 0 0 0 0 0 0 0 0 0 0 0 0 0 0 0 0 0 0 0 0 0 0 0 0 0 0 0 0 0 0 0 0 0 0 0 0 0 0 0 0 0 0 0 0 0 0 0 0 0 0 0 0 0 0 0 0 0 0 0 0 0 0 0 0 0 0 0 0 0 0 0 0 0 0 0 0 0 0 0 0 0 0 0 0 0 0 0 0 0 0 0 0 0 0 0 0 0 0 0 0 0 0 0 0 0 0 0 0 0 0 0 0 0 0 0 0 0 0 0 0 0 0 0 0 0 0 0 0 0 0 0 0 0 0 0 0 0 0 0 0 0 0 0 0 0 0 0 0 0 0 0 0 0 0 0 0 0 0 0 0 0 0 0 0 0 0 0 0 0 0 0 
Upper bound: 
200 200 200 200 200 200 200 200 200 200 200 200 200 200 200 200 200 200 200 200 200 200 200 200 200 200 200 200 200 200 200 200 200 200 200 200 200 200 200 200 200 200 200 200 200 200 200 200 200 200 200 200 200 200 200 200 200 200 200 200 200 200 200 200 200 200 200 200 200 200 200 200 200 200 200 200 200 200 200 200 200 200 200 200 200 200 200 200 200 200 200 200 200 200 200 200 200 200 200 200 200 200 200 200 200 200 200 200 200 200 200 200 200 200 200 200 200 200 200 200 200 200 200 200 200 200 200 200 200 200 200 200 200 200 200 200 200 200 200 200 200 200 200 200 200 200 200 200 200 200 200 200 200 200 200 200 200 200 200 200 200 200 200 200 200 200 200 200 200 200 200 200 200 200 200 200 200 200 200 200 200 200 200 200 200 200 200 200 200 200 200 200 200 200 200 200 200 200 200 200 200 
Weight factor: 0.8
Crossover rate: 0.9
Max iteration: 6000
Best solution: 
[169, 190, 162, 129, 117, 112, 81, 157, 118, 8, 33, 172, 119, 56, 6, 62, 38, 156, 92, 13, 107, 127, 126, 180, 148, 187, 66, 167, 53, 39, 86, 133, 100, 25, 121, 132, 1, 108, 104, 159, 60, 151, 82, 161, 95, 45, 31, 19, 141, 197, 147, 52, 152, 131, 26, 144, 68, 22, 122, 58, 21, 166, 138, 168, 84, 192, 98, 24, 42, 196, 57, 85, 17, 88, 114, 185, 160, 69, 136, 76, 120, 18, 28, 30, 128, 29, 137, 97, 50, 2, 72, 188, 74, 103, 59, 175, 83, 111, 70, 41, 14, 183, 154, 153, 149, 46, 90, 34, 20, 115, 163, 78, 80, 10, 193, 140, 79, 130, 63, 164, 4, 48, 177, 51, 155, 91, 194, 27, 181, 47, 105, 116, 5, 124, 184, 15, 193, 174, 36, 94, 145, 49, 44, 61, 102, 200, 123, 11, 176, 101, 146, 40, 3, 134, 195, 150, 54, 170, 142, 73, 186, 143, 179, 9, 139, 23, 99, 64, 7, 158, 12, 0, 18, 191, 173, 113, 110, 96, 75, 71, 135, 32, 43, 106, 125, 67, 89, 65, 109, 16, 171, 35, 178, 87, 77, 199, 165, 198, 93, 55, 182, ]
Best fitness: 7.57981
SEED: 26155

Solution Bins: 
Bin Number: 43
2441 2230 2174 2456 2357 2411 2432 2426 1985 2349 2304 2407 2224 2323 2484 2165 2404 2296 2084 2323 2401 2234 2500 2411 2031 2424 2192 2391 2485 2494 2319 2044 2444 2056 2412 2442 2278 2456 2395 2027 2414 2494 2466 
Elapsed time: 111 s
----------------------------------------

Population size: 600
Problem dimension: 201
Lower bound: 
0 0 0 0 0 0 0 0 0 0 0 0 0 0 0 0 0 0 0 0 0 0 0 0 0 0 0 0 0 0 0 0 0 0 0 0 0 0 0 0 0 0 0 0 0 0 0 0 0 0 0 0 0 0 0 0 0 0 0 0 0 0 0 0 0 0 0 0 0 0 0 0 0 0 0 0 0 0 0 0 0 0 0 0 0 0 0 0 0 0 0 0 0 0 0 0 0 0 0 0 0 0 0 0 0 0 0 0 0 0 0 0 0 0 0 0 0 0 0 0 0 0 0 0 0 0 0 0 0 0 0 0 0 0 0 0 0 0 0 0 0 0 0 0 0 0 0 0 0 0 0 0 0 0 0 0 0 0 0 0 0 0 0 0 0 0 0 0 0 0 0 0 0 0 0 0 0 0 0 0 0 0 0 0 0 0 0 0 0 0 0 0 0 0 0 0 0 0 0 0 0 
Upper bound: 
200 200 200 200 200 200 200 200 200 200 200 200 200 200 200 200 200 200 200 200 200 200 200 200 200 200 200 200 200 200 200 200 200 200 200 200 200 200 200 200 200 200 200 200 200 200 200 200 200 200 200 200 200 200 200 200 200 200 200 200 200 200 200 200 200 200 200 200 200 200 200 200 200 200 200 200 200 200 200 200 200 200 200 200 200 200 200 200 200 200 200 200 200 200 200 200 200 200 200 200 200 200 200 200 200 200 200 200 200 200 200 200 200 200 200 200 200 200 200 200 200 200 200 200 200 200 200 200 200 200 200 200 200 200 200 200 200 200 200 200 200 200 200 200 200 200 200 200 200 200 200 200 200 200 200 200 200 200 200 200 200 200 200 200 200 200 200 200 200 200 200 200 200 200 200 200 200 200 200 200 200 200 200 200 200 200 200 200 200 200 200 200 200 200 200 200 200 200 200 200 200 
Weight factor: 0.8
Crossover rate: 0.9
Max iteration: 6000
Best solution: 
[21, 174, 116, 161, 88, 144, 56, 18, 157, 95, 72, 116, 140, 150, 50, 115, 75, 63, 23, 176, 133, 97, 131, 136, 169, 84, 143, 155, 31, 193, 43, 86, 34, 165, 1, 147, 162, 98, 103, 122, 168, 127, 79, 26, 2, 33, 111, 76, 92, 167, 119, 183, 78, 186, 179, 121, 52, 189, 109, 194, 44, 7, 152, 145, 93, 171, 128, 12, 90, 187, 80, 87, 192, 9, 101, 24, 16, 4, 160, 25, 130, 146, 141, 32, 170, 190, 8, 15, 137, 142, 154, 153, 39, 46, 83, 149, 48, 20, 27, 107, 65, 70, 173, 159, 102, 14, 105, 36, 5, 100, 28, 35, 10, 164, 81, 182, 42, 138, 129, 51, 6, 134, 104, 3, 148, 178, 73, 74, 66, 106, 68, 30, 91, 37, 139, 38, 55, 151, 60, 177, 132, 112, 114, 57, 89, 47, 64, 99, 126, 54, 180, 181, 117, 135, 69, 163, 40, 96, 113, 120, 156, 77, 45, 17, 199, 62, 197, 41, 94, 195, 19, 71, 58, 61, 13, 85, 172, 29, 158, 118, 53, 185, 123, 108, 124, 184, 59, 196, 175, 22, 188, 49, 82, 0, 191, 67, 110, 125, 166, 200, 198, ]
Best fitness: 8.00604
SEED: 23804

Solution Bins: 
Bin Number: 43
2397 2216 2369 2463 2379 2418 2446 2433 2204 2375 2468 2434 2408 1501 2429 2296 2463 2146 2339 2454 2323 1692 2217 2375 2212 2200 2378 2406 2378 2445 1915 2446 2212 2336 1322 2258 2030 2347 2376 2062 2365 2488 2353 
Elapsed time: 106 s
----------------------------------------

Population size: 600
Problem dimension: 201
Lower bound: 
0 0 0 0 0 0 0 0 0 0 0 0 0 0 0 0 0 0 0 0 0 0 0 0 0 0 0 0 0 0 0 0 0 0 0 0 0 0 0 0 0 0 0 0 0 0 0 0 0 0 0 0 0 0 0 0 0 0 0 0 0 0 0 0 0 0 0 0 0 0 0 0 0 0 0 0 0 0 0 0 0 0 0 0 0 0 0 0 0 0 0 0 0 0 0 0 0 0 0 0 0 0 0 0 0 0 0 0 0 0 0 0 0 0 0 0 0 0 0 0 0 0 0 0 0 0 0 0 0 0 0 0 0 0 0 0 0 0 0 0 0 0 0 0 0 0 0 0 0 0 0 0 0 0 0 0 0 0 0 0 0 0 0 0 0 0 0 0 0 0 0 0 0 0 0 0 0 0 0 0 0 0 0 0 0 0 0 0 0 0 0 0 0 0 0 0 0 0 0 0 0 
Upper bound: 
200 200 200 200 200 200 200 200 200 200 200 200 200 200 200 200 200 200 200 200 200 200 200 200 200 200 200 200 200 200 200 200 200 200 200 200 200 200 200 200 200 200 200 200 200 200 200 200 200 200 200 200 200 200 200 200 200 200 200 200 200 200 200 200 200 200 200 200 200 200 200 200 200 200 200 200 200 200 200 200 200 200 200 200 200 200 200 200 200 200 200 200 200 200 200 200 200 200 200 200 200 200 200 200 200 200 200 200 200 200 200 200 200 200 200 200 200 200 200 200 200 200 200 200 200 200 200 200 200 200 200 200 200 200 200 200 200 200 200 200 200 200 200 200 200 200 200 200 200 200 200 200 200 200 200 200 200 200 200 200 200 200 200 200 200 200 200 200 200 200 200 200 200 200 200 200 200 200 200 200 200 200 200 200 200 200 200 200 200 200 200 200 200 200 200 200 200 200 200 200 200 
Weight factor: 0.8
Crossover rate: 0.9
Max iteration: 6000
Best solution: 
[164, 83, 90, 182, 130, 99, 173, 160, 66, 105, 191, 62, 87, 59, 118, 72, 77, 145, 18, 148, 177, 30, 123, 40, 32, 128, 149, 157, 26, 76, 114, 68, 181, 56, 168, 134, 11, 163, 158, 46, 192, 101, 31, 136, 15, 49, 60, 140, 129, 85, 96, 176, 169, 10, 103, 197, 4, 48, 6, 155, 53, 16, 178, 154, 110, 52, 75, 141, 1, 34, 35, 113, 78, 74, 156, 70, 69, 7, 147, 200, 115, 91, 179, 51, 29, 146, 108, 100, 80, 8, 142, 104, 41, 42, 39, 63, 117, 19, 23, 186, 12, 187, 172, 153, 161, 14, 97, 36, 2, 0, 44, 135, 116, 139, 195, 124, 165, 88, 137, 112, 3, 61, 64, 57, 166, 54, 94, 159, 167, 47, 73, 189, 58, 162, 45, 86, 184, 37, 98, 122, 95, 89, 199, 150, 183, 109, 92, 175, 132, 127, 22, 138, 24, 171, 102, 9, 125, 17, 188, 25, 144, 55, 93, 143, 84, 38, 79, 21, 111, 180, 133, 131, 81, 82, 13, 119, 20, 28, 127, 27, 33, 151, 121, 67, 174, 106, 196, 107, 152, 198, 170, 43, 185, 120, 5, 194, 126, 190, 193, 71, 65, ]
Best fitness: 7.19739
SEED: 29456

Solution Bins: 
Bin Number: 43
2475 2424 2296 2318 2341 2322 2406 2259 2262 2390 2268 2208 2296 2224 2399 2206 2140 1983 2320 2237 1885 2380 1719 2326 2478 2296 2456 2422 2465 2316 2418 2467 2173 2494 2499 2330 2358 2473 2415 2294 2114 2495 2162 
Elapsed time: 107 s
----------------------------------------

Population size: 600
Problem dimension: 201
Lower bound: 
0 0 0 0 0 0 0 0 0 0 0 0 0 0 0 0 0 0 0 0 0 0 0 0 0 0 0 0 0 0 0 0 0 0 0 0 0 0 0 0 0 0 0 0 0 0 0 0 0 0 0 0 0 0 0 0 0 0 0 0 0 0 0 0 0 0 0 0 0 0 0 0 0 0 0 0 0 0 0 0 0 0 0 0 0 0 0 0 0 0 0 0 0 0 0 0 0 0 0 0 0 0 0 0 0 0 0 0 0 0 0 0 0 0 0 0 0 0 0 0 0 0 0 0 0 0 0 0 0 0 0 0 0 0 0 0 0 0 0 0 0 0 0 0 0 0 0 0 0 0 0 0 0 0 0 0 0 0 0 0 0 0 0 0 0 0 0 0 0 0 0 0 0 0 0 0 0 0 0 0 0 0 0 0 0 0 0 0 0 0 0 0 0 0 0 0 0 0 0 0 0 
Upper bound: 
200 200 200 200 200 200 200 200 200 200 200 200 200 200 200 200 200 200 200 200 200 200 200 200 200 200 200 200 200 200 200 200 200 200 200 200 200 200 200 200 200 200 200 200 200 200 200 200 200 200 200 200 200 200 200 200 200 200 200 200 200 200 200 200 200 200 200 200 200 200 200 200 200 200 200 200 200 200 200 200 200 200 200 200 200 200 200 200 200 200 200 200 200 200 200 200 200 200 200 200 200 200 200 200 200 200 200 200 200 200 200 200 200 200 200 200 200 200 200 200 200 200 200 200 200 200 200 200 200 200 200 200 200 200 200 200 200 200 200 200 200 200 200 200 200 200 200 200 200 200 200 200 200 200 200 200 200 200 200 200 200 200 200 200 200 200 200 200 200 200 200 200 200 200 200 200 200 200 200 200 200 200 200 200 200 200 200 200 200 200 200 200 200 200 200 200 200 200 200 200 200 
Weight factor: 0.8
Crossover rate: 0.9
Max iteration: 6000
Best solution: 
[25, 57, 1, 135, 93, 91, 163, 75, 180, 169, 81, 61, 0, 16, 141, 122, 19, 175, 18, 80, 41, 187, 26, 195, 182, 120, 17, 40, 173, 47, 200, 78, 170, 39, 121, 107, 66, 128, 4, 181, 160, 27, 138, 42, 28, 95, 179, 49, 13, 117, 50, 199, 119, 60, 188, 84, 14, 159, 89, 190, 172, 196, 98, 73, 5, 150, 137, 76, 158, 145, 174, 83, 2, 127, 192, 8, 161, 189, 30, 48, 197, 186, 129, 151, 116, 152, 191, 87, 153, 11, 134, 34, 106, 29, 94, 55, 52, 143, 38, 98, 54, 63, 72, 33, 164, 177, 130, 100, 178, 56, 15, 62, 166, 115, 149, 157, 99, 44, 36, 90, 132, 21, 9, 22, 148, 126, 12, 64, 156, 112, 104, 168, 139, 147, 146, 88, 165, 108, 171, 79, 167, 110, 184, 96, 103, 144, 65, 131, 193, 7, 51, 194, 4, 37, 71, 162, 82, 154, 105, 102, 58, 114, 136, 109, 198, 20, 97, 43, 133, 67, 10, 118, 23, 24, 125, 3, 6, 142, 32, 124, 113, 53, 74, 183, 86, 155, 92, 69, 85, 68, 70, 46, 45, 77, 123, 111, 101, 176, 59, 35, 31, ]
Best fitness: 7.81553
SEED: 1457

Solution Bins: 
Bin Number: 44
1906 2410 2467 2456 2498 2498 2420 2482 2476 2446 2156 2498 2418 2359 2311 2292 2444 1874 1770 2467 2023 2432 2206 2398 2485 2363 1947 2346 2358 2414 2307 2190 2224 2433 2458 2468 2448 2179 2346 2166 2491 2008 2500 2298 
Elapsed time: 106 s
----------------------------------------

Population size: 600
Problem dimension: 201
Lower bound: 
0 0 0 0 0 0 0 0 0 0 0 0 0 0 0 0 0 0 0 0 0 0 0 0 0 0 0 0 0 0 0 0 0 0 0 0 0 0 0 0 0 0 0 0 0 0 0 0 0 0 0 0 0 0 0 0 0 0 0 0 0 0 0 0 0 0 0 0 0 0 0 0 0 0 0 0 0 0 0 0 0 0 0 0 0 0 0 0 0 0 0 0 0 0 0 0 0 0 0 0 0 0 0 0 0 0 0 0 0 0 0 0 0 0 0 0 0 0 0 0 0 0 0 0 0 0 0 0 0 0 0 0 0 0 0 0 0 0 0 0 0 0 0 0 0 0 0 0 0 0 0 0 0 0 0 0 0 0 0 0 0 0 0 0 0 0 0 0 0 0 0 0 0 0 0 0 0 0 0 0 0 0 0 0 0 0 0 0 0 0 0 0 0 0 0 0 0 0 0 0 0 
Upper bound: 
200 200 200 200 200 200 200 200 200 200 200 200 200 200 200 200 200 200 200 200 200 200 200 200 200 200 200 200 200 200 200 200 200 200 200 200 200 200 200 200 200 200 200 200 200 200 200 200 200 200 200 200 200 200 200 200 200 200 200 200 200 200 200 200 200 200 200 200 200 200 200 200 200 200 200 200 200 200 200 200 200 200 200 200 200 200 200 200 200 200 200 200 200 200 200 200 200 200 200 200 200 200 200 200 200 200 200 200 200 200 200 200 200 200 200 200 200 200 200 200 200 200 200 200 200 200 200 200 200 200 200 200 200 200 200 200 200 200 200 200 200 200 200 200 200 200 200 200 200 200 200 200 200 200 200 200 200 200 200 200 200 200 200 200 200 200 200 200 200 200 200 200 200 200 200 200 200 200 200 200 200 200 200 200 200 200 200 200 200 200 200 200 200 200 200 200 200 200 200 200 200 
Weight factor: 0.8
Crossover rate: 0.9
Max iteration: 6000
Best solution: 
[64, 174, 159, 68, 181, 198, 124, 101, 122, 127, 70, 98, 7, 27, 6, 128, 42, 41, 89, 91, 175, 62, 107, 167, 129, 29, 30, 113, 136, 197, 79, 131, 146, 32, 28, 10, 14, 35, 103, 106, 154, 100, 39, 188, 78, 105, 71, 199, 147, 90, 134, 38, 17, 116, 162, 43, 86, 137, 46, 166, 84, 83, 130, 96, 63, 117, 16, 140, 92, 60, 104, 186, 67, 141, 45, 182, 173, 131, 160, 150, 5, 37, 82, 33, 123, 69, 176, 149, 76, 18, 121, 156, 139, 66, 40, 59, 77, 95, 57, 85, 155, 191, 170, 164, 1, 65, 56, 72, 4, 49, 9, 125, 190, 99, 12, 148, 26, 61, 158, 97, 13, 177, 44, 135, 0, 8, 187, 200, 179, 22, 87, 169, 133, 55, 114, 110, 51, 50, 48, 144, 80, 23, 47, 195, 73, 178, 93, 119, 88, 153, 120, 112, 2, 19, 109, 108, 183, 115, 75, 163, 171, 145, 74, 34, 53, 165, 36, 192, 20, 54, 157, 31, 24, 52, 151, 81, 21, 196, 3, 142, 172, 184, 152, 138, 168, 143, 58, 126, 11, 102, 25, 15, 189, 111, 194, 193, 132, 118, 180, 94, 161, ]
Best fitness: 7.93758
SEED: 16870

Solution Bins: 
Bin Number: 44
2497 2332 2158 2428 2339 2110 2456 2199 2116 2242 2413 2462 2488 2473 2275 2392 2404 2444 2467 2368 1622 2116 2479 2433 2192 2444 2218 1920 1950 2274 2387 1996 2481 2476 2443 2428 2482 1578 2000 1946 2405 2476 2242 2418 
Elapsed time: 109 s
----------------------------------------

Population size: 600
Problem dimension: 201
Lower bound: 
0 0 0 0 0 0 0 0 0 0 0 0 0 0 0 0 0 0 0 0 0 0 0 0 0 0 0 0 0 0 0 0 0 0 0 0 0 0 0 0 0 0 0 0 0 0 0 0 0 0 0 0 0 0 0 0 0 0 0 0 0 0 0 0 0 0 0 0 0 0 0 0 0 0 0 0 0 0 0 0 0 0 0 0 0 0 0 0 0 0 0 0 0 0 0 0 0 0 0 0 0 0 0 0 0 0 0 0 0 0 0 0 0 0 0 0 0 0 0 0 0 0 0 0 0 0 0 0 0 0 0 0 0 0 0 0 0 0 0 0 0 0 0 0 0 0 0 0 0 0 0 0 0 0 0 0 0 0 0 0 0 0 0 0 0 0 0 0 0 0 0 0 0 0 0 0 0 0 0 0 0 0 0 0 0 0 0 0 0 0 0 0 0 0 0 0 0 0 0 0 0 
Upper bound: 
200 200 200 200 200 200 200 200 200 200 200 200 200 200 200 200 200 200 200 200 200 200 200 200 200 200 200 200 200 200 200 200 200 200 200 200 200 200 200 200 200 200 200 200 200 200 200 200 200 200 200 200 200 200 200 200 200 200 200 200 200 200 200 200 200 200 200 200 200 200 200 200 200 200 200 200 200 200 200 200 200 200 200 200 200 200 200 200 200 200 200 200 200 200 200 200 200 200 200 200 200 200 200 200 200 200 200 200 200 200 200 200 200 200 200 200 200 200 200 200 200 200 200 200 200 200 200 200 200 200 200 200 200 200 200 200 200 200 200 200 200 200 200 200 200 200 200 200 200 200 200 200 200 200 200 200 200 200 200 200 200 200 200 200 200 200 200 200 200 200 200 200 200 200 200 200 200 200 200 200 200 200 200 200 200 200 200 200 200 200 200 200 200 200 200 200 200 200 200 200 200 
Weight factor: 0.8
Crossover rate: 0.9
Max iteration: 6000
Best solution: 
[125, 102, 195, 46, 160, 163, 11, 6, 140, 41, 131, 83, 25, 99, 64, 50, 119, 145, 114, 103, 183, 101, 76, 181, 88, 149, 69, 40, 185, 89, 197, 38, 12, 117, 14, 118, 147, 116, 52, 33, 133, 5, 108, 49, 75, 176, 94, 98, 78, 142, 166, 106, 191, 44, 141, 2, 62, 117, 146, 161, 121, 134, 59, 60, 79, 39, 29, 194, 17, 152, 175, 137, 24, 154, 155, 35, 186, 111, 21, 182, 65, 63, 43, 157, 55, 144, 127, 109, 188, 16, 112, 187, 36, 167, 8, 193, 151, 19, 85, 115, 192, 34, 0, 18, 13, 1, 129, 27, 4, 126, 81, 53, 72, 196, 87, 178, 54, 189, 162, 28, 150, 45, 170, 97, 84, 56, 74, 139, 42, 124, 200, 123, 113, 110, 68, 82, 148, 80, 48, 7, 57, 70, 30, 92, 177, 90, 168, 172, 73, 173, 66, 180, 122, 26, 3, 179, 130, 71, 86, 153, 120, 199, 23, 10, 32, 107, 61, 91, 159, 67, 164, 47, 22, 138, 104, 37, 143, 65, 77, 105, 20, 132, 31, 158, 156, 51, 9, 169, 128, 198, 58, 190, 171, 136, 174, 100, 96, 184, 135, 165, 93, ]
Best fitness: 7.36017
SEED: 6379

Solution Bins: 
Bin Number: 42
2497 2114 2103 2438 2421 2278 2412 2430 2384 2398 2496 2136 2376 2374 2469 2446 2464 2309 2465 2280 2130 2186 1974 2454 2454 2486 1638 2450 2475 2436 2465 2397 2428 2235 2436 2116 2434 1670 2434 2348 2288 2490 
Elapsed time: 106 s
----------------------------------------

Population size: 600
Problem dimension: 201
Lower bound: 
0 0 0 0 0 0 0 0 0 0 0 0 0 0 0 0 0 0 0 0 0 0 0 0 0 0 0 0 0 0 0 0 0 0 0 0 0 0 0 0 0 0 0 0 0 0 0 0 0 0 0 0 0 0 0 0 0 0 0 0 0 0 0 0 0 0 0 0 0 0 0 0 0 0 0 0 0 0 0 0 0 0 0 0 0 0 0 0 0 0 0 0 0 0 0 0 0 0 0 0 0 0 0 0 0 0 0 0 0 0 0 0 0 0 0 0 0 0 0 0 0 0 0 0 0 0 0 0 0 0 0 0 0 0 0 0 0 0 0 0 0 0 0 0 0 0 0 0 0 0 0 0 0 0 0 0 0 0 0 0 0 0 0 0 0 0 0 0 0 0 0 0 0 0 0 0 0 0 0 0 0 0 0 0 0 0 0 0 0 0 0 0 0 0 0 0 0 0 0 0 0 
Upper bound: 
200 200 200 200 200 200 200 200 200 200 200 200 200 200 200 200 200 200 200 200 200 200 200 200 200 200 200 200 200 200 200 200 200 200 200 200 200 200 200 200 200 200 200 200 200 200 200 200 200 200 200 200 200 200 200 200 200 200 200 200 200 200 200 200 200 200 200 200 200 200 200 200 200 200 200 200 200 200 200 200 200 200 200 200 200 200 200 200 200 200 200 200 200 200 200 200 200 200 200 200 200 200 200 200 200 200 200 200 200 200 200 200 200 200 200 200 200 200 200 200 200 200 200 200 200 200 200 200 200 200 200 200 200 200 200 200 200 200 200 200 200 200 200 200 200 200 200 200 200 200 200 200 200 200 200 200 200 200 200 200 200 200 200 200 200 200 200 200 200 200 200 200 200 200 200 200 200 200 200 200 200 200 200 200 200 200 200 200 200 200 200 200 200 200 200 200 200 200 200 200 200 
Weight factor: 0.8
Crossover rate: 0.9
Max iteration: 6000
Best solution: 
[106, 176, 21, 37, 90, 57, 109, 197, 77, 196, 103, 42, 2, 65, 97, 145, 45, 151, 81, 85, 59, 180, 14, 107, 41, 133, 80, 10, 9, 134, 11, 147, 172, 4, 146, 184, 63, 182, 155, 8, 105, 3, 122, 51, 104, 31, 144, 160, 95, 38, 181, 159, 163, 25, 119, 27, 165, 131, 26, 67, 29, 54, 62, 64, 13, 96, 152, 44, 22, 157, 6, 61, 158, 127, 112, 110, 101, 91, 93, 121, 87, 99, 168, 87, 164, 170, 175, 120, 129, 141, 24, 50, 18, 125, 43, 173, 66, 92, 153, 117, 174, 48, 140, 195, 156, 34, 28, 192, 39, 94, 74, 118, 143, 35, 83, 185, 139, 17, 149, 108, 161, 19, 189, 32, 20, 53, 100, 198, 76, 199, 88, 102, 98, 142, 75, 166, 186, 167, 86, 89, 135, 55, 73, 56, 79, 128, 78, 162, 115, 148, 191, 58, 12, 138, 33, 194, 123, 7, 23, 190, 82, 49, 69, 36, 169, 136, 137, 178, 5, 179, 30, 71, 183, 187, 188, 113, 40, 1, 111, 15, 60, 84, 132, 70, 124, 52, 72, 150, 126, 68, 171, 0, 16, 114, 47, 116, 193, 177, 130, 200, 154, ]
Best fitness: 7.76235
SEED: 31007

Solution Bins: 
Bin Number: 45
2494 2498 1374 2204 2500 2066 2382 2116 2464 2388 2324 2482 2493 2476 2236 2213 1833 2460 2378 2294 2369 2492 2327 2246 2273 2104 2357 2234 2398 2118 1964 2066 2492 2499 2474 2274 2470 2349 2288 1894 2256 2494 2215 2482 2420 
Elapsed time: 105 s
----------------------------------------

Population size: 600
Problem dimension: 201
Lower bound: 
0 0 0 0 0 0 0 0 0 0 0 0 0 0 0 0 0 0 0 0 0 0 0 0 0 0 0 0 0 0 0 0 0 0 0 0 0 0 0 0 0 0 0 0 0 0 0 0 0 0 0 0 0 0 0 0 0 0 0 0 0 0 0 0 0 0 0 0 0 0 0 0 0 0 0 0 0 0 0 0 0 0 0 0 0 0 0 0 0 0 0 0 0 0 0 0 0 0 0 0 0 0 0 0 0 0 0 0 0 0 0 0 0 0 0 0 0 0 0 0 0 0 0 0 0 0 0 0 0 0 0 0 0 0 0 0 0 0 0 0 0 0 0 0 0 0 0 0 0 0 0 0 0 0 0 0 0 0 0 0 0 0 0 0 0 0 0 0 0 0 0 0 0 0 0 0 0 0 0 0 0 0 0 0 0 0 0 0 0 0 0 0 0 0 0 0 0 0 0 0 0 
Upper bound: 
200 200 200 200 200 200 200 200 200 200 200 200 200 200 200 200 200 200 200 200 200 200 200 200 200 200 200 200 200 200 200 200 200 200 200 200 200 200 200 200 200 200 200 200 200 200 200 200 200 200 200 200 200 200 200 200 200 200 200 200 200 200 200 200 200 200 200 200 200 200 200 200 200 200 200 200 200 200 200 200 200 200 200 200 200 200 200 200 200 200 200 200 200 200 200 200 200 200 200 200 200 200 200 200 200 200 200 200 200 200 200 200 200 200 200 200 200 200 200 200 200 200 200 200 200 200 200 200 200 200 200 200 200 200 200 200 200 200 200 200 200 200 200 200 200 200 200 200 200 200 200 200 200 200 200 200 200 200 200 200 200 200 200 200 200 200 200 200 200 200 200 200 200 200 200 200 200 200 200 200 200 200 200 200 200 200 200 200 200 200 200 200 200 200 200 200 200 200 200 200 200 
Weight factor: 0.8
Crossover rate: 0.9
Max iteration: 6000
Best solution: 
[150, 50, 91, 181, 63, 84, 86, 73, 6, 113, 58, 156, 56, 162, 5, 43, 124, 24, 165, 174, 66, 191, 8, 27, 117, 132, 76, 67, 168, 30, 175, 193, 103, 64, 99, 21, 125, 33, 118, 123, 10, 148, 41, 89, 143, 160, 112, 171, 121, 94, 95, 153, 54, 183, 140, 151, 173, 42, 9, 198, 29, 101, 7, 176, 157, 114, 185, 130, 122, 60, 38, 142, 1, 52, 14, 98, 152, 49, 90, 131, 53, 178, 105, 36, 48, 93, 159, 137, 37, 2, 194, 190, 147, 167, 180, 196, 32, 179, 188, 145, 128, 40, 155, 127, 107, 104, 69, 20, 34, 65, 158, 200, 70, 139, 119, 92, 164, 35, 135, 79, 129, 100, 166, 97, 17, 154, 11, 177, 13, 120, 149, 184, 25, 161, 187, 51, 22, 126, 16, 59, 44, 47, 26, 199, 111, 144, 45, 141, 96, 116, 19, 134, 28, 55, 71, 23, 108, 75, 68, 110, 4, 133, 61, 197, 74, 57, 3, 85, 182, 46, 136, 0, 81, 146, 109, 39, 172, 88, 195, 170, 186, 106, 31, 12, 87, 72, 80, 163, 62, 83, 138, 87, 77, 169, 189, 78, 115, 102, 82, 15, 18, ]
Best fitness: 7.53144
SEED: 20521

Solution Bins: 
Bin Number: 45
2374 2297 1924 2292 2357 2186 2459 2442 2479 2432 2483 2193 2126 2371 2376 2378 2060 2328 2033 2493 2422 2419 2380 1780 2353 2380 2302 2420 1606 2298 1682 2343 2400 2174 2401 2345 2402 2298 2367 2456 2405 2467 2493 2446 2478 
Elapsed time: 105 s
----------------------------------------

Population size: 600
Problem dimension: 201
Lower bound: 
0 0 0 0 0 0 0 0 0 0 0 0 0 0 0 0 0 0 0 0 0 0 0 0 0 0 0 0 0 0 0 0 0 0 0 0 0 0 0 0 0 0 0 0 0 0 0 0 0 0 0 0 0 0 0 0 0 0 0 0 0 0 0 0 0 0 0 0 0 0 0 0 0 0 0 0 0 0 0 0 0 0 0 0 0 0 0 0 0 0 0 0 0 0 0 0 0 0 0 0 0 0 0 0 0 0 0 0 0 0 0 0 0 0 0 0 0 0 0 0 0 0 0 0 0 0 0 0 0 0 0 0 0 0 0 0 0 0 0 0 0 0 0 0 0 0 0 0 0 0 0 0 0 0 0 0 0 0 0 0 0 0 0 0 0 0 0 0 0 0 0 0 0 0 0 0 0 0 0 0 0 0 0 0 0 0 0 0 0 0 0 0 0 0 0 0 0 0 0 0 0 
Upper bound: 
200 200 200 200 200 200 200 200 200 200 200 200 200 200 200 200 200 200 200 200 200 200 200 200 200 200 200 200 200 200 200 200 200 200 200 200 200 200 200 200 200 200 200 200 200 200 200 200 200 200 200 200 200 200 200 200 200 200 200 200 200 200 200 200 200 200 200 200 200 200 200 200 200 200 200 200 200 200 200 200 200 200 200 200 200 200 200 200 200 200 200 200 200 200 200 200 200 200 200 200 200 200 200 200 200 200 200 200 200 200 200 200 200 200 200 200 200 200 200 200 200 200 200 200 200 200 200 200 200 200 200 200 200 200 200 200 200 200 200 200 200 200 200 200 200 200 200 200 200 200 200 200 200 200 200 200 200 200 200 200 200 200 200 200 200 200 200 200 200 200 200 200 200 200 200 200 200 200 200 200 200 200 200 200 200 200 200 200 200 200 200 200 200 200 200 200 200 200 200 200 200 
Weight factor: 0.8
Crossover rate: 0.9
Max iteration: 6000
Best solution: 
[138, 198, 34, 42, 91, 29, 4, 88, 48, 9, 122, 26, 167, 139, 141, 56, 177, 68, 145, 171, 17, 27, 126, 182, 55, 175, 19, 151, 124, 118, 168, 188, 54, 155, 181, 65, 110, 114, 87, 52, 106, 39, 142, 158, 76, 57, 176, 83, 185, 150, 197, 101, 159, 36, 152, 164, 112, 79, 102, 74, 133, 129, 96, 16, 194, 163, 3, 160, 11, 117, 30, 123, 135, 105, 128, 146, 75, 92, 190, 23, 104, 108, 63, 20, 95, 179, 93, 196, 58, 103, 137, 131, 100, 84, 5, 120, 140, 24, 148, 64, 136, 113, 97, 160, 1, 121, 2, 200, 21, 109, 161, 72, 53, 60, 78, 193, 147, 134, 59, 7, 125, 44, 107, 199, 73, 10, 66, 70, 132, 62, 12, 49, 192, 80, 22, 35, 111, 38, 85, 149, 127, 180, 157, 195, 67, 153, 189, 31, 119, 156, 144, 50, 6, 143, 94, 14, 183, 33, 184, 41, 186, 86, 18, 28, 170, 99, 0, 81, 90, 15, 89, 71, 115, 165, 116, 47, 169, 45, 98, 173, 154, 32, 13, 174, 166, 37, 82, 40, 25, 69, 61, 187, 191, 77, 130, 8, 178, 162, 46, 172, 85, ]
Best fitness: 8.2741
SEED: 11721

Solution Bins: 
Bin Number: 43
1996 2448 2218 2455 2494 2094 1811 2472 1490 2494 2419 2480 2411 2434 2466 2401 2199 1284 2193 2403 2403 2492 2421 2460 2470 2441 2116 2439 2354 2170 2489 2438 2342 2108 2489 2463 1372 2452 2493 2230 2450 2342 2448 
Elapsed time: 106 s
----------------------------------------

Population size: 600
Problem dimension: 201
Lower bound: 
0 0 0 0 0 0 0 0 0 0 0 0 0 0 0 0 0 0 0 0 0 0 0 0 0 0 0 0 0 0 0 0 0 0 0 0 0 0 0 0 0 0 0 0 0 0 0 0 0 0 0 0 0 0 0 0 0 0 0 0 0 0 0 0 0 0 0 0 0 0 0 0 0 0 0 0 0 0 0 0 0 0 0 0 0 0 0 0 0 0 0 0 0 0 0 0 0 0 0 0 0 0 0 0 0 0 0 0 0 0 0 0 0 0 0 0 0 0 0 0 0 0 0 0 0 0 0 0 0 0 0 0 0 0 0 0 0 0 0 0 0 0 0 0 0 0 0 0 0 0 0 0 0 0 0 0 0 0 0 0 0 0 0 0 0 0 0 0 0 0 0 0 0 0 0 0 0 0 0 0 0 0 0 0 0 0 0 0 0 0 0 0 0 0 0 0 0 0 0 0 0 
Upper bound: 
200 200 200 200 200 200 200 200 200 200 200 200 200 200 200 200 200 200 200 200 200 200 200 200 200 200 200 200 200 200 200 200 200 200 200 200 200 200 200 200 200 200 200 200 200 200 200 200 200 200 200 200 200 200 200 200 200 200 200 200 200 200 200 200 200 200 200 200 200 200 200 200 200 200 200 200 200 200 200 200 200 200 200 200 200 200 200 200 200 200 200 200 200 200 200 200 200 200 200 200 200 200 200 200 200 200 200 200 200 200 200 200 200 200 200 200 200 200 200 200 200 200 200 200 200 200 200 200 200 200 200 200 200 200 200 200 200 200 200 200 200 200 200 200 200 200 200 200 200 200 200 200 200 200 200 200 200 200 200 200 200 200 200 200 200 200 200 200 200 200 200 200 200 200 200 200 200 200 200 200 200 200 200 200 200 200 200 200 200 200 200 200 200 200 200 200 200 200 200 200 200 
Weight factor: 0.8
Crossover rate: 0.9
Max iteration: 6000
Best solution: 
[182, 133, 158, 45, 95, 80, 188, 173, 174, 92, 148, 106, 125, 53, 181, 150, 200, 15, 154, 122, 129, 145, 167, 131, 38, 153, 58, 70, 2, 83, 54, 176, 126, 3, 8, 169, 161, 186, 195, 31, 103, 43, 114, 97, 60, 135, 166, 190, 118, 140, 96, 23, 25, 180, 142, 28, 156, 19, 119, 91, 55, 152, 27, 33, 117, 163, 194, 40, 113, 68, 74, 78, 66, 184, 24, 16, 90, 22, 137, 141, 105, 1, 134, 157, 39, 101, 116, 20, 105, 42, 11, 37, 44, 132, 159, 115, 187, 29, 151, 21, 177, 7, 110, 35, 12, 185, 5, 4, 179, 77, 88, 85, 143, 56, 168, 49, 138, 76, 108, 17, 171, 82, 139, 50, 109, 123, 87, 175, 61, 160, 89, 94, 26, 13, 100, 112, 192, 86, 104, 193, 144, 128, 36, 146, 111, 30, 165, 102, 34, 162, 189, 136, 48, 99, 73, 124, 191, 14, 52, 46, 178, 155, 98, 59, 47, 75, 9, 57, 72, 69, 170, 93, 164, 51, 147, 79, 120, 6, 84, 67, 130, 65, 135, 121, 127, 18, 71, 41, 199, 81, 62, 107, 32, 149, 0, 197, 64, 63, 172, 10, 183, ]
Best fitness: 7.85444
SEED: 20388

Solution Bins: 
Bin Number: 46
2046 2463 2398 2435 2384 2490 2414 2202 2466 2478 2203 2494 2308 2299 1070 2036 2312 2410 2241 2449 2114 2432 2139 2172 2236 2448 1857 2476 2491 2360 2493 2365 2316 2490 2308 2376 2308 2437 2385 2491 2496 2486 2236 2458 2438 2475 
Elapsed time: 106 s
----------------------------------------

Population size: 600
Problem dimension: 201
Lower bound: 
0 0 0 0 0 0 0 0 0 0 0 0 0 0 0 0 0 0 0 0 0 0 0 0 0 0 0 0 0 0 0 0 0 0 0 0 0 0 0 0 0 0 0 0 0 0 0 0 0 0 0 0 0 0 0 0 0 0 0 0 0 0 0 0 0 0 0 0 0 0 0 0 0 0 0 0 0 0 0 0 0 0 0 0 0 0 0 0 0 0 0 0 0 0 0 0 0 0 0 0 0 0 0 0 0 0 0 0 0 0 0 0 0 0 0 0 0 0 0 0 0 0 0 0 0 0 0 0 0 0 0 0 0 0 0 0 0 0 0 0 0 0 0 0 0 0 0 0 0 0 0 0 0 0 0 0 0 0 0 0 0 0 0 0 0 0 0 0 0 0 0 0 0 0 0 0 0 0 0 0 0 0 0 0 0 0 0 0 0 0 0 0 0 0 0 0 0 0 0 0 0 
Upper bound: 
200 200 200 200 200 200 200 200 200 200 200 200 200 200 200 200 200 200 200 200 200 200 200 200 200 200 200 200 200 200 200 200 200 200 200 200 200 200 200 200 200 200 200 200 200 200 200 200 200 200 200 200 200 200 200 200 200 200 200 200 200 200 200 200 200 200 200 200 200 200 200 200 200 200 200 200 200 200 200 200 200 200 200 200 200 200 200 200 200 200 200 200 200 200 200 200 200 200 200 200 200 200 200 200 200 200 200 200 200 200 200 200 200 200 200 200 200 200 200 200 200 200 200 200 200 200 200 200 200 200 200 200 200 200 200 200 200 200 200 200 200 200 200 200 200 200 200 200 200 200 200 200 200 200 200 200 200 200 200 200 200 200 200 200 200 200 200 200 200 200 200 200 200 200 200 200 200 200 200 200 200 200 200 200 200 200 200 200 200 200 200 200 200 200 200 200 200 200 200 200 200 
Weight factor: 0.8
Crossover rate: 0.9
Max iteration: 6000
Best solution: 
[167, 183, 199, 19, 117, 71, 11, 104, 119, 195, 113, 35, 22, 33, 161, 122, 129, 40, 2, 57, 143, 177, 6, 43, 34, 179, 95, 182, 111, 110, 145, 25, 53, 134, 14, 150, 30, 172, 1, 63, 141, 56, 109, 124, 9, 196, 78, 99, 120, 92, 47, 0, 132, 51, 74, 41, 54, 91, 147, 160, 98, 5, 64, 13, 164, 187, 144, 185, 84, 128, 155, 142, 73, 154, 173, 192, 94, 149, 200, 176, 8, 168, 31, 107, 106, 66, 62, 184, 139, 151, 159, 12, 27, 45, 125, 166, 108, 193, 115, 186, 16, 21, 88, 131, 133, 58, 36, 114, 38, 61, 198, 26, 135, 152, 17, 136, 165, 23, 146, 197, 3, 37, 79, 156, 93, 86, 80, 96, 52, 75, 180, 4, 102, 28, 174, 194, 44, 123, 46, 90, 130, 163, 171, 15, 49, 118, 148, 169, 65, 103, 138, 190, 188, 76, 191, 68, 97, 181, 85, 175, 24, 120, 60, 81, 29, 32, 153, 100, 72, 77, 112, 178, 105, 67, 137, 121, 18, 83, 10, 127, 116, 126, 42, 170, 158, 157, 59, 116, 69, 70, 87, 7, 140, 137, 39, 89, 20, 189, 101, 162, 82, ]
Best fitness: 7.73104
SEED: 20752

Solution Bins: 
Bin Number: 44
2478 2114 2498 2456 2204 2406 2485 2492 2408 2286 2316 2303 2456 2431 2291 2188 2414 2488 2385 2493 2186 2482 2454 2480 2107 2239 2372 2477 2050 2459 2473 2492 2238 2379 2482 2301 2473 1801 2460 2378 2280 2376 2332 2357 
Elapsed time: 106 s
----------------------------------------

Population size: 600
Problem dimension: 201
Lower bound: 
0 0 0 0 0 0 0 0 0 0 0 0 0 0 0 0 0 0 0 0 0 0 0 0 0 0 0 0 0 0 0 0 0 0 0 0 0 0 0 0 0 0 0 0 0 0 0 0 0 0 0 0 0 0 0 0 0 0 0 0 0 0 0 0 0 0 0 0 0 0 0 0 0 0 0 0 0 0 0 0 0 0 0 0 0 0 0 0 0 0 0 0 0 0 0 0 0 0 0 0 0 0 0 0 0 0 0 0 0 0 0 0 0 0 0 0 0 0 0 0 0 0 0 0 0 0 0 0 0 0 0 0 0 0 0 0 0 0 0 0 0 0 0 0 0 0 0 0 0 0 0 0 0 0 0 0 0 0 0 0 0 0 0 0 0 0 0 0 0 0 0 0 0 0 0 0 0 0 0 0 0 0 0 0 0 0 0 0 0 0 0 0 0 0 0 0 0 0 0 0 0 
Upper bound: 
200 200 200 200 200 200 200 200 200 200 200 200 200 200 200 200 200 200 200 200 200 200 200 200 200 200 200 200 200 200 200 200 200 200 200 200 200 200 200 200 200 200 200 200 200 200 200 200 200 200 200 200 200 200 200 200 200 200 200 200 200 200 200 200 200 200 200 200 200 200 200 200 200 200 200 200 200 200 200 200 200 200 200 200 200 200 200 200 200 200 200 200 200 200 200 200 200 200 200 200 200 200 200 200 200 200 200 200 200 200 200 200 200 200 200 200 200 200 200 200 200 200 200 200 200 200 200 200 200 200 200 200 200 200 200 200 200 200 200 200 200 200 200 200 200 200 200 200 200 200 200 200 200 200 200 200 200 200 200 200 200 200 200 200 200 200 200 200 200 200 200 200 200 200 200 200 200 200 200 200 200 200 200 200 200 200 200 200 200 200 200 200 200 200 200 200 200 200 200 200 200 
Weight factor: 0.8
Crossover rate: 0.9
Max iteration: 6000
Best solution: 
[30, 40, 56, 108, 110, 20, 94, 188, 51, 199, 42, 8, 126, 184, 25, 7, 118, 35, 1, 9, 138, 109, 46, 172, 12, 91, 61, 90, 145, 173, 62, 127, 134, 120, 124, 5, 128, 23, 21, 166, 194, 49, 97, 159, 191, 22, 41, 102, 197, 141, 11, 70, 164, 87, 83, 19, 180, 66, 64, 186, 104, 114, 131, 38, 162, 34, 129, 139, 89, 122, 185, 111, 88, 68, 13, 86, 4, 143, 29, 157, 147, 112, 37, 176, 113, 98, 76, 181, 82, 63, 24, 99, 14, 0, 116, 66, 58, 52, 88, 27, 65, 17, 107, 182, 146, 79, 53, 39, 148, 18, 171, 93, 174, 32, 96, 3, 73, 84, 156, 88, 33, 175, 195, 74, 178, 154, 183, 115, 85, 168, 198, 45, 137, 6, 190, 54, 121, 15, 125, 140, 55, 169, 119, 106, 43, 72, 179, 67, 158, 132, 77, 16, 48, 95, 44, 167, 92, 80, 50, 2, 81, 123, 177, 133, 101, 135, 151, 193, 163, 153, 165, 78, 142, 149, 57, 152, 71, 103, 59, 105, 31, 100, 36, 187, 160, 28, 10, 117, 47, 130, 144, 75, 200, 170, 155, 69, 161, 26, 136, 196, 192, ]
Best fitness: 7.85089
SEED: 4679

Solution Bins: 
Bin Number: 43
1830 2310 2220 2456 2490 2206 2319 2482 2375 2164 2405 2401 2490 2359 2439 2492 2062 2360 2469 2199 2439 2456 2418 2498 2485 2382 2198 2471 2373 2413 2414 2344 2496 2401 2036 2355 2308 2499 1853 2269 2410 2472 2499 
Elapsed time: 106 s
----------------------------------------

Population size: 600
Problem dimension: 201
Lower bound: 
0 0 0 0 0 0 0 0 0 0 0 0 0 0 0 0 0 0 0 0 0 0 0 0 0 0 0 0 0 0 0 0 0 0 0 0 0 0 0 0 0 0 0 0 0 0 0 0 0 0 0 0 0 0 0 0 0 0 0 0 0 0 0 0 0 0 0 0 0 0 0 0 0 0 0 0 0 0 0 0 0 0 0 0 0 0 0 0 0 0 0 0 0 0 0 0 0 0 0 0 0 0 0 0 0 0 0 0 0 0 0 0 0 0 0 0 0 0 0 0 0 0 0 0 0 0 0 0 0 0 0 0 0 0 0 0 0 0 0 0 0 0 0 0 0 0 0 0 0 0 0 0 0 0 0 0 0 0 0 0 0 0 0 0 0 0 0 0 0 0 0 0 0 0 0 0 0 0 0 0 0 0 0 0 0 0 0 0 0 0 0 0 0 0 0 0 0 0 0 0 0 
Upper bound: 
200 200 200 200 200 200 200 200 200 200 200 200 200 200 200 200 200 200 200 200 200 200 200 200 200 200 200 200 200 200 200 200 200 200 200 200 200 200 200 200 200 200 200 200 200 200 200 200 200 200 200 200 200 200 200 200 200 200 200 200 200 200 200 200 200 200 200 200 200 200 200 200 200 200 200 200 200 200 200 200 200 200 200 200 200 200 200 200 200 200 200 200 200 200 200 200 200 200 200 200 200 200 200 200 200 200 200 200 200 200 200 200 200 200 200 200 200 200 200 200 200 200 200 200 200 200 200 200 200 200 200 200 200 200 200 200 200 200 200 200 200 200 200 200 200 200 200 200 200 200 200 200 200 200 200 200 200 200 200 200 200 200 200 200 200 200 200 200 200 200 200 200 200 200 200 200 200 200 200 200 200 200 200 200 200 200 200 200 200 200 200 200 200 200 200 200 200 200 200 200 200 
Weight factor: 0.8
Crossover rate: 0.9
Max iteration: 6000
Best solution: 
[200, 156, 5, 64, 192, 45, 54, 17, 91, 87, 163, 39, 63, 79, 93, 190, 112, 137, 149, 119, 46, 127, 159, 52, 188, 104, 65, 18, 117, 173, 181, 102, 115, 120, 185, 41, 62, 155, 123, 118, 42, 0, 148, 96, 100, 71, 133, 97, 183, 139, 13, 34, 174, 169, 170, 176, 178, 184, 21, 162, 28, 37, 81, 164, 73, 167, 111, 74, 116, 110, 31, 99, 49, 193, 114, 33, 95, 44, 24, 198, 147, 1, 108, 128, 180, 172, 14, 22, 143, 141, 154, 56, 160, 48, 189, 175, 75, 68, 142, 140, 25, 134, 11, 124, 76, 199, 86, 130, 129, 131, 20, 187, 66, 58, 92, 53, 194, 165, 179, 89, 113, 121, 10, 196, 12, 30, 126, 36, 146, 29, 125, 6, 121, 2, 3, 80, 67, 144, 106, 7, 51, 85, 161, 8, 84, 70, 166, 59, 109, 16, 171, 60, 61, 69, 177, 9, 145, 35, 4, 57, 191, 135, 32, 138, 78, 153, 27, 132, 98, 19, 43, 55, 88, 122, 157, 158, 90, 182, 168, 47, 152, 105, 83, 40, 186, 23, 195, 50, 77, 26, 38, 136, 150, 107, 82, 151, 103, 72, 197, 94, 101, ]
Best fitness: 7.33709
SEED: 20189

Solution Bins: 
Bin Number: 45
2326 1696 2014 2487 2485 2461 2466 2441 2430 2428 2302 2477 2468 2271 2264 1985 2267 2368 2454 1978 2345 2318 2284 2466 2312 2428 2092 2253 2490 2413 2392 1807 2494 2474 2344 2192 2267 2196 1970 2471 2477 2496 2427 2071 2368 
Elapsed time: 106 s
----------------------------------------

