Population size: 600
Problem dimension: 402
Lower bound: 
0 0 0 0 0 0 0 0 0 0 0 0 0 0 0 0 0 0 0 0 0 0 0 0 0 0 0 0 0 0 0 0 0 0 0 0 0 0 0 0 0 0 0 0 0 0 0 0 0 0 0 0 0 0 0 0 0 0 0 0 0 0 0 0 0 0 0 0 0 0 0 0 0 0 0 0 0 0 0 0 0 0 0 0 0 0 0 0 0 0 0 0 0 0 0 0 0 0 0 0 0 0 0 0 0 0 0 0 0 0 0 0 0 0 0 0 0 0 0 0 0 0 0 0 0 0 0 0 0 0 0 0 0 0 0 0 0 0 0 0 0 0 0 0 0 0 0 0 0 0 0 0 0 0 0 0 0 0 0 0 0 0 0 0 0 0 0 0 0 0 0 0 0 0 0 0 0 0 0 0 0 0 0 0 0 0 0 0 0 0 0 0 0 0 0 0 0 0 0 0 0 0 0 0 0 0 0 0 0 0 0 0 0 0 0 0 0 0 0 0 0 0 0 0 0 0 0 0 0 0 0 0 0 0 0 0 0 0 0 0 0 0 0 0 0 0 0 0 0 0 0 0 0 0 0 0 0 0 0 0 0 0 0 0 0 0 0 0 0 0 0 0 0 0 0 0 0 0 0 0 0 0 0 0 0 0 0 0 0 0 0 0 0 0 0 0 0 0 0 0 0 0 0 0 0 0 0 0 0 0 0 0 0 0 0 0 0 0 0 0 0 0 0 0 0 0 0 0 0 0 0 0 0 0 0 0 0 0 0 0 0 0 0 0 0 0 0 0 0 0 0 0 0 0 0 0 0 0 0 0 0 0 0 0 0 0 0 0 0 0 0 0 0 0 0 0 0 0 0 0 0 0 0 0 0 0 0 0 0 0 0 0 0 0 0 0 0 0 0 0 0 0 
Upper bound: 
401 401 401 401 401 401 401 401 401 401 401 401 401 401 401 401 401 401 401 401 401 401 401 401 401 401 401 401 401 401 401 401 401 401 401 401 401 401 401 401 401 401 401 401 401 401 401 401 401 401 401 401 401 401 401 401 401 401 401 401 401 401 401 401 401 401 401 401 401 401 401 401 401 401 401 401 401 401 401 401 401 401 401 401 401 401 401 401 401 401 401 401 401 401 401 401 401 401 401 401 401 401 401 401 401 401 401 401 401 401 401 401 401 401 401 401 401 401 401 401 401 401 401 401 401 401 401 401 401 401 401 401 401 401 401 401 401 401 401 401 401 401 401 401 401 401 401 401 401 401 401 401 401 401 401 401 401 401 401 401 401 401 401 401 401 401 401 401 401 401 401 401 401 401 401 401 401 401 401 401 401 401 401 401 401 401 401 401 401 401 401 401 401 401 401 401 401 401 401 401 401 401 401 401 401 401 401 401 401 401 401 401 401 401 401 401 401 401 401 401 401 401 401 401 401 401 401 401 401 401 401 401 401 401 401 401 401 401 401 401 401 401 401 401 401 401 401 401 401 401 401 401 401 401 401 401 401 401 401 401 401 401 401 401 401 401 401 401 401 401 401 401 401 401 401 401 401 401 401 401 401 401 401 401 401 401 401 401 401 401 401 401 401 401 401 401 401 401 401 401 401 401 401 401 401 401 401 401 401 401 401 401 401 401 401 401 401 401 401 401 401 401 401 401 401 401 401 401 401 401 401 401 401 401 401 401 401 401 401 401 401 401 401 401 401 401 401 401 401 401 401 401 401 401 401 401 401 401 401 401 401 401 401 401 401 401 401 401 401 401 401 401 401 401 401 401 401 401 401 401 401 401 401 401 401 401 401 401 401 401 401 401 401 401 401 401 401 401 401 401 401 401 
Weight factor: 0.8
Crossover rate: 0.9
Max iteration: 6000
Best solution: 
[319, 310, 351, 30, 250, 327, 20, 153, 293, 76, 226, 99, 308, 194, 11, 29, 214, 197, 75, 329, 274, 5, 150, 95, 392, 61, 375, 190, 71, 182, 237, 68, 55, 372, 289, 4, 16, 144, 86, 82, 400, 333, 297, 188, 295, 284, 398, 228, 111, 165, 266, 184, 386, 126, 50, 311, 120, 66, 242, 63, 156, 286, 48, 393, 181, 170, 90, 151, 172, 283, 281, 277, 64, 354, 15, 2, 230, 160, 369, 77, 394, 134, 305, 395, 256, 366, 345, 166, 195, 336, 312, 340, 89, 148, 367, 12, 51, 332, 216, 130, 235, 127, 13, 21, 227, 157, 163, 57, 200, 247, 73, 347, 232, 121, 112, 282, 218, 322, 241, 271, 339, 1, 167, 383, 115, 143, 31, 193, 84, 318, 239, 236, 97, 177, 35, 258, 74, 355, 142, 259, 307, 136, 207, 26, 9, 397, 382, 98, 22, 133, 80, 8, 321, 62, 205, 399, 104, 152, 37, 101, 175, 265, 296, 164, 260, 364, 303, 373, 161, 34, 343, 269, 292, 212, 199, 3, 349, 396, 94, 173, 279, 324, 91, 85, 377, 19, 215, 359, 246, 248, 168, 309, 159, 385, 254, 70, 10, 272, 81, 346, 234, 38, 107, 146, 47, 155, 53, 302, 243, 391, 39, 185, 147, 337, 252, 187, 357, 189, 23, 210, 376, 191, 59, 371, 44, 278, 225, 145, 174, 270, 374, 171, 191, 139, 129, 135, 244, 331, 378, 370, 262, 298, 401, 280, 119, 320, 178, 92, 273, 238, 217, 113, 255, 299, 222, 363, 105, 220, 276, 384, 24, 7, 362, 221, 79, 223, 179, 294, 368, 109, 348, 27, 317, 36, 390, 108, 132, 46, 140, 202, 365, 106, 45, 96, 116, 379, 229, 43, 180, 102, 186, 18, 245, 58, 144, 301, 110, 251, 201, 67, 330, 314, 149, 154, 204, 290, 380, 285, 352, 176, 361, 183, 268, 328, 213, 203, 231, 100, 78, 54, 326, 141, 118, 306, 388, 224, 206, 240, 341, 88, 263, 338, 209, 325, 264, 123, 233, 316, 360, 162, 389, 103, 158, 253, 52, 387, 275, 41, 350, 0, 6, 17, 32, 335, 196, 83, 369, 40, 315, 114, 184, 344, 138, 124, 122, 342, 381, 93, 128, 304, 334, 291, 313, 69, 249, 28, 353, 72, 261, 192, 323, 198, 87, 137, 56, 358, 117, 169, 60, 300, 42, 219, 288, 287, 356, 131, 267, 211, 257, 49, 14, 188, ]
Best fitness: 19.787
SEED: 3665

Solution Bins: 
Bin Number: 71
8312 9748 8308 9104 8127 9945 6769 9406 9841 8065 4574 9676 9056 9552 9873 9572 9980 6818 9741 9867 8213 9974 9772 7404 9049 8805 8327 6939 9825 6959 8786 9853 9420 9854 8076 9599 9356 7491 7665 9903 8168 8944 9913 9869 9878 8978 7904 8208 6842 9652 6342 9884 7934 8886 9897 9790 9251 9282 9935 9835 9922 7752 6604 7419 9690 9998 8075 9720 9509 8399 8307 
Elapsed time: 197 s
----------------------------------------

Population size: 600
Problem dimension: 402
Lower bound: 
0 0 0 0 0 0 0 0 0 0 0 0 0 0 0 0 0 0 0 0 0 0 0 0 0 0 0 0 0 0 0 0 0 0 0 0 0 0 0 0 0 0 0 0 0 0 0 0 0 0 0 0 0 0 0 0 0 0 0 0 0 0 0 0 0 0 0 0 0 0 0 0 0 0 0 0 0 0 0 0 0 0 0 0 0 0 0 0 0 0 0 0 0 0 0 0 0 0 0 0 0 0 0 0 0 0 0 0 0 0 0 0 0 0 0 0 0 0 0 0 0 0 0 0 0 0 0 0 0 0 0 0 0 0 0 0 0 0 0 0 0 0 0 0 0 0 0 0 0 0 0 0 0 0 0 0 0 0 0 0 0 0 0 0 0 0 0 0 0 0 0 0 0 0 0 0 0 0 0 0 0 0 0 0 0 0 0 0 0 0 0 0 0 0 0 0 0 0 0 0 0 0 0 0 0 0 0 0 0 0 0 0 0 0 0 0 0 0 0 0 0 0 0 0 0 0 0 0 0 0 0 0 0 0 0 0 0 0 0 0 0 0 0 0 0 0 0 0 0 0 0 0 0 0 0 0 0 0 0 0 0 0 0 0 0 0 0 0 0 0 0 0 0 0 0 0 0 0 0 0 0 0 0 0 0 0 0 0 0 0 0 0 0 0 0 0 0 0 0 0 0 0 0 0 0 0 0 0 0 0 0 0 0 0 0 0 0 0 0 0 0 0 0 0 0 0 0 0 0 0 0 0 0 0 0 0 0 0 0 0 0 0 0 0 0 0 0 0 0 0 0 0 0 0 0 0 0 0 0 0 0 0 0 0 0 0 0 0 0 0 0 0 0 0 0 0 0 0 0 0 0 0 0 0 0 0 0 0 0 0 0 0 0 0 0 0 0 0 0 0 0 0 
Upper bound: 
401 401 401 401 401 401 401 401 401 401 401 401 401 401 401 401 401 401 401 401 401 401 401 401 401 401 401 401 401 401 401 401 401 401 401 401 401 401 401 401 401 401 401 401 401 401 401 401 401 401 401 401 401 401 401 401 401 401 401 401 401 401 401 401 401 401 401 401 401 401 401 401 401 401 401 401 401 401 401 401 401 401 401 401 401 401 401 401 401 401 401 401 401 401 401 401 401 401 401 401 401 401 401 401 401 401 401 401 401 401 401 401 401 401 401 401 401 401 401 401 401 401 401 401 401 401 401 401 401 401 401 401 401 401 401 401 401 401 401 401 401 401 401 401 401 401 401 401 401 401 401 401 401 401 401 401 401 401 401 401 401 401 401 401 401 401 401 401 401 401 401 401 401 401 401 401 401 401 401 401 401 401 401 401 401 401 401 401 401 401 401 401 401 401 401 401 401 401 401 401 401 401 401 401 401 401 401 401 401 401 401 401 401 401 401 401 401 401 401 401 401 401 401 401 401 401 401 401 401 401 401 401 401 401 401 401 401 401 401 401 401 401 401 401 401 401 401 401 401 401 401 401 401 401 401 401 401 401 401 401 401 401 401 401 401 401 401 401 401 401 401 401 401 401 401 401 401 401 401 401 401 401 401 401 401 401 401 401 401 401 401 401 401 401 401 401 401 401 401 401 401 401 401 401 401 401 401 401 401 401 401 401 401 401 401 401 401 401 401 401 401 401 401 401 401 401 401 401 401 401 401 401 401 401 401 401 401 401 401 401 401 401 401 401 401 401 401 401 401 401 401 401 401 401 401 401 401 401 401 401 401 401 401 401 401 401 401 401 401 401 401 401 401 401 401 401 401 401 401 401 401 401 401 401 401 401 401 401 401 401 401 401 401 401 401 401 401 401 401 401 401 401 
Weight factor: 0.8
Crossover rate: 0.9
Max iteration: 6000
Best solution: 
[112, 248, 175, 204, 183, 354, 361, 41, 247, 98, 78, 241, 188, 75, 5, 400, 82, 347, 12, 196, 74, 90, 139, 274, 269, 67, 14, 387, 375, 249, 132, 57, 167, 24, 332, 61, 0, 109, 136, 394, 221, 193, 230, 308, 305, 349, 44, 237, 236, 287, 320, 135, 163, 133, 276, 292, 166, 23, 268, 144, 386, 159, 393, 218, 364, 31, 200, 362, 93, 191, 11, 289, 63, 254, 311, 232, 110, 138, 197, 103, 342, 95, 271, 399, 336, 209, 85, 316, 326, 398, 148, 134, 168, 120, 145, 293, 174, 301, 17, 392, 296, 86, 152, 328, 89, 192, 80, 33, 150, 397, 278, 28, 260, 142, 141, 224, 169, 71, 270, 295, 157, 357, 286, 346, 107, 378, 281, 42, 70, 376, 273, 379, 118, 282, 171, 34, 391, 52, 325, 6, 244, 108, 160, 50, 306, 119, 380, 212, 215, 279, 288, 30, 43, 263, 126, 227, 203, 46, 390, 348, 206, 243, 84, 140, 216, 240, 235, 96, 72, 290, 317, 77, 76, 353, 147, 27, 337, 22, 162, 9, 294, 125, 255, 214, 372, 92, 309, 299, 352, 184, 68, 151, 55, 88, 1, 10, 283, 47, 186, 242, 259, 334, 182, 350, 3, 210, 102, 99, 343, 164, 94, 261, 114, 130, 266, 161, 213, 38, 207, 239, 25, 297, 256, 56, 79, 179, 195, 4, 45, 170, 123, 252, 329, 323, 251, 36, 315, 384, 156, 321, 8, 54, 335, 100, 264, 217, 113, 187, 313, 37, 20, 51, 275, 231, 177, 228, 245, 127, 258, 284, 121, 65, 143, 371, 396, 64, 146, 158, 13, 285, 60, 302, 142, 280, 66, 131, 333, 265, 15, 222, 39, 377, 234, 19, 181, 253, 53, 322, 339, 360, 156, 32, 91, 238, 327, 233, 192, 29, 58, 288, 318, 246, 201, 155, 115, 40, 59, 331, 298, 172, 401, 211, 81, 373, 173, 395, 208, 7, 35, 106, 165, 229, 344, 262, 351, 2, 124, 190, 367, 202, 369, 154, 319, 338, 383, 176, 370, 26, 194, 368, 101, 291, 16, 189, 300, 363, 105, 310, 304, 267, 382, 272, 359, 129, 149, 366, 220, 18, 388, 49, 205, 87, 341, 340, 312, 122, 219, 356, 257, 178, 223, 137, 62, 250, 225, 185, 117, 226, 277, 385, 303, 358, 199, 314, 345, 69, 83, 104, 330, 153, 198, 73, 381, 161, 365, 324, 97, 374, 180, 307, 48, 21, ]
Best fitness: 19.1768
SEED: 2190

Solution Bins: 
Bin Number: 72
9810 7347 8107 6812 8165 9755 7725 8092 6369 9114 9901 9690 9981 9994 6950 8517 9713 8372 9320 9618 9670 9689 9220 9753 6853 8845 7778 8752 9777 6620 7999 8109 6554 9608 9184 9893 8713 6790 9819 9655 7418 9613 9521 7296 9666 8024 9685 7091 8176 9372 9990 9108 9364 9710 8527 9970 9427 9904 9589 9711 9874 9009 9794 9963 8982 9757 7603 9568 9375 9961 9015 9990 
Elapsed time: 196 s
----------------------------------------

Population size: 600
Problem dimension: 402
Lower bound: 
0 0 0 0 0 0 0 0 0 0 0 0 0 0 0 0 0 0 0 0 0 0 0 0 0 0 0 0 0 0 0 0 0 0 0 0 0 0 0 0 0 0 0 0 0 0 0 0 0 0 0 0 0 0 0 0 0 0 0 0 0 0 0 0 0 0 0 0 0 0 0 0 0 0 0 0 0 0 0 0 0 0 0 0 0 0 0 0 0 0 0 0 0 0 0 0 0 0 0 0 0 0 0 0 0 0 0 0 0 0 0 0 0 0 0 0 0 0 0 0 0 0 0 0 0 0 0 0 0 0 0 0 0 0 0 0 0 0 0 0 0 0 0 0 0 0 0 0 0 0 0 0 0 0 0 0 0 0 0 0 0 0 0 0 0 0 0 0 0 0 0 0 0 0 0 0 0 0 0 0 0 0 0 0 0 0 0 0 0 0 0 0 0 0 0 0 0 0 0 0 0 0 0 0 0 0 0 0 0 0 0 0 0 0 0 0 0 0 0 0 0 0 0 0 0 0 0 0 0 0 0 0 0 0 0 0 0 0 0 0 0 0 0 0 0 0 0 0 0 0 0 0 0 0 0 0 0 0 0 0 0 0 0 0 0 0 0 0 0 0 0 0 0 0 0 0 0 0 0 0 0 0 0 0 0 0 0 0 0 0 0 0 0 0 0 0 0 0 0 0 0 0 0 0 0 0 0 0 0 0 0 0 0 0 0 0 0 0 0 0 0 0 0 0 0 0 0 0 0 0 0 0 0 0 0 0 0 0 0 0 0 0 0 0 0 0 0 0 0 0 0 0 0 0 0 0 0 0 0 0 0 0 0 0 0 0 0 0 0 0 0 0 0 0 0 0 0 0 0 0 0 0 0 0 0 0 0 0 0 0 0 0 0 0 0 0 0 0 0 0 0 0 
Upper bound: 
401 401 401 401 401 401 401 401 401 401 401 401 401 401 401 401 401 401 401 401 401 401 401 401 401 401 401 401 401 401 401 401 401 401 401 401 401 401 401 401 401 401 401 401 401 401 401 401 401 401 401 401 401 401 401 401 401 401 401 401 401 401 401 401 401 401 401 401 401 401 401 401 401 401 401 401 401 401 401 401 401 401 401 401 401 401 401 401 401 401 401 401 401 401 401 401 401 401 401 401 401 401 401 401 401 401 401 401 401 401 401 401 401 401 401 401 401 401 401 401 401 401 401 401 401 401 401 401 401 401 401 401 401 401 401 401 401 401 401 401 401 401 401 401 401 401 401 401 401 401 401 401 401 401 401 401 401 401 401 401 401 401 401 401 401 401 401 401 401 401 401 401 401 401 401 401 401 401 401 401 401 401 401 401 401 401 401 401 401 401 401 401 401 401 401 401 401 401 401 401 401 401 401 401 401 401 401 401 401 401 401 401 401 401 401 401 401 401 401 401 401 401 401 401 401 401 401 401 401 401 401 401 401 401 401 401 401 401 401 401 401 401 401 401 401 401 401 401 401 401 401 401 401 401 401 401 401 401 401 401 401 401 401 401 401 401 401 401 401 401 401 401 401 401 401 401 401 401 401 401 401 401 401 401 401 401 401 401 401 401 401 401 401 401 401 401 401 401 401 401 401 401 401 401 401 401 401 401 401 401 401 401 401 401 401 401 401 401 401 401 401 401 401 401 401 401 401 401 401 401 401 401 401 401 401 401 401 401 401 401 401 401 401 401 401 401 401 401 401 401 401 401 401 401 401 401 401 401 401 401 401 401 401 401 401 401 401 401 401 401 401 401 401 401 401 401 401 401 401 401 401 401 401 401 401 401 401 401 401 401 401 401 401 401 401 401 401 401 401 401 401 401 
Weight factor: 0.8
Crossover rate: 0.9
Max iteration: 6000
Best solution: 
[104, 126, 369, 181, 208, 345, 365, 220, 283, 29, 55, 320, 222, 347, 253, 100, 236, 189, 143, 301, 319, 370, 157, 344, 9, 31, 212, 326, 275, 134, 195, 262, 36, 205, 250, 27, 98, 169, 102, 172, 290, 158, 130, 96, 203, 400, 325, 300, 161, 387, 361, 340, 54, 44, 276, 70, 153, 353, 397, 48, 128, 124, 103, 350, 149, 394, 121, 163, 30, 351, 28, 232, 194, 92, 341, 274, 156, 13, 328, 285, 99, 288, 125, 97, 213, 21, 114, 349, 364, 396, 198, 150, 337, 120, 159, 152, 101, 348, 399, 260, 299, 26, 379, 324, 272, 309, 56, 217, 35, 177, 180, 210, 165, 174, 171, 112, 73, 308, 43, 7, 218, 178, 22, 216, 255, 61, 388, 37, 192, 303, 117, 367, 221, 227, 25, 193, 342, 363, 368, 176, 183, 118, 46, 45, 333, 91, 8, 372, 338, 242, 334, 224, 264, 249, 122, 401, 287, 335, 312, 113, 85, 323, 360, 170, 202, 88, 254, 199, 329, 209, 190, 346, 75, 80, 355, 154, 281, 314, 66, 78, 71, 257, 375, 214, 166, 219, 207, 373, 179, 17, 286, 185, 339, 139, 322, 59, 65, 395, 115, 292, 84, 398, 238, 386, 72, 263, 18, 2, 318, 38, 79, 204, 378, 160, 81, 83, 64, 231, 62, 144, 186, 74, 123, 307, 252, 225, 19, 321, 291, 298, 110, 297, 295, 391, 14, 259, 245, 235, 68, 330, 343, 362, 168, 5, 356, 76, 211, 390, 237, 311, 133, 247, 155, 141, 296, 10, 175, 267, 3, 243, 69, 284, 40, 77, 164, 240, 111, 60, 135, 51, 4, 385, 244, 47, 138, 67, 119, 108, 140, 197, 306, 268, 87, 392, 354, 293, 313, 331, 151, 270, 127, 282, 129, 90, 58, 187, 239, 106, 229, 215, 105, 116, 278, 226, 228, 148, 294, 234, 274, 16, 39, 15, 184, 6, 53, 132, 0, 271, 24, 310, 261, 357, 233, 277, 302, 145, 42, 20, 136, 279, 95, 32, 131, 305, 266, 109, 366, 52, 12, 50, 191, 374, 41, 188, 246, 57, 162, 173, 265, 196, 258, 94, 248, 280, 230, 82, 289, 352, 107, 147, 241, 63, 146, 93, 1, 380, 49, 201, 315, 371, 86, 327, 384, 393, 269, 137, 223, 142, 332, 291, 200, 381, 382, 256, 377, 167, 23, 33, 359, 358, 316, 251, 34, 383, 253, 206, 376, 336, 182, 302, 304, 273, ]
Best fitness: 18.6016
SEED: 19244

Solution Bins: 
Bin Number: 73
8982 9534 9683 9959 7040 8473 9135 9076 9528 9301 7943 9214 8964 9977 9558 7689 8839 9002 8554 9857 6264 9399 8074 8225 9407 6574 9785 9796 9773 8915 9477 9886 9957 9660 5012 7715 7050 9279 5732 9831 5932 9747 9959 9468 8851 9383 7300 8720 9293 7694 9172 9433 9994 9821 9343 9597 8086 8169 9525 9819 9097 9075 9688 6658 9301 9998 9677 9088 8124 8098 9991 9505 9905 
Elapsed time: 196 s
----------------------------------------

Population size: 600
Problem dimension: 402
Lower bound: 
0 0 0 0 0 0 0 0 0 0 0 0 0 0 0 0 0 0 0 0 0 0 0 0 0 0 0 0 0 0 0 0 0 0 0 0 0 0 0 0 0 0 0 0 0 0 0 0 0 0 0 0 0 0 0 0 0 0 0 0 0 0 0 0 0 0 0 0 0 0 0 0 0 0 0 0 0 0 0 0 0 0 0 0 0 0 0 0 0 0 0 0 0 0 0 0 0 0 0 0 0 0 0 0 0 0 0 0 0 0 0 0 0 0 0 0 0 0 0 0 0 0 0 0 0 0 0 0 0 0 0 0 0 0 0 0 0 0 0 0 0 0 0 0 0 0 0 0 0 0 0 0 0 0 0 0 0 0 0 0 0 0 0 0 0 0 0 0 0 0 0 0 0 0 0 0 0 0 0 0 0 0 0 0 0 0 0 0 0 0 0 0 0 0 0 0 0 0 0 0 0 0 0 0 0 0 0 0 0 0 0 0 0 0 0 0 0 0 0 0 0 0 0 0 0 0 0 0 0 0 0 0 0 0 0 0 0 0 0 0 0 0 0 0 0 0 0 0 0 0 0 0 0 0 0 0 0 0 0 0 0 0 0 0 0 0 0 0 0 0 0 0 0 0 0 0 0 0 0 0 0 0 0 0 0 0 0 0 0 0 0 0 0 0 0 0 0 0 0 0 0 0 0 0 0 0 0 0 0 0 0 0 0 0 0 0 0 0 0 0 0 0 0 0 0 0 0 0 0 0 0 0 0 0 0 0 0 0 0 0 0 0 0 0 0 0 0 0 0 0 0 0 0 0 0 0 0 0 0 0 0 0 0 0 0 0 0 0 0 0 0 0 0 0 0 0 0 0 0 0 0 0 0 0 0 0 0 0 0 0 0 0 0 0 0 0 0 0 0 0 0 0 
Upper bound: 
401 401 401 401 401 401 401 401 401 401 401 401 401 401 401 401 401 401 401 401 401 401 401 401 401 401 401 401 401 401 401 401 401 401 401 401 401 401 401 401 401 401 401 401 401 401 401 401 401 401 401 401 401 401 401 401 401 401 401 401 401 401 401 401 401 401 401 401 401 401 401 401 401 401 401 401 401 401 401 401 401 401 401 401 401 401 401 401 401 401 401 401 401 401 401 401 401 401 401 401 401 401 401 401 401 401 401 401 401 401 401 401 401 401 401 401 401 401 401 401 401 401 401 401 401 401 401 401 401 401 401 401 401 401 401 401 401 401 401 401 401 401 401 401 401 401 401 401 401 401 401 401 401 401 401 401 401 401 401 401 401 401 401 401 401 401 401 401 401 401 401 401 401 401 401 401 401 401 401 401 401 401 401 401 401 401 401 401 401 401 401 401 401 401 401 401 401 401 401 401 401 401 401 401 401 401 401 401 401 401 401 401 401 401 401 401 401 401 401 401 401 401 401 401 401 401 401 401 401 401 401 401 401 401 401 401 401 401 401 401 401 401 401 401 401 401 401 401 401 401 401 401 401 401 401 401 401 401 401 401 401 401 401 401 401 401 401 401 401 401 401 401 401 401 401 401 401 401 401 401 401 401 401 401 401 401 401 401 401 401 401 401 401 401 401 401 401 401 401 401 401 401 401 401 401 401 401 401 401 401 401 401 401 401 401 401 401 401 401 401 401 401 401 401 401 401 401 401 401 401 401 401 401 401 401 401 401 401 401 401 401 401 401 401 401 401 401 401 401 401 401 401 401 401 401 401 401 401 401 401 401 401 401 401 401 401 401 401 401 401 401 401 401 401 401 401 401 401 401 401 401 401 401 401 401 401 401 401 401 401 401 401 401 401 401 401 401 401 401 401 401 401 
Weight factor: 0.8
Crossover rate: 0.9
Max iteration: 6000
Best solution: 
[304, 299, 0, 107, 224, 243, 148, 97, 223, 308, 360, 384, 184, 388, 22, 23, 160, 168, 91, 268, 292, 283, 391, 139, 314, 209, 204, 57, 167, 272, 339, 263, 111, 24, 74, 124, 129, 77, 46, 28, 180, 89, 149, 222, 303, 95, 6, 19, 331, 390, 357, 162, 93, 138, 221, 131, 164, 7, 71, 254, 361, 108, 76, 171, 187, 254, 83, 332, 249, 105, 356, 316, 99, 58, 3, 121, 84, 48, 343, 234, 376, 273, 338, 26, 20, 279, 202, 100, 216, 317, 346, 63, 245, 324, 64, 344, 152, 358, 186, 302, 337, 78, 326, 277, 106, 172, 253, 5, 16, 345, 123, 379, 349, 102, 98, 85, 312, 194, 169, 53, 296, 165, 150, 354, 110, 318, 61, 330, 47, 80, 363, 62, 271, 133, 311, 215, 136, 262, 191, 52, 236, 396, 190, 158, 381, 181, 183, 306, 113, 350, 188, 75, 244, 55, 298, 87, 200, 127, 132, 196, 352, 336, 11, 134, 41, 175, 104, 205, 163, 37, 375, 294, 329, 143, 342, 67, 114, 313, 213, 125, 135, 401, 75, 170, 399, 42, 228, 359, 333, 166, 146, 233, 206, 178, 179, 295, 203, 334, 374, 120, 86, 140, 201, 385, 116, 4, 72, 195, 239, 102, 153, 369, 25, 174, 387, 258, 15, 45, 51, 319, 397, 246, 235, 32, 351, 210, 227, 10, 66, 260, 141, 81, 380, 40, 269, 218, 293, 237, 377, 291, 386, 56, 214, 73, 21, 44, 230, 177, 355, 394, 321, 340, 35, 366, 143, 328, 17, 60, 33, 211, 1, 207, 251, 323, 241, 189, 382, 288, 395, 325, 286, 161, 199, 290, 300, 8, 27, 225, 88, 372, 327, 9, 122, 43, 256, 144, 400, 250, 232, 278, 368, 261, 92, 367, 280, 365, 310, 371, 192, 208, 252, 151, 335, 276, 383, 126, 82, 364, 13, 240, 270, 182, 322, 156, 14, 65, 154, 38, 39, 94, 130, 18, 2, 370, 348, 68, 198, 115, 118, 12, 226, 362, 305, 315, 257, 79, 197, 157, 109, 282, 219, 285, 34, 145, 220, 238, 69, 287, 231, 320, 274, 307, 137, 29, 297, 389, 155, 36, 353, 128, 267, 281, 217, 301, 147, 255, 112, 185, 393, 212, 248, 90, 398, 31, 49, 289, 242, 247, 259, 392, 309, 70, 341, 193, 275, 119, 173, 378, 347, 265, 284, 96, 117, 142, 264, 159, 30, 50, 266, 54, 229, 176, ]
Best fitness: 19.5115
SEED: 6208

Solution Bins: 
Bin Number: 73
8268 9743 8874 9620 6651 8083 5932 9636 8098 9356 9226 9900 6892 9871 6477 6161 9907 8596 8440 9830 8706 9269 9811 9180 9973 6377 5957 9045 8619 9753 7375 9833 9814 9953 9842 8520 9632 9990 9967 6754 9856 9216 8294 9021 9448 9830 5940 9739 9798 7582 9948 7528 7101 9931 9092 9124 9858 8948 8854 9197 7130 5767 9170 9927 9186 9406 9420 9909 9163 9488 9637 9983 6896 
Elapsed time: 195 s
----------------------------------------

Population size: 600
Problem dimension: 402
Lower bound: 
0 0 0 0 0 0 0 0 0 0 0 0 0 0 0 0 0 0 0 0 0 0 0 0 0 0 0 0 0 0 0 0 0 0 0 0 0 0 0 0 0 0 0 0 0 0 0 0 0 0 0 0 0 0 0 0 0 0 0 0 0 0 0 0 0 0 0 0 0 0 0 0 0 0 0 0 0 0 0 0 0 0 0 0 0 0 0 0 0 0 0 0 0 0 0 0 0 0 0 0 0 0 0 0 0 0 0 0 0 0 0 0 0 0 0 0 0 0 0 0 0 0 0 0 0 0 0 0 0 0 0 0 0 0 0 0 0 0 0 0 0 0 0 0 0 0 0 0 0 0 0 0 0 0 0 0 0 0 0 0 0 0 0 0 0 0 0 0 0 0 0 0 0 0 0 0 0 0 0 0 0 0 0 0 0 0 0 0 0 0 0 0 0 0 0 0 0 0 0 0 0 0 0 0 0 0 0 0 0 0 0 0 0 0 0 0 0 0 0 0 0 0 0 0 0 0 0 0 0 0 0 0 0 0 0 0 0 0 0 0 0 0 0 0 0 0 0 0 0 0 0 0 0 0 0 0 0 0 0 0 0 0 0 0 0 0 0 0 0 0 0 0 0 0 0 0 0 0 0 0 0 0 0 0 0 0 0 0 0 0 0 0 0 0 0 0 0 0 0 0 0 0 0 0 0 0 0 0 0 0 0 0 0 0 0 0 0 0 0 0 0 0 0 0 0 0 0 0 0 0 0 0 0 0 0 0 0 0 0 0 0 0 0 0 0 0 0 0 0 0 0 0 0 0 0 0 0 0 0 0 0 0 0 0 0 0 0 0 0 0 0 0 0 0 0 0 0 0 0 0 0 0 0 0 0 0 0 0 0 0 0 0 0 0 0 0 0 0 0 0 0 0 
Upper bound: 
401 401 401 401 401 401 401 401 401 401 401 401 401 401 401 401 401 401 401 401 401 401 401 401 401 401 401 401 401 401 401 401 401 401 401 401 401 401 401 401 401 401 401 401 401 401 401 401 401 401 401 401 401 401 401 401 401 401 401 401 401 401 401 401 401 401 401 401 401 401 401 401 401 401 401 401 401 401 401 401 401 401 401 401 401 401 401 401 401 401 401 401 401 401 401 401 401 401 401 401 401 401 401 401 401 401 401 401 401 401 401 401 401 401 401 401 401 401 401 401 401 401 401 401 401 401 401 401 401 401 401 401 401 401 401 401 401 401 401 401 401 401 401 401 401 401 401 401 401 401 401 401 401 401 401 401 401 401 401 401 401 401 401 401 401 401 401 401 401 401 401 401 401 401 401 401 401 401 401 401 401 401 401 401 401 401 401 401 401 401 401 401 401 401 401 401 401 401 401 401 401 401 401 401 401 401 401 401 401 401 401 401 401 401 401 401 401 401 401 401 401 401 401 401 401 401 401 401 401 401 401 401 401 401 401 401 401 401 401 401 401 401 401 401 401 401 401 401 401 401 401 401 401 401 401 401 401 401 401 401 401 401 401 401 401 401 401 401 401 401 401 401 401 401 401 401 401 401 401 401 401 401 401 401 401 401 401 401 401 401 401 401 401 401 401 401 401 401 401 401 401 401 401 401 401 401 401 401 401 401 401 401 401 401 401 401 401 401 401 401 401 401 401 401 401 401 401 401 401 401 401 401 401 401 401 401 401 401 401 401 401 401 401 401 401 401 401 401 401 401 401 401 401 401 401 401 401 401 401 401 401 401 401 401 401 401 401 401 401 401 401 401 401 401 401 401 401 401 401 401 401 401 401 401 401 401 401 401 401 401 401 401 401 401 401 401 401 401 401 401 401 401 
Weight factor: 0.8
Crossover rate: 0.9
Max iteration: 6000
Best solution: 
[5, 254, 177, 85, 323, 250, 23, 393, 360, 163, 79, 201, 52, 83, 320, 197, 203, 92, 71, 249, 230, 275, 220, 374, 48, 221, 282, 388, 21, 53, 15, 302, 266, 378, 365, 147, 186, 229, 285, 84, 385, 202, 112, 231, 123, 305, 336, 386, 299, 284, 27, 273, 262, 392, 269, 49, 194, 36, 110, 121, 329, 41, 8, 289, 178, 226, 7, 191, 366, 358, 398, 38, 204, 13, 185, 296, 380, 12, 198, 234, 276, 91, 219, 100, 348, 292, 62, 192, 253, 154, 115, 317, 158, 153, 387, 344, 242, 174, 31, 347, 80, 45, 322, 286, 108, 111, 145, 214, 144, 57, 141, 60, 350, 353, 33, 101, 356, 251, 237, 25, 325, 341, 95, 130, 136, 267, 343, 244, 208, 401, 362, 88, 318, 182, 265, 316, 189, 222, 232, 39, 138, 171, 179, 215, 61, 259, 106, 397, 184, 261, 90, 1, 195, 241, 125, 96, 128, 43, 187, 352, 176, 129, 9, 196, 217, 119, 157, 6, 300, 332, 16, 150, 42, 55, 165, 98, 281, 268, 381, 391, 308, 135, 324, 294, 143, 24, 193, 18, 264, 10, 81, 180, 270, 14, 133, 354, 32, 50, 207, 175, 65, 126, 122, 314, 162, 216, 311, 246, 342, 377, 103, 280, 168, 399, 315, 359, 107, 67, 3, 73, 82, 307, 183, 355, 120, 245, 364, 337, 0, 257, 87, 335, 116, 382, 243, 263, 368, 155, 28, 309, 228, 89, 310, 376, 369, 210, 134, 64, 75, 396, 77, 224, 371, 58, 390, 256, 181, 379, 56, 361, 235, 109, 173, 70, 328, 44, 132, 238, 99, 400, 240, 206, 223, 4, 47, 78, 278, 367, 225, 86, 363, 248, 375, 30, 233, 351, 334, 46, 117, 349, 159, 384, 149, 304, 22, 74, 345, 172, 34, 306, 76, 247, 118, 330, 140, 17, 94, 105, 114, 333, 102, 151, 271, 338, 72, 33, 211, 160, 389, 54, 152, 255, 236, 213, 303, 327, 287, 274, 383, 346, 167, 312, 146, 131, 37, 200, 209, 298, 279, 68, 227, 272, 156, 124, 113, 205, 69, 290, 142, 357, 11, 19, 127, 372, 93, 20, 97, 331, 283, 169, 212, 297, 35, 148, 59, 313, 2, 239, 66, 199, 288, 321, 373, 319, 395, 170, 40, 326, 190, 139, 161, 26, 340, 260, 188, 301, 166, 252, 394, 164, 277, 293, 295, 137, 63, 218, 339, 258, 104, 291, 370, 51, ]
Best fitness: 19.214
SEED: 14182

Solution Bins: 
Bin Number: 73
9133 9981 7435 8231 9785 7208 7941 9942 6677 9593 9263 9760 9395 9965 7145 8829 9819 8432 7056 8509 9001 6861 8835 9941 6102 7601 7984 8947 9078 7089 8933 9823 8180 8321 8589 7982 9898 8872 9136 7923 6770 7846 9465 8831 8623 6060 7131 9802 7989 9450 8925 7540 8973 9792 7918 7003 9810 9728 9307 9599 9588 9700 8061 7594 6850 9358 9349 9102 9394 8037 9561 9697 7592 
Elapsed time: 192 s
----------------------------------------

Population size: 600
Problem dimension: 402
Lower bound: 
0 0 0 0 0 0 0 0 0 0 0 0 0 0 0 0 0 0 0 0 0 0 0 0 0 0 0 0 0 0 0 0 0 0 0 0 0 0 0 0 0 0 0 0 0 0 0 0 0 0 0 0 0 0 0 0 0 0 0 0 0 0 0 0 0 0 0 0 0 0 0 0 0 0 0 0 0 0 0 0 0 0 0 0 0 0 0 0 0 0 0 0 0 0 0 0 0 0 0 0 0 0 0 0 0 0 0 0 0 0 0 0 0 0 0 0 0 0 0 0 0 0 0 0 0 0 0 0 0 0 0 0 0 0 0 0 0 0 0 0 0 0 0 0 0 0 0 0 0 0 0 0 0 0 0 0 0 0 0 0 0 0 0 0 0 0 0 0 0 0 0 0 0 0 0 0 0 0 0 0 0 0 0 0 0 0 0 0 0 0 0 0 0 0 0 0 0 0 0 0 0 0 0 0 0 0 0 0 0 0 0 0 0 0 0 0 0 0 0 0 0 0 0 0 0 0 0 0 0 0 0 0 0 0 0 0 0 0 0 0 0 0 0 0 0 0 0 0 0 0 0 0 0 0 0 0 0 0 0 0 0 0 0 0 0 0 0 0 0 0 0 0 0 0 0 0 0 0 0 0 0 0 0 0 0 0 0 0 0 0 0 0 0 0 0 0 0 0 0 0 0 0 0 0 0 0 0 0 0 0 0 0 0 0 0 0 0 0 0 0 0 0 0 0 0 0 0 0 0 0 0 0 0 0 0 0 0 0 0 0 0 0 0 0 0 0 0 0 0 0 0 0 0 0 0 0 0 0 0 0 0 0 0 0 0 0 0 0 0 0 0 0 0 0 0 0 0 0 0 0 0 0 0 0 0 0 0 0 0 0 0 0 0 0 0 0 0 0 0 0 0 0 
Upper bound: 
401 401 401 401 401 401 401 401 401 401 401 401 401 401 401 401 401 401 401 401 401 401 401 401 401 401 401 401 401 401 401 401 401 401 401 401 401 401 401 401 401 401 401 401 401 401 401 401 401 401 401 401 401 401 401 401 401 401 401 401 401 401 401 401 401 401 401 401 401 401 401 401 401 401 401 401 401 401 401 401 401 401 401 401 401 401 401 401 401 401 401 401 401 401 401 401 401 401 401 401 401 401 401 401 401 401 401 401 401 401 401 401 401 401 401 401 401 401 401 401 401 401 401 401 401 401 401 401 401 401 401 401 401 401 401 401 401 401 401 401 401 401 401 401 401 401 401 401 401 401 401 401 401 401 401 401 401 401 401 401 401 401 401 401 401 401 401 401 401 401 401 401 401 401 401 401 401 401 401 401 401 401 401 401 401 401 401 401 401 401 401 401 401 401 401 401 401 401 401 401 401 401 401 401 401 401 401 401 401 401 401 401 401 401 401 401 401 401 401 401 401 401 401 401 401 401 401 401 401 401 401 401 401 401 401 401 401 401 401 401 401 401 401 401 401 401 401 401 401 401 401 401 401 401 401 401 401 401 401 401 401 401 401 401 401 401 401 401 401 401 401 401 401 401 401 401 401 401 401 401 401 401 401 401 401 401 401 401 401 401 401 401 401 401 401 401 401 401 401 401 401 401 401 401 401 401 401 401 401 401 401 401 401 401 401 401 401 401 401 401 401 401 401 401 401 401 401 401 401 401 401 401 401 401 401 401 401 401 401 401 401 401 401 401 401 401 401 401 401 401 401 401 401 401 401 401 401 401 401 401 401 401 401 401 401 401 401 401 401 401 401 401 401 401 401 401 401 401 401 401 401 401 401 401 401 401 401 401 401 401 401 401 401 401 401 401 401 401 401 401 401 401 
Weight factor: 0.8
Crossover rate: 0.9
Max iteration: 6000
Best solution: 
[245, 112, 162, 165, 46, 209, 168, 8, 376, 132, 215, 270, 172, 197, 163, 145, 313, 109, 275, 395, 387, 307, 348, 340, 245, 251, 158, 240, 131, 19, 11, 323, 175, 337, 232, 21, 142, 335, 381, 379, 35, 254, 124, 363, 304, 154, 181, 75, 64, 267, 139, 53, 130, 224, 214, 128, 344, 308, 22, 389, 25, 358, 284, 156, 314, 92, 105, 401, 65, 357, 400, 26, 82, 151, 228, 81, 147, 39, 176, 186, 256, 354, 398, 73, 306, 268, 319, 388, 157, 324, 222, 391, 236, 347, 180, 116, 120, 41, 219, 36, 103, 329, 42, 212, 352, 61, 230, 262, 276, 106, 148, 136, 346, 126, 204, 207, 44, 152, 183, 97, 122, 356, 55, 84, 174, 390, 68, 102, 164, 366, 317, 58, 327, 299, 213, 20, 127, 263, 261, 297, 341, 359, 45, 325, 48, 138, 155, 334, 153, 33, 23, 278, 196, 243, 355, 110, 320, 380, 190, 260, 377, 70, 24, 269, 322, 144, 257, 118, 77, 293, 57, 311, 362, 177, 285, 59, 353, 51, 167, 62, 54, 7, 336, 1, 301, 396, 345, 161, 37, 202, 32, 343, 206, 231, 149, 49, 248, 169, 141, 107, 134, 88, 135, 399, 83, 52, 136, 104, 191, 96, 282, 273, 185, 167, 150, 166, 123, 94, 205, 170, 250, 296, 201, 233, 143, 316, 384, 89, 338, 184, 290, 286, 31, 194, 315, 34, 43, 374, 386, 182, 258, 283, 216, 87, 178, 287, 244, 72, 272, 360, 373, 5, 119, 249, 378, 371, 331, 29, 300, 252, 14, 121, 294, 101, 18, 239, 361, 330, 217, 369, 266, 79, 292, 289, 368, 2, 226, 246, 171, 40, 66, 309, 17, 392, 259, 281, 179, 99, 342, 255, 208, 188, 253, 365, 98, 350, 69, 375, 27, 192, 370, 146, 279, 195, 160, 78, 189, 351, 298, 364, 93, 382, 211, 159, 394, 115, 173, 291, 312, 85, 303, 235, 76, 129, 108, 198, 4, 200, 372, 288, 397, 114, 238, 231, 38, 60, 225, 321, 305, 265, 13, 30, 204, 274, 318, 140, 133, 16, 280, 264, 203, 63, 326, 332, 242, 10, 220, 223, 71, 237, 113, 210, 91, 295, 333, 187, 247, 137, 302, 349, 56, 310, 393, 67, 15, 227, 28, 339, 383, 234, 328, 218, 12, 0, 111, 3, 229, 241, 100, 271, 277, 47, 6, 367, 199, 125, 117, 90, 86, 74, 221, 193, ]
Best fitness: 19.2957
SEED: 14146

Solution Bins: 
Bin Number: 71
9493 9892 9886 9958 9745 9769 8676 9708 9852 6716 8746 6360 9275 9056 9796 8507 7422 5307 9596 9794 9998 9664 7542 7510 8323 8730 8220 9411 8646 8704 9172 8352 6198 9790 9984 8974 8111 8953 9538 9007 9577 9930 8976 9392 8480 7668 8969 9777 9907 9970 9848 9894 8182 9838 9712 9366 9906 8262 8382 8517 9862 9249 8875 9573 7168 7644 9214 4686 8128 8136 9919 
Elapsed time: 196 s
----------------------------------------

Population size: 600
Problem dimension: 402
Lower bound: 
0 0 0 0 0 0 0 0 0 0 0 0 0 0 0 0 0 0 0 0 0 0 0 0 0 0 0 0 0 0 0 0 0 0 0 0 0 0 0 0 0 0 0 0 0 0 0 0 0 0 0 0 0 0 0 0 0 0 0 0 0 0 0 0 0 0 0 0 0 0 0 0 0 0 0 0 0 0 0 0 0 0 0 0 0 0 0 0 0 0 0 0 0 0 0 0 0 0 0 0 0 0 0 0 0 0 0 0 0 0 0 0 0 0 0 0 0 0 0 0 0 0 0 0 0 0 0 0 0 0 0 0 0 0 0 0 0 0 0 0 0 0 0 0 0 0 0 0 0 0 0 0 0 0 0 0 0 0 0 0 0 0 0 0 0 0 0 0 0 0 0 0 0 0 0 0 0 0 0 0 0 0 0 0 0 0 0 0 0 0 0 0 0 0 0 0 0 0 0 0 0 0 0 0 0 0 0 0 0 0 0 0 0 0 0 0 0 0 0 0 0 0 0 0 0 0 0 0 0 0 0 0 0 0 0 0 0 0 0 0 0 0 0 0 0 0 0 0 0 0 0 0 0 0 0 0 0 0 0 0 0 0 0 0 0 0 0 0 0 0 0 0 0 0 0 0 0 0 0 0 0 0 0 0 0 0 0 0 0 0 0 0 0 0 0 0 0 0 0 0 0 0 0 0 0 0 0 0 0 0 0 0 0 0 0 0 0 0 0 0 0 0 0 0 0 0 0 0 0 0 0 0 0 0 0 0 0 0 0 0 0 0 0 0 0 0 0 0 0 0 0 0 0 0 0 0 0 0 0 0 0 0 0 0 0 0 0 0 0 0 0 0 0 0 0 0 0 0 0 0 0 0 0 0 0 0 0 0 0 0 0 0 0 0 0 0 0 0 0 0 0 0 
Upper bound: 
401 401 401 401 401 401 401 401 401 401 401 401 401 401 401 401 401 401 401 401 401 401 401 401 401 401 401 401 401 401 401 401 401 401 401 401 401 401 401 401 401 401 401 401 401 401 401 401 401 401 401 401 401 401 401 401 401 401 401 401 401 401 401 401 401 401 401 401 401 401 401 401 401 401 401 401 401 401 401 401 401 401 401 401 401 401 401 401 401 401 401 401 401 401 401 401 401 401 401 401 401 401 401 401 401 401 401 401 401 401 401 401 401 401 401 401 401 401 401 401 401 401 401 401 401 401 401 401 401 401 401 401 401 401 401 401 401 401 401 401 401 401 401 401 401 401 401 401 401 401 401 401 401 401 401 401 401 401 401 401 401 401 401 401 401 401 401 401 401 401 401 401 401 401 401 401 401 401 401 401 401 401 401 401 401 401 401 401 401 401 401 401 401 401 401 401 401 401 401 401 401 401 401 401 401 401 401 401 401 401 401 401 401 401 401 401 401 401 401 401 401 401 401 401 401 401 401 401 401 401 401 401 401 401 401 401 401 401 401 401 401 401 401 401 401 401 401 401 401 401 401 401 401 401 401 401 401 401 401 401 401 401 401 401 401 401 401 401 401 401 401 401 401 401 401 401 401 401 401 401 401 401 401 401 401 401 401 401 401 401 401 401 401 401 401 401 401 401 401 401 401 401 401 401 401 401 401 401 401 401 401 401 401 401 401 401 401 401 401 401 401 401 401 401 401 401 401 401 401 401 401 401 401 401 401 401 401 401 401 401 401 401 401 401 401 401 401 401 401 401 401 401 401 401 401 401 401 401 401 401 401 401 401 401 401 401 401 401 401 401 401 401 401 401 401 401 401 401 401 401 401 401 401 401 401 401 401 401 401 401 401 401 401 401 401 401 401 401 401 401 401 401 
Weight factor: 0.8
Crossover rate: 0.9
Max iteration: 6000
Best solution: 
[319, 209, 321, 78, 290, 214, 129, 80, 133, 233, 91, 300, 211, 318, 298, 153, 133, 229, 273, 304, 175, 325, 140, 35, 254, 41, 106, 84, 344, 313, 338, 398, 176, 228, 381, 114, 85, 201, 93, 120, 162, 147, 4, 386, 45, 288, 200, 245, 203, 179, 262, 30, 108, 169, 9, 346, 258, 375, 115, 302, 144, 399, 25, 345, 224, 181, 69, 165, 112, 185, 391, 333, 87, 59, 158, 107, 309, 43, 395, 189, 266, 232, 29, 315, 249, 301, 127, 274, 382, 225, 62, 54, 198, 366, 157, 51, 170, 261, 99, 192, 227, 195, 340, 293, 184, 336, 75, 76, 17, 339, 138, 360, 252, 19, 335, 15, 330, 124, 116, 328, 88, 241, 38, 267, 10, 57, 205, 385, 312, 305, 226, 46, 56, 260, 74, 271, 280, 356, 186, 373, 2, 397, 94, 306, 177, 359, 364, 13, 396, 322, 32, 83, 145, 7, 299, 380, 352, 317, 5, 172, 354, 320, 231, 6, 146, 400, 217, 213, 291, 100, 159, 223, 61, 70, 143, 63, 113, 363, 103, 259, 265, 82, 303, 387, 92, 199, 348, 263, 77, 168, 277, 52, 174, 97, 150, 55, 297, 23, 302, 125, 342, 351, 264, 370, 163, 190, 283, 393, 310, 126, 243, 161, 44, 109, 48, 250, 308, 388, 376, 289, 275, 22, 141, 98, 16, 215, 42, 122, 389, 358, 187, 66, 343, 349, 222, 128, 287, 117, 350, 331, 121, 377, 355, 183, 253, 316, 191, 12, 277, 31, 329, 3, 60, 212, 276, 207, 105, 210, 33, 248, 368, 68, 139, 86, 204, 372, 383, 234, 95, 166, 295, 188, 111, 160, 353, 369, 219, 384, 24, 152, 379, 374, 272, 130, 149, 90, 71, 193, 154, 53, 294, 292, 156, 244, 362, 221, 323, 136, 247, 148, 236, 64, 67, 390, 110, 119, 268, 37, 39, 197, 14, 20, 171, 8, 238, 285, 239, 101, 286, 269, 182, 49, 237, 327, 36, 118, 178, 58, 256, 246, 135, 1, 151, 81, 137, 334, 96, 0, 202, 307, 357, 220, 378, 11, 257, 142, 279, 79, 255, 251, 167, 394, 281, 314, 72, 365, 311, 89, 173, 50, 371, 392, 28, 102, 155, 230, 26, 235, 332, 218, 401, 242, 367, 21, 104, 134, 34, 326, 194, 196, 132, 208, 180, 164, 347, 40, 206, 324, 282, 341, 73, 337, 191, 123, 179, 27, 270, 361, 284, 18, 240, 216, ]
Best fitness: 18.7092
SEED: 3705

Solution Bins: 
Bin Number: 73
9016 9950 9716 9665 6379 9295 6880 9001 8954 8771 9645 9956 9560 7430 7538 9869 5836 9919 9040 9627 9970 7583 9089 7882 9122 6878 9812 9350 8474 9980 9492 9845 8777 9777 6878 9880 7954 9173 9903 9265 8674 8079 7431 9249 9803 9597 7018 8903 9989 9748 9791 9776 9752 9320 6944 9864 7688 8379 9965 7557 9327 9314 8674 9550 9867 9268 8294 8397 9781 9848 9551 9651 9396 
Elapsed time: 194 s
----------------------------------------

Population size: 600
Problem dimension: 402
Lower bound: 
0 0 0 0 0 0 0 0 0 0 0 0 0 0 0 0 0 0 0 0 0 0 0 0 0 0 0 0 0 0 0 0 0 0 0 0 0 0 0 0 0 0 0 0 0 0 0 0 0 0 0 0 0 0 0 0 0 0 0 0 0 0 0 0 0 0 0 0 0 0 0 0 0 0 0 0 0 0 0 0 0 0 0 0 0 0 0 0 0 0 0 0 0 0 0 0 0 0 0 0 0 0 0 0 0 0 0 0 0 0 0 0 0 0 0 0 0 0 0 0 0 0 0 0 0 0 0 0 0 0 0 0 0 0 0 0 0 0 0 0 0 0 0 0 0 0 0 0 0 0 0 0 0 0 0 0 0 0 0 0 0 0 0 0 0 0 0 0 0 0 0 0 0 0 0 0 0 0 0 0 0 0 0 0 0 0 0 0 0 0 0 0 0 0 0 0 0 0 0 0 0 0 0 0 0 0 0 0 0 0 0 0 0 0 0 0 0 0 0 0 0 0 0 0 0 0 0 0 0 0 0 0 0 0 0 0 0 0 0 0 0 0 0 0 0 0 0 0 0 0 0 0 0 0 0 0 0 0 0 0 0 0 0 0 0 0 0 0 0 0 0 0 0 0 0 0 0 0 0 0 0 0 0 0 0 0 0 0 0 0 0 0 0 0 0 0 0 0 0 0 0 0 0 0 0 0 0 0 0 0 0 0 0 0 0 0 0 0 0 0 0 0 0 0 0 0 0 0 0 0 0 0 0 0 0 0 0 0 0 0 0 0 0 0 0 0 0 0 0 0 0 0 0 0 0 0 0 0 0 0 0 0 0 0 0 0 0 0 0 0 0 0 0 0 0 0 0 0 0 0 0 0 0 0 0 0 0 0 0 0 0 0 0 0 0 0 0 0 0 0 0 0 
Upper bound: 
401 401 401 401 401 401 401 401 401 401 401 401 401 401 401 401 401 401 401 401 401 401 401 401 401 401 401 401 401 401 401 401 401 401 401 401 401 401 401 401 401 401 401 401 401 401 401 401 401 401 401 401 401 401 401 401 401 401 401 401 401 401 401 401 401 401 401 401 401 401 401 401 401 401 401 401 401 401 401 401 401 401 401 401 401 401 401 401 401 401 401 401 401 401 401 401 401 401 401 401 401 401 401 401 401 401 401 401 401 401 401 401 401 401 401 401 401 401 401 401 401 401 401 401 401 401 401 401 401 401 401 401 401 401 401 401 401 401 401 401 401 401 401 401 401 401 401 401 401 401 401 401 401 401 401 401 401 401 401 401 401 401 401 401 401 401 401 401 401 401 401 401 401 401 401 401 401 401 401 401 401 401 401 401 401 401 401 401 401 401 401 401 401 401 401 401 401 401 401 401 401 401 401 401 401 401 401 401 401 401 401 401 401 401 401 401 401 401 401 401 401 401 401 401 401 401 401 401 401 401 401 401 401 401 401 401 401 401 401 401 401 401 401 401 401 401 401 401 401 401 401 401 401 401 401 401 401 401 401 401 401 401 401 401 401 401 401 401 401 401 401 401 401 401 401 401 401 401 401 401 401 401 401 401 401 401 401 401 401 401 401 401 401 401 401 401 401 401 401 401 401 401 401 401 401 401 401 401 401 401 401 401 401 401 401 401 401 401 401 401 401 401 401 401 401 401 401 401 401 401 401 401 401 401 401 401 401 401 401 401 401 401 401 401 401 401 401 401 401 401 401 401 401 401 401 401 401 401 401 401 401 401 401 401 401 401 401 401 401 401 401 401 401 401 401 401 401 401 401 401 401 401 401 401 401 401 401 401 401 401 401 401 401 401 401 401 401 401 401 401 401 401 
Weight factor: 0.8
Crossover rate: 0.9
Max iteration: 6000
Best solution: 
[3, 147, 13, 304, 214, 192, 341, 69, 327, 342, 355, 29, 234, 248, 180, 59, 294, 268, 330, 396, 399, 144, 16, 323, 92, 316, 276, 51, 62, 141, 329, 189, 75, 287, 175, 169, 358, 197, 159, 273, 384, 397, 266, 152, 322, 382, 227, 84, 218, 172, 372, 309, 72, 378, 215, 124, 83, 101, 228, 275, 74, 345, 161, 362, 108, 34, 250, 165, 351, 46, 361, 277, 231, 53, 301, 94, 164, 48, 319, 73, 80, 156, 253, 96, 325, 89, 357, 151, 306, 259, 134, 207, 177, 15, 291, 352, 245, 289, 87, 174, 380, 247, 150, 364, 258, 68, 350, 79, 286, 194, 269, 395, 386, 190, 370, 85, 310, 98, 115, 398, 137, 37, 200, 209, 314, 38, 297, 35, 360, 65, 246, 23, 138, 263, 385, 44, 170, 222, 349, 334, 328, 100, 387, 400, 295, 201, 187, 312, 82, 57, 167, 142, 133, 256, 71, 296, 123, 88, 143, 81, 0, 366, 275, 26, 243, 375, 178, 60, 61, 188, 186, 56, 216, 103, 196, 249, 140, 238, 24, 391, 308, 181, 66, 280, 320, 236, 374, 97, 90, 12, 114, 10, 394, 113, 155, 50, 204, 390, 359, 203, 47, 154, 173, 41, 158, 63, 76, 195, 348, 225, 202, 233, 106, 379, 128, 254, 129, 336, 119, 244, 130, 279, 70, 344, 221, 31, 160, 6, 180, 389, 226, 14, 284, 241, 149, 210, 55, 42, 278, 78, 282, 166, 293, 283, 392, 324, 285, 4, 274, 271, 363, 343, 223, 371, 111, 43, 252, 127, 208, 298, 99, 131, 163, 191, 64, 270, 369, 86, 182, 339, 95, 262, 117, 401, 205, 136, 300, 331, 18, 146, 257, 242, 120, 267, 376, 132, 381, 93, 121, 318, 347, 179, 184, 292, 219, 290, 311, 299, 118, 346, 368, 212, 356, 30, 211, 230, 25, 206, 91, 126, 59, 36, 109, 102, 139, 251, 183, 237, 39, 264, 148, 17, 393, 272, 40, 7, 235, 239, 77, 153, 107, 5, 162, 373, 265, 122, 193, 232, 104, 255, 17, 365, 302, 213, 315, 1, 154, 240, 19, 171, 217, 229, 307, 20, 22, 303, 326, 337, 335, 67, 176, 54, 333, 199, 11, 367, 32, 261, 125, 112, 260, 49, 353, 338, 198, 388, 305, 27, 224, 9, 145, 340, 58, 135, 377, 281, 157, 288, 21, 321, 45, 313, 354, 105, 110, 168, 332, 116, 220, 317, 2, 185, ]
Best fitness: 19.059
SEED: 30815

Solution Bins: 
Bin Number: 76
9430 9655 9843 9830 6332 9192 9919 8786 9396 9896 9945 9408 8215 8593 8838 9566 9859 9476 7098 9868 9841 9096 7009 7372 9959 9219 8092 9935 9770 5778 9869 9033 8218 9454 7068 6658 6814 9962 9958 8634 9599 9643 9635 9882 9833 9916 9846 9926 7108 6726 9494 7599 9772 9304 9315 9698 6356 9764 9938 9890 9578 9982 8461 7421 9348 9255 9902 8944 8728 8316 9935 9694 9127 9946 6832 6940 
Elapsed time: 195 s
----------------------------------------

Population size: 600
Problem dimension: 402
Lower bound: 
0 0 0 0 0 0 0 0 0 0 0 0 0 0 0 0 0 0 0 0 0 0 0 0 0 0 0 0 0 0 0 0 0 0 0 0 0 0 0 0 0 0 0 0 0 0 0 0 0 0 0 0 0 0 0 0 0 0 0 0 0 0 0 0 0 0 0 0 0 0 0 0 0 0 0 0 0 0 0 0 0 0 0 0 0 0 0 0 0 0 0 0 0 0 0 0 0 0 0 0 0 0 0 0 0 0 0 0 0 0 0 0 0 0 0 0 0 0 0 0 0 0 0 0 0 0 0 0 0 0 0 0 0 0 0 0 0 0 0 0 0 0 0 0 0 0 0 0 0 0 0 0 0 0 0 0 0 0 0 0 0 0 0 0 0 0 0 0 0 0 0 0 0 0 0 0 0 0 0 0 0 0 0 0 0 0 0 0 0 0 0 0 0 0 0 0 0 0 0 0 0 0 0 0 0 0 0 0 0 0 0 0 0 0 0 0 0 0 0 0 0 0 0 0 0 0 0 0 0 0 0 0 0 0 0 0 0 0 0 0 0 0 0 0 0 0 0 0 0 0 0 0 0 0 0 0 0 0 0 0 0 0 0 0 0 0 0 0 0 0 0 0 0 0 0 0 0 0 0 0 0 0 0 0 0 0 0 0 0 0 0 0 0 0 0 0 0 0 0 0 0 0 0 0 0 0 0 0 0 0 0 0 0 0 0 0 0 0 0 0 0 0 0 0 0 0 0 0 0 0 0 0 0 0 0 0 0 0 0 0 0 0 0 0 0 0 0 0 0 0 0 0 0 0 0 0 0 0 0 0 0 0 0 0 0 0 0 0 0 0 0 0 0 0 0 0 0 0 0 0 0 0 0 0 0 0 0 0 0 0 0 0 0 0 0 0 0 0 0 0 0 0 
Upper bound: 
401 401 401 401 401 401 401 401 401 401 401 401 401 401 401 401 401 401 401 401 401 401 401 401 401 401 401 401 401 401 401 401 401 401 401 401 401 401 401 401 401 401 401 401 401 401 401 401 401 401 401 401 401 401 401 401 401 401 401 401 401 401 401 401 401 401 401 401 401 401 401 401 401 401 401 401 401 401 401 401 401 401 401 401 401 401 401 401 401 401 401 401 401 401 401 401 401 401 401 401 401 401 401 401 401 401 401 401 401 401 401 401 401 401 401 401 401 401 401 401 401 401 401 401 401 401 401 401 401 401 401 401 401 401 401 401 401 401 401 401 401 401 401 401 401 401 401 401 401 401 401 401 401 401 401 401 401 401 401 401 401 401 401 401 401 401 401 401 401 401 401 401 401 401 401 401 401 401 401 401 401 401 401 401 401 401 401 401 401 401 401 401 401 401 401 401 401 401 401 401 401 401 401 401 401 401 401 401 401 401 401 401 401 401 401 401 401 401 401 401 401 401 401 401 401 401 401 401 401 401 401 401 401 401 401 401 401 401 401 401 401 401 401 401 401 401 401 401 401 401 401 401 401 401 401 401 401 401 401 401 401 401 401 401 401 401 401 401 401 401 401 401 401 401 401 401 401 401 401 401 401 401 401 401 401 401 401 401 401 401 401 401 401 401 401 401 401 401 401 401 401 401 401 401 401 401 401 401 401 401 401 401 401 401 401 401 401 401 401 401 401 401 401 401 401 401 401 401 401 401 401 401 401 401 401 401 401 401 401 401 401 401 401 401 401 401 401 401 401 401 401 401 401 401 401 401 401 401 401 401 401 401 401 401 401 401 401 401 401 401 401 401 401 401 401 401 401 401 401 401 401 401 401 401 401 401 401 401 401 401 401 401 401 401 401 401 401 401 401 401 401 401 
Weight factor: 0.8
Crossover rate: 0.9
Max iteration: 6000
Best solution: 
[396, 0, 342, 129, 177, 292, 286, 33, 148, 70, 227, 183, 356, 303, 1, 108, 293, 237, 305, 362, 223, 135, 260, 82, 257, 114, 29, 290, 235, 204, 317, 266, 124, 179, 294, 215, 5, 110, 91, 121, 251, 373, 28, 354, 338, 62, 393, 361, 13, 154, 308, 377, 351, 86, 92, 22, 146, 300, 66, 366, 186, 151, 263, 287, 137, 162, 306, 340, 90, 220, 142, 203, 42, 211, 331, 285, 324, 81, 368, 312, 349, 168, 345, 55, 130, 149, 344, 41, 184, 274, 79, 372, 175, 376, 98, 117, 111, 271, 2, 133, 336, 78, 8, 289, 253, 217, 96, 161, 333, 85, 283, 299, 185, 159, 94, 101, 222, 27, 213, 239, 64, 59, 172, 232, 166, 93, 230, 136, 131, 87, 144, 75, 279, 21, 99, 272, 9, 375, 170, 288, 332, 102, 164, 245, 122, 231, 214, 394, 275, 51, 202, 353, 52, 212, 358, 194, 256, 46, 147, 30, 143, 24, 6, 246, 297, 216, 197, 58, 123, 200, 198, 383, 252, 57, 43, 132, 357, 359, 119, 241, 311, 309, 276, 134, 341, 265, 72, 152, 277, 187, 224, 364, 334, 319, 261, 395, 97, 228, 379, 7, 44, 316, 35, 314, 23, 221, 248, 161, 355, 388, 189, 337, 125, 60, 68, 49, 45, 47, 174, 242, 18, 310, 226, 322, 321, 25, 371, 155, 307, 107, 191, 32, 398, 169, 326, 225, 363, 100, 150, 278, 84, 229, 329, 401, 315, 109, 69, 360, 385, 17, 234, 236, 11, 390, 145, 209, 112, 26, 281, 343, 83, 176, 120, 128, 304, 156, 323, 157, 325, 348, 48, 210, 158, 181, 267, 313, 163, 389, 296, 244, 350, 346, 89, 165, 238, 352, 380, 386, 71, 36, 365, 118, 39, 370, 247, 269, 400, 301, 56, 116, 268, 320, 384, 10, 180, 38, 295, 335, 199, 298, 201, 387, 382, 61, 397, 50, 302, 127, 95, 126, 381, 233, 280, 258, 106, 88, 160, 330, 339, 153, 347, 273, 243, 318, 208, 196, 67, 167, 142, 103, 14, 73, 16, 219, 53, 193, 19, 178, 4, 31, 328, 327, 20, 54, 76, 80, 218, 188, 284, 249, 259, 171, 207, 192, 264, 392, 206, 378, 15, 40, 255, 34, 195, 10, 367, 37, 291, 140, 65, 115, 105, 250, 141, 369, 74, 254, 3, 12, 182, 205, 270, 282, 113, 190, 262, 173, 391, 240, 139, 77, 374, 138, ]
Best fitness: 19.3909
SEED: 20538

Solution Bins: 
Bin Number: 74
7882 8976 9072 7644 7187 9895 9826 9771 7090 9864 5660 9664 8417 9935 8420 8975 9184 8326 9658 9313 9854 9923 9497 8858 9513 8367 7110 9917 9711 8916 9724 9349 9712 9588 9461 9959 9732 6862 7031 9789 6015 6342 9459 9943 9806 9453 6390 8703 8628 8102 9405 9690 9313 4486 8186 9302 9988 9543 7255 9391 9786 5940 8591 8396 7094 5879 9488 6793 8500 9961 9458 9666 9387 9831 
Elapsed time: 196 s
----------------------------------------

Population size: 600
Problem dimension: 402
Lower bound: 
0 0 0 0 0 0 0 0 0 0 0 0 0 0 0 0 0 0 0 0 0 0 0 0 0 0 0 0 0 0 0 0 0 0 0 0 0 0 0 0 0 0 0 0 0 0 0 0 0 0 0 0 0 0 0 0 0 0 0 0 0 0 0 0 0 0 0 0 0 0 0 0 0 0 0 0 0 0 0 0 0 0 0 0 0 0 0 0 0 0 0 0 0 0 0 0 0 0 0 0 0 0 0 0 0 0 0 0 0 0 0 0 0 0 0 0 0 0 0 0 0 0 0 0 0 0 0 0 0 0 0 0 0 0 0 0 0 0 0 0 0 0 0 0 0 0 0 0 0 0 0 0 0 0 0 0 0 0 0 0 0 0 0 0 0 0 0 0 0 0 0 0 0 0 0 0 0 0 0 0 0 0 0 0 0 0 0 0 0 0 0 0 0 0 0 0 0 0 0 0 0 0 0 0 0 0 0 0 0 0 0 0 0 0 0 0 0 0 0 0 0 0 0 0 0 0 0 0 0 0 0 0 0 0 0 0 0 0 0 0 0 0 0 0 0 0 0 0 0 0 0 0 0 0 0 0 0 0 0 0 0 0 0 0 0 0 0 0 0 0 0 0 0 0 0 0 0 0 0 0 0 0 0 0 0 0 0 0 0 0 0 0 0 0 0 0 0 0 0 0 0 0 0 0 0 0 0 0 0 0 0 0 0 0 0 0 0 0 0 0 0 0 0 0 0 0 0 0 0 0 0 0 0 0 0 0 0 0 0 0 0 0 0 0 0 0 0 0 0 0 0 0 0 0 0 0 0 0 0 0 0 0 0 0 0 0 0 0 0 0 0 0 0 0 0 0 0 0 0 0 0 0 0 0 0 0 0 0 0 0 0 0 0 0 0 0 0 0 0 0 0 0 
Upper bound: 
401 401 401 401 401 401 401 401 401 401 401 401 401 401 401 401 401 401 401 401 401 401 401 401 401 401 401 401 401 401 401 401 401 401 401 401 401 401 401 401 401 401 401 401 401 401 401 401 401 401 401 401 401 401 401 401 401 401 401 401 401 401 401 401 401 401 401 401 401 401 401 401 401 401 401 401 401 401 401 401 401 401 401 401 401 401 401 401 401 401 401 401 401 401 401 401 401 401 401 401 401 401 401 401 401 401 401 401 401 401 401 401 401 401 401 401 401 401 401 401 401 401 401 401 401 401 401 401 401 401 401 401 401 401 401 401 401 401 401 401 401 401 401 401 401 401 401 401 401 401 401 401 401 401 401 401 401 401 401 401 401 401 401 401 401 401 401 401 401 401 401 401 401 401 401 401 401 401 401 401 401 401 401 401 401 401 401 401 401 401 401 401 401 401 401 401 401 401 401 401 401 401 401 401 401 401 401 401 401 401 401 401 401 401 401 401 401 401 401 401 401 401 401 401 401 401 401 401 401 401 401 401 401 401 401 401 401 401 401 401 401 401 401 401 401 401 401 401 401 401 401 401 401 401 401 401 401 401 401 401 401 401 401 401 401 401 401 401 401 401 401 401 401 401 401 401 401 401 401 401 401 401 401 401 401 401 401 401 401 401 401 401 401 401 401 401 401 401 401 401 401 401 401 401 401 401 401 401 401 401 401 401 401 401 401 401 401 401 401 401 401 401 401 401 401 401 401 401 401 401 401 401 401 401 401 401 401 401 401 401 401 401 401 401 401 401 401 401 401 401 401 401 401 401 401 401 401 401 401 401 401 401 401 401 401 401 401 401 401 401 401 401 401 401 401 401 401 401 401 401 401 401 401 401 401 401 401 401 401 401 401 401 401 401 401 401 401 401 401 401 401 401 
Weight factor: 0.8
Crossover rate: 0.9
Max iteration: 6000
Best solution: 
[12, 304, 171, 271, 32, 101, 387, 335, 124, 309, 71, 160, 321, 202, 362, 292, 102, 204, 36, 191, 119, 14, 396, 352, 259, 152, 159, 41, 254, 340, 92, 312, 328, 398, 400, 360, 399, 172, 13, 144, 81, 122, 388, 386, 377, 278, 207, 344, 389, 317, 273, 29, 346, 132, 28, 326, 351, 5, 11, 247, 341, 161, 228, 135, 108, 372, 368, 371, 322, 221, 214, 291, 248, 20, 49, 60, 337, 370, 167, 287, 316, 279, 369, 311, 374, 73, 296, 25, 327, 123, 136, 205, 318, 266, 394, 258, 289, 192, 77, 62, 306, 117, 179, 325, 252, 262, 281, 189, 288, 169, 208, 145, 183, 277, 163, 121, 116, 94, 27, 72, 294, 133, 40, 260, 80, 348, 150, 52, 147, 104, 7, 118, 91, 283, 363, 19, 158, 334, 266, 99, 225, 218, 282, 347, 174, 98, 55, 275, 182, 269, 274, 177, 164, 181, 88, 194, 397, 338, 395, 17, 188, 87, 139, 213, 303, 253, 238, 142, 220, 235, 354, 219, 61, 230, 280, 227, 242, 126, 96, 34, 324, 76, 151, 138, 198, 103, 109, 199, 70, 107, 75, 336, 385, 250, 270, 3, 246, 100, 125, 141, 148, 47, 390, 245, 210, 2, 310, 355, 320, 384, 162, 224, 165, 392, 233, 85, 350, 302, 59, 146, 95, 211, 332, 79, 162, 43, 383, 229, 196, 97, 111, 343, 286, 46, 298, 16, 78, 301, 226, 203, 10, 9, 170, 237, 231, 153, 45, 234, 315, 64, 22, 255, 222, 176, 339, 251, 376, 31, 333, 180, 84, 129, 308, 323, 154, 83, 297, 149, 401, 35, 86, 268, 89, 239, 38, 184, 356, 249, 23, 4, 66, 373, 263, 261, 190, 50, 256, 342, 365, 361, 166, 267, 93, 393, 90, 37, 216, 30, 284, 74, 155, 300, 241, 243, 293, 106, 206, 157, 380, 195, 56, 126, 236, 105, 110, 82, 276, 223, 128, 331, 134, 295, 173, 42, 137, 51, 130, 305, 133, 185, 232, 115, 378, 364, 244, 186, 265, 8, 357, 329, 156, 63, 313, 314, 330, 58, 156, 319, 112, 57, 345, 0, 290, 353, 26, 215, 201, 272, 264, 127, 197, 299, 257, 53, 200, 15, 382, 202, 18, 366, 367, 39, 209, 168, 349, 240, 143, 114, 285, 193, 33, 212, 48, 44, 1, 381, 178, 68, 187, 69, 307, 21, 175, 113, 140, 391, 6, 358, 54, 379, 217, 359, ]
Best fitness: 19.0911
SEED: 7024

Solution Bins: 
Bin Number: 74
9387 9992 9272 7790 7660 9508 9411 9992 9857 6974 9784 9748 7804 9867 6490 9793 7630 9865 9941 9857 9600 9279 7696 9872 9882 9716 8505 9776 9902 9822 9085 8661 6340 7253 7686 9895 9918 9757 9266 9462 9543 9948 7172 8386 9376 9997 9994 9219 6805 9480 7062 9077 8933 9422 7486 9172 9783 9966 9770 9119 9500 9758 9935 9485 7187 8372 9702 9235 9967 9097 7423 8574 7793 9309 
Elapsed time: 195 s
----------------------------------------

