Population size: 600
Problem dimension: 600
Lower bound: 
0 0 0 0 0 0 0 0 0 0 0 0 0 0 0 0 0 0 0 0 0 0 0 0 0 0 0 0 0 0 0 0 0 0 0 0 0 0 0 0 0 0 0 0 0 0 0 0 0 0 0 0 0 0 0 0 0 0 0 0 0 0 0 0 0 0 0 0 0 0 0 0 0 0 0 0 0 0 0 0 0 0 0 0 0 0 0 0 0 0 0 0 0 0 0 0 0 0 0 0 0 0 0 0 0 0 0 0 0 0 0 0 0 0 0 0 0 0 0 0 0 0 0 0 0 0 0 0 0 0 0 0 0 0 0 0 0 0 0 0 0 0 0 0 0 0 0 0 0 0 0 0 0 0 0 0 0 0 0 0 0 0 0 0 0 0 0 0 0 0 0 0 0 0 0 0 0 0 0 0 0 0 0 0 0 0 0 0 0 0 0 0 0 0 0 0 0 0 0 0 0 0 0 0 0 0 0 0 0 0 0 0 0 0 0 0 0 0 0 0 0 0 0 0 0 0 0 0 0 0 0 0 0 0 0 0 0 0 0 0 0 0 0 0 0 0 0 0 0 0 0 0 0 0 0 0 0 0 0 0 0 0 0 0 0 0 0 0 0 0 0 0 0 0 0 0 0 0 0 0 0 0 0 0 0 0 0 0 0 0 0 0 0 0 0 0 0 0 0 0 0 0 0 0 0 0 0 0 0 0 0 0 0 0 0 0 0 0 0 0 0 0 0 0 0 0 0 0 0 0 0 0 0 0 0 0 0 0 0 0 0 0 0 0 0 0 0 0 0 0 0 0 0 0 0 0 0 0 0 0 0 0 0 0 0 0 0 0 0 0 0 0 0 0 0 0 0 0 0 0 0 0 0 0 0 0 0 0 0 0 0 0 0 0 0 0 0 0 0 0 0 0 0 0 0 0 0 0 0 0 0 0 0 0 0 0 0 0 0 0 0 0 0 0 0 0 0 0 0 0 0 0 0 0 0 0 0 0 0 0 0 0 0 0 0 0 0 0 0 0 0 0 0 0 0 0 0 0 0 0 0 0 0 0 0 0 0 0 0 0 0 0 0 0 0 0 0 0 0 0 0 0 0 0 0 0 0 0 0 0 0 0 0 0 0 0 0 0 0 0 0 0 0 0 0 0 0 0 0 0 0 0 0 0 0 0 0 0 0 0 0 0 0 0 0 0 0 0 0 0 0 0 0 0 0 0 0 0 0 0 0 0 0 0 0 0 0 0 0 0 0 0 0 0 0 0 0 0 0 0 0 0 0 0 0 0 0 0 0 0 0 0 0 0 0 0 0 0 0 0 0 0 0 0 0 0 0 0 0 0 0 0 0 0 0 0 0 0 0 0 
Upper bound: 
599 599 599 599 599 599 599 599 599 599 599 599 599 599 599 599 599 599 599 599 599 599 599 599 599 599 599 599 599 599 599 599 599 599 599 599 599 599 599 599 599 599 599 599 599 599 599 599 599 599 599 599 599 599 599 599 599 599 599 599 599 599 599 599 599 599 599 599 599 599 599 599 599 599 599 599 599 599 599 599 599 599 599 599 599 599 599 599 599 599 599 599 599 599 599 599 599 599 599 599 599 599 599 599 599 599 599 599 599 599 599 599 599 599 599 599 599 599 599 599 599 599 599 599 599 599 599 599 599 599 599 599 599 599 599 599 599 599 599 599 599 599 599 599 599 599 599 599 599 599 599 599 599 599 599 599 599 599 599 599 599 599 599 599 599 599 599 599 599 599 599 599 599 599 599 599 599 599 599 599 599 599 599 599 599 599 599 599 599 599 599 599 599 599 599 599 599 599 599 599 599 599 599 599 599 599 599 599 599 599 599 599 599 599 599 599 599 599 599 599 599 599 599 599 599 599 599 599 599 599 599 599 599 599 599 599 599 599 599 599 599 599 599 599 599 599 599 599 599 599 599 599 599 599 599 599 599 599 599 599 599 599 599 599 599 599 599 599 599 599 599 599 599 599 599 599 599 599 599 599 599 599 599 599 599 599 599 599 599 599 599 599 599 599 599 599 599 599 599 599 599 599 599 599 599 599 599 599 599 599 599 599 599 599 599 599 599 599 599 599 599 599 599 599 599 599 599 599 599 599 599 599 599 599 599 599 599 599 599 599 599 599 599 599 599 599 599 599 599 599 599 599 599 599 599 599 599 599 599 599 599 599 599 599 599 599 599 599 599 599 599 599 599 599 599 599 599 599 599 599 599 599 599 599 599 599 599 599 599 599 599 599 599 599 599 599 599 599 599 599 599 599 599 599 599 599 599 599 599 599 599 599 599 599 599 599 599 599 599 599 599 599 599 599 599 599 599 599 599 599 599 599 599 599 599 599 599 599 599 599 599 599 599 599 599 599 599 599 599 599 599 599 599 599 599 599 599 599 599 599 599 599 599 599 599 599 599 599 599 599 599 599 599 599 599 599 599 599 599 599 599 599 599 599 599 599 599 599 599 599 599 599 599 599 599 599 599 599 599 599 599 599 599 599 599 599 599 599 599 599 599 599 599 599 599 599 599 599 599 599 599 599 599 599 599 599 599 599 599 599 599 599 599 599 599 599 599 599 599 599 599 599 599 599 599 599 599 599 599 599 599 599 599 599 599 599 599 599 599 599 599 599 599 599 599 599 599 599 599 599 599 599 599 599 599 599 599 599 599 599 599 599 599 599 599 599 599 599 599 599 599 599 599 599 599 599 599 599 599 599 
Weight factor: 0.8
Crossover rate: 0.9
Max iteration: 6000
Best solution: 
[179, 477, 531, 405, 446, 281, 424, 51, 355, 594, 50, 412, 311, 561, 78, 378, 540, 568, 60, 329, 419, 10, 328, 436, 19, 460, 365, 525, 285, 381, 382, 85, 435, 482, 371, 556, 41, 122, 116, 79, 86, 112, 178, 588, 584, 467, 259, 436, 360, 23, 372, 249, 313, 333, 118, 177, 537, 322, 52, 294, 377, 401, 422, 583, 104, 13, 510, 392, 91, 374, 337, 163, 155, 161, 454, 115, 380, 373, 271, 56, 331, 548, 366, 160, 234, 98, 413, 545, 39, 410, 89, 487, 428, 195, 245, 202, 54, 512, 580, 242, 126, 490, 399, 341, 418, 443, 158, 390, 469, 36, 250, 24, 586, 146, 426, 508, 270, 516, 135, 225, 565, 514, 93, 395, 22, 33, 57, 503, 248, 314, 324, 284, 476, 236, 558, 445, 542, 82, 384, 573, 538, 513, 5, 363, 521, 88, 183, 256, 180, 367, 12, 53, 530, 496, 128, 265, 559, 411, 192, 502, 140, 394, 427, 224, 204, 400, 359, 2, 219, 69, 143, 57, 581, 272, 522, 536, 11, 470, 485, 506, 555, 6, 481, 338, 111, 174, 402, 423, 457, 260, 325, 76, 188, 585, 167, 494, 114, 492, 491, 557, 231, 499, 99, 94, 268, 453, 64, 295, 321, 430, 72, 298, 38, 125, 310, 597, 577, 518, 181, 486, 159, 549, 579, 420, 252, 182, 505, 280, 292, 369, 144, 84, 96, 376, 230, 308, 165, 148, 254, 9, 8, 488, 109, 244, 320, 274, 73, 283, 449, 520, 406, 562, 147, 95, 501, 429, 223, 275, 532, 546, 207, 142, 475, 277, 425, 37, 318, 130, 595, 134, 120, 564, 461, 361, 379, 8, 589, 68, 185, 201, 258, 0, 97, 304, 87, 375, 339, 544, 218, 253, 150, 102, 206, 7, 233, 504, 554, 319, 354, 266, 567, 209, 593, 442, 170, 404, 523, 471, 232, 441, 138, 300, 58, 83, 570, 212, 137, 63, 385, 312, 106, 194, 190, 154, 489, 474, 199, 66, 267, 327, 391, 127, 191, 439, 55, 431, 32, 493, 303, 421, 396, 42, 227, 269, 59, 124, 273, 236, 529, 193, 323, 509, 196, 47, 65, 241, 478, 340, 306, 238, 517, 451, 433, 432, 398, 353, 336, 216, 226, 553, 524, 301, 347, 414, 44, 498, 263, 119, 592, 40, 286, 330, 173, 296, 30, 587, 550, 153, 200, 151, 27, 240, 447, 409, 535, 591, 278, 526, 14, 403, 184, 415, 243, 456, 246, 61, 458, 176, 45, 205, 235, 497, 563, 1, 370, 572, 43, 511, 434, 437, 552, 221, 463, 74, 519, 237, 62, 357, 515, 108, 92, 582, 480, 397, 598, 133, 344, 123, 317, 560, 21, 299, 541, 438, 386, 129, 136, 149, 16, 450, 483, 462, 590, 251, 342, 368, 293, 362, 264, 389, 349, 46, 305, 407, 247, 262, 107, 34, 364, 566, 448, 599, 162, 211, 28, 81, 596, 534, 197, 289, 166, 326, 551, 332, 152, 350, 229, 459, 574, 171, 113, 358, 49, 48, 473, 4, 288, 261, 70, 472, 547, 394, 217, 75, 215, 186, 3, 222, 228, 356, 290, 393, 208, 388, 20, 440, 335, 103, 157, 220, 466, 80, 316, 539, 71, 101, 25, 239, 291, 279, 507, 408, 287, 210, 578, 255, 468, 31, 18, 479, 417, 528, 464, 307, 345, 416, 465, 309, 276, 145, 383, 495, 169, 484, 203, 351, 334, 132, 214, 187, 348, 527, 110, 455, 444, 575, 500, 168, 315, 117, 164, 105, 343, 26, 543, 213, 533, 156, 576, 571, 175, 352, 452, 257, 131, 67, 90, 346, 100, 297, 15, 35, 139, 387, 282, 189, 198, 302, 569, 366, ]
Best fitness: 33.2127
SEED: 18222

Solution Bins: 
Bin Number: 116
16694 19920 19270 19976 19469 16695 12456 13267 17051 10530 12054 19787 18710 10879 19925 19762 16812 14086 19166 18788 18811 17274 15251 14226 19561 19467 13170 16200 18122 19633 17782 13640 18425 19378 19157 19808 19935 18019 19587 15467 17134 19963 19646 10276 18493 19993 19512 19799 19473 17552 11992 19189 19857 15654 13932 19520 19987 19341 16554 17994 16651 19644 6776 19296 15724 19692 17319 19430 14014 18898 19595 16790 18040 18402 19647 18823 19952 10192 12288 18703 19285 14938 16280 19833 14424 11148 19965 17902 16400 19595 13828 18035 18161 15814 18339 16021 19329 19974 13948 15922 19789 13912 18894 19014 19859 19229 19936 17871 17398 14896 14635 18163 18643 15124 17169 16384 
Elapsed time: 263 s
----------------------------------------

Population size: 600
Problem dimension: 600
Lower bound: 
0 0 0 0 0 0 0 0 0 0 0 0 0 0 0 0 0 0 0 0 0 0 0 0 0 0 0 0 0 0 0 0 0 0 0 0 0 0 0 0 0 0 0 0 0 0 0 0 0 0 0 0 0 0 0 0 0 0 0 0 0 0 0 0 0 0 0 0 0 0 0 0 0 0 0 0 0 0 0 0 0 0 0 0 0 0 0 0 0 0 0 0 0 0 0 0 0 0 0 0 0 0 0 0 0 0 0 0 0 0 0 0 0 0 0 0 0 0 0 0 0 0 0 0 0 0 0 0 0 0 0 0 0 0 0 0 0 0 0 0 0 0 0 0 0 0 0 0 0 0 0 0 0 0 0 0 0 0 0 0 0 0 0 0 0 0 0 0 0 0 0 0 0 0 0 0 0 0 0 0 0 0 0 0 0 0 0 0 0 0 0 0 0 0 0 0 0 0 0 0 0 0 0 0 0 0 0 0 0 0 0 0 0 0 0 0 0 0 0 0 0 0 0 0 0 0 0 0 0 0 0 0 0 0 0 0 0 0 0 0 0 0 0 0 0 0 0 0 0 0 0 0 0 0 0 0 0 0 0 0 0 0 0 0 0 0 0 0 0 0 0 0 0 0 0 0 0 0 0 0 0 0 0 0 0 0 0 0 0 0 0 0 0 0 0 0 0 0 0 0 0 0 0 0 0 0 0 0 0 0 0 0 0 0 0 0 0 0 0 0 0 0 0 0 0 0 0 0 0 0 0 0 0 0 0 0 0 0 0 0 0 0 0 0 0 0 0 0 0 0 0 0 0 0 0 0 0 0 0 0 0 0 0 0 0 0 0 0 0 0 0 0 0 0 0 0 0 0 0 0 0 0 0 0 0 0 0 0 0 0 0 0 0 0 0 0 0 0 0 0 0 0 0 0 0 0 0 0 0 0 0 0 0 0 0 0 0 0 0 0 0 0 0 0 0 0 0 0 0 0 0 0 0 0 0 0 0 0 0 0 0 0 0 0 0 0 0 0 0 0 0 0 0 0 0 0 0 0 0 0 0 0 0 0 0 0 0 0 0 0 0 0 0 0 0 0 0 0 0 0 0 0 0 0 0 0 0 0 0 0 0 0 0 0 0 0 0 0 0 0 0 0 0 0 0 0 0 0 0 0 0 0 0 0 0 0 0 0 0 0 0 0 0 0 0 0 0 0 0 0 0 0 0 0 0 0 0 0 0 0 0 0 0 0 0 0 0 0 0 0 0 0 0 0 0 0 0 0 0 0 0 0 0 0 0 0 0 0 0 0 0 0 0 0 0 0 0 0 0 0 0 0 0 0 0 0 0 0 0 0 0 0 0 0 0 0 0 0 0 0 
Upper bound: 
599 599 599 599 599 599 599 599 599 599 599 599 599 599 599 599 599 599 599 599 599 599 599 599 599 599 599 599 599 599 599 599 599 599 599 599 599 599 599 599 599 599 599 599 599 599 599 599 599 599 599 599 599 599 599 599 599 599 599 599 599 599 599 599 599 599 599 599 599 599 599 599 599 599 599 599 599 599 599 599 599 599 599 599 599 599 599 599 599 599 599 599 599 599 599 599 599 599 599 599 599 599 599 599 599 599 599 599 599 599 599 599 599 599 599 599 599 599 599 599 599 599 599 599 599 599 599 599 599 599 599 599 599 599 599 599 599 599 599 599 599 599 599 599 599 599 599 599 599 599 599 599 599 599 599 599 599 599 599 599 599 599 599 599 599 599 599 599 599 599 599 599 599 599 599 599 599 599 599 599 599 599 599 599 599 599 599 599 599 599 599 599 599 599 599 599 599 599 599 599 599 599 599 599 599 599 599 599 599 599 599 599 599 599 599 599 599 599 599 599 599 599 599 599 599 599 599 599 599 599 599 599 599 599 599 599 599 599 599 599 599 599 599 599 599 599 599 599 599 599 599 599 599 599 599 599 599 599 599 599 599 599 599 599 599 599 599 599 599 599 599 599 599 599 599 599 599 599 599 599 599 599 599 599 599 599 599 599 599 599 599 599 599 599 599 599 599 599 599 599 599 599 599 599 599 599 599 599 599 599 599 599 599 599 599 599 599 599 599 599 599 599 599 599 599 599 599 599 599 599 599 599 599 599 599 599 599 599 599 599 599 599 599 599 599 599 599 599 599 599 599 599 599 599 599 599 599 599 599 599 599 599 599 599 599 599 599 599 599 599 599 599 599 599 599 599 599 599 599 599 599 599 599 599 599 599 599 599 599 599 599 599 599 599 599 599 599 599 599 599 599 599 599 599 599 599 599 599 599 599 599 599 599 599 599 599 599 599 599 599 599 599 599 599 599 599 599 599 599 599 599 599 599 599 599 599 599 599 599 599 599 599 599 599 599 599 599 599 599 599 599 599 599 599 599 599 599 599 599 599 599 599 599 599 599 599 599 599 599 599 599 599 599 599 599 599 599 599 599 599 599 599 599 599 599 599 599 599 599 599 599 599 599 599 599 599 599 599 599 599 599 599 599 599 599 599 599 599 599 599 599 599 599 599 599 599 599 599 599 599 599 599 599 599 599 599 599 599 599 599 599 599 599 599 599 599 599 599 599 599 599 599 599 599 599 599 599 599 599 599 599 599 599 599 599 599 599 599 599 599 599 599 599 599 599 599 599 599 599 599 599 599 599 599 599 599 599 599 599 599 599 599 599 599 599 599 599 599 599 599 599 599 599 599 599 599 599 599 599 599 
Weight factor: 0.8
Crossover rate: 0.9
Max iteration: 6000
Best solution: 
[153, 330, 588, 417, 278, 567, 183, 362, 335, 302, 472, 259, 193, 543, 74, 38, 385, 599, 297, 419, 178, 9, 565, 380, 540, 170, 537, 88, 392, 397, 406, 42, 592, 370, 155, 241, 571, 143, 171, 409, 197, 213, 271, 59, 307, 303, 288, 109, 356, 550, 435, 441, 49, 117, 253, 390, 125, 525, 35, 238, 52, 12, 559, 503, 291, 102, 19, 295, 523, 433, 31, 236, 467, 142, 553, 322, 32, 256, 145, 114, 462, 468, 568, 276, 427, 448, 107, 98, 556, 164, 270, 264, 286, 574, 431, 131, 458, 252, 444, 457, 310, 557, 582, 489, 524, 182, 554, 395, 239, 420, 299, 465, 232, 83, 414, 437, 458, 203, 198, 8, 54, 430, 200, 510, 405, 424, 413, 94, 530, 163, 316, 14, 222, 126, 454, 371, 502, 490, 428, 506, 346, 158, 289, 422, 129, 92, 450, 141, 518, 300, 445, 480, 318, 3, 11, 486, 93, 529, 174, 23, 177, 229, 79, 340, 394, 281, 87, 508, 57, 483, 257, 113, 209, 173, 345, 176, 383, 589, 401, 304, 248, 327, 487, 188, 45, 235, 105, 53, 434, 386, 580, 1, 596, 194, 591, 287, 485, 387, 423, 411, 587, 103, 22, 312, 319, 586, 66, 337, 39, 230, 0, 122, 172, 470, 455, 64, 576, 77, 219, 15, 220, 292, 308, 549, 130, 538, 469, 598, 244, 353, 223, 326, 393, 513, 106, 534, 344, 10, 459, 573, 217, 246, 72, 475, 562, 495, 115, 30, 499, 341, 199, 82, 360, 379, 68, 67, 389, 28, 201, 247, 505, 192, 404, 313, 233, 119, 33, 43, 492, 569, 439, 261, 97, 329, 267, 398, 416, 358, 225, 561, 268, 121, 63, 251, 466, 55, 350, 160, 545, 191, 547, 34, 283, 140, 399, 334, 575, 5, 156, 500, 60, 544, 118, 224, 48, 71, 436, 331, 306, 185, 277, 138, 89, 531, 443, 187, 593, 320, 378, 412, 325, 367, 301, 583, 478, 311, 123, 539, 400, 275, 16, 112, 46, 168, 415, 520, 231, 585, 514, 221, 215, 124, 207, 451, 479, 542, 474, 515, 305, 432, 365, 274, 507, 175, 216, 352, 333, 294, 407, 532, 157, 376, 501, 29, 162, 37, 560, 368, 211, 555, 91, 240, 342, 366, 564, 284, 449, 56, 266, 133, 533, 491, 388, 25, 260, 21, 425, 58, 17, 151, 159, 355, 377, 512, 314, 27, 285, 403, 62, 95, 482, 476, 269, 76, 517, 552, 4, 137, 338, 527, 244, 75, 120, 494, 339, 521, 578, 127, 484, 184, 262, 446, 323, 65, 372, 577, 488, 61, 6, 463, 26, 375, 442, 498, 370, 519, 369, 493, 150, 73, 381, 438, 237, 558, 429, 418, 546, 265, 570, 51, 104, 361, 255, 20, 481, 351, 243, 148, 47, 511, 100, 471, 496, 440, 460, 69, 109, 453, 147, 293, 161, 227, 551, 461, 504, 526, 128, 206, 181, 196, 149, 332, 80, 421, 44, 348, 282, 456, 336, 273, 572, 78, 70, 234, 343, 180, 205, 258, 116, 18, 535, 281, 452, 473, 96, 464, 536, 144, 391, 24, 50, 212, 189, 359, 210, 541, 218, 357, 477, 84, 146, 167, 364, 13, 402, 324, 242, 410, 2, 328, 40, 226, 374, 208, 522, 179, 590, 594, 169, 280, 497, 373, 139, 214, 228, 204, 363, 516, 152, 254, 347, 447, 135, 7, 396, 195, 186, 566, 111, 298, 86, 317, 595, 101, 250, 426, 309, 245, 263, 548, 509, 279, 108, 36, 249, 166, 597, 384, 81, 134, 382, 202, 408, 584, 315, 290, 136, 296, 41, 349, 99, 85, 90, 354, 321, 272, 528, 581, 165, 154, ]
Best fitness: 33.0427
SEED: 19141

Solution Bins: 
Bin Number: 115
18238 19544 19470 16782 17642 17602 19319 19834 19679 17976 19236 18340 18544 19533 15355 19601 17754 19672 18153 18969 15543 14915 17440 16922 19052 16076 19335 15099 10390 14440 19913 18412 18070 12894 18724 16609 16057 19475 16178 16256 11558 19530 11675 16865 17916 19343 16776 16658 15119 19719 19857 19580 19030 18512 13008 17744 18360 14666 19215 18269 14470 15320 19611 14040 18803 18697 14295 16366 16179 19996 18188 14362 19175 14408 17160 18220 19001 18676 15582 16711 16286 19717 13344 13734 18506 18227 16278 13427 19808 19122 19277 14365 11707 18378 19978 19473 14045 19900 16492 11370 19890 18004 13387 15895 19974 18576 18952 18511 19962 18422 14956 15251 18767 13268 18646 
Elapsed time: 271 s
----------------------------------------

Population size: 600
Problem dimension: 600
Lower bound: 
0 0 0 0 0 0 0 0 0 0 0 0 0 0 0 0 0 0 0 0 0 0 0 0 0 0 0 0 0 0 0 0 0 0 0 0 0 0 0 0 0 0 0 0 0 0 0 0 0 0 0 0 0 0 0 0 0 0 0 0 0 0 0 0 0 0 0 0 0 0 0 0 0 0 0 0 0 0 0 0 0 0 0 0 0 0 0 0 0 0 0 0 0 0 0 0 0 0 0 0 0 0 0 0 0 0 0 0 0 0 0 0 0 0 0 0 0 0 0 0 0 0 0 0 0 0 0 0 0 0 0 0 0 0 0 0 0 0 0 0 0 0 0 0 0 0 0 0 0 0 0 0 0 0 0 0 0 0 0 0 0 0 0 0 0 0 0 0 0 0 0 0 0 0 0 0 0 0 0 0 0 0 0 0 0 0 0 0 0 0 0 0 0 0 0 0 0 0 0 0 0 0 0 0 0 0 0 0 0 0 0 0 0 0 0 0 0 0 0 0 0 0 0 0 0 0 0 0 0 0 0 0 0 0 0 0 0 0 0 0 0 0 0 0 0 0 0 0 0 0 0 0 0 0 0 0 0 0 0 0 0 0 0 0 0 0 0 0 0 0 0 0 0 0 0 0 0 0 0 0 0 0 0 0 0 0 0 0 0 0 0 0 0 0 0 0 0 0 0 0 0 0 0 0 0 0 0 0 0 0 0 0 0 0 0 0 0 0 0 0 0 0 0 0 0 0 0 0 0 0 0 0 0 0 0 0 0 0 0 0 0 0 0 0 0 0 0 0 0 0 0 0 0 0 0 0 0 0 0 0 0 0 0 0 0 0 0 0 0 0 0 0 0 0 0 0 0 0 0 0 0 0 0 0 0 0 0 0 0 0 0 0 0 0 0 0 0 0 0 0 0 0 0 0 0 0 0 0 0 0 0 0 0 0 0 0 0 0 0 0 0 0 0 0 0 0 0 0 0 0 0 0 0 0 0 0 0 0 0 0 0 0 0 0 0 0 0 0 0 0 0 0 0 0 0 0 0 0 0 0 0 0 0 0 0 0 0 0 0 0 0 0 0 0 0 0 0 0 0 0 0 0 0 0 0 0 0 0 0 0 0 0 0 0 0 0 0 0 0 0 0 0 0 0 0 0 0 0 0 0 0 0 0 0 0 0 0 0 0 0 0 0 0 0 0 0 0 0 0 0 0 0 0 0 0 0 0 0 0 0 0 0 0 0 0 0 0 0 0 0 0 0 0 0 0 0 0 0 0 0 0 0 0 0 0 0 0 0 0 0 0 0 0 0 0 0 0 0 0 0 0 0 0 0 0 0 0 0 0 0 0 0 0 0 0 0 0 0 0 0 
Upper bound: 
599 599 599 599 599 599 599 599 599 599 599 599 599 599 599 599 599 599 599 599 599 599 599 599 599 599 599 599 599 599 599 599 599 599 599 599 599 599 599 599 599 599 599 599 599 599 599 599 599 599 599 599 599 599 599 599 599 599 599 599 599 599 599 599 599 599 599 599 599 599 599 599 599 599 599 599 599 599 599 599 599 599 599 599 599 599 599 599 599 599 599 599 599 599 599 599 599 599 599 599 599 599 599 599 599 599 599 599 599 599 599 599 599 599 599 599 599 599 599 599 599 599 599 599 599 599 599 599 599 599 599 599 599 599 599 599 599 599 599 599 599 599 599 599 599 599 599 599 599 599 599 599 599 599 599 599 599 599 599 599 599 599 599 599 599 599 599 599 599 599 599 599 599 599 599 599 599 599 599 599 599 599 599 599 599 599 599 599 599 599 599 599 599 599 599 599 599 599 599 599 599 599 599 599 599 599 599 599 599 599 599 599 599 599 599 599 599 599 599 599 599 599 599 599 599 599 599 599 599 599 599 599 599 599 599 599 599 599 599 599 599 599 599 599 599 599 599 599 599 599 599 599 599 599 599 599 599 599 599 599 599 599 599 599 599 599 599 599 599 599 599 599 599 599 599 599 599 599 599 599 599 599 599 599 599 599 599 599 599 599 599 599 599 599 599 599 599 599 599 599 599 599 599 599 599 599 599 599 599 599 599 599 599 599 599 599 599 599 599 599 599 599 599 599 599 599 599 599 599 599 599 599 599 599 599 599 599 599 599 599 599 599 599 599 599 599 599 599 599 599 599 599 599 599 599 599 599 599 599 599 599 599 599 599 599 599 599 599 599 599 599 599 599 599 599 599 599 599 599 599 599 599 599 599 599 599 599 599 599 599 599 599 599 599 599 599 599 599 599 599 599 599 599 599 599 599 599 599 599 599 599 599 599 599 599 599 599 599 599 599 599 599 599 599 599 599 599 599 599 599 599 599 599 599 599 599 599 599 599 599 599 599 599 599 599 599 599 599 599 599 599 599 599 599 599 599 599 599 599 599 599 599 599 599 599 599 599 599 599 599 599 599 599 599 599 599 599 599 599 599 599 599 599 599 599 599 599 599 599 599 599 599 599 599 599 599 599 599 599 599 599 599 599 599 599 599 599 599 599 599 599 599 599 599 599 599 599 599 599 599 599 599 599 599 599 599 599 599 599 599 599 599 599 599 599 599 599 599 599 599 599 599 599 599 599 599 599 599 599 599 599 599 599 599 599 599 599 599 599 599 599 599 599 599 599 599 599 599 599 599 599 599 599 599 599 599 599 599 599 599 599 599 599 599 599 599 599 599 599 599 599 599 599 599 599 599 599 599 599 599 
Weight factor: 0.8
Crossover rate: 0.9
Max iteration: 6000
Best solution: 
[340, 370, 278, 311, 188, 60, 460, 453, 328, 305, 93, 19, 556, 474, 229, 182, 322, 439, 44, 263, 3, 291, 218, 416, 331, 503, 485, 570, 12, 294, 129, 162, 353, 483, 519, 494, 108, 284, 546, 122, 266, 288, 513, 172, 465, 379, 69, 84, 577, 231, 134, 31, 240, 317, 225, 5, 141, 151, 408, 252, 315, 205, 504, 248, 51, 348, 191, 549, 213, 303, 598, 78, 321, 227, 380, 199, 395, 423, 470, 131, 123, 572, 260, 358, 174, 536, 37, 531, 292, 23, 538, 459, 360, 324, 154, 402, 160, 251, 267, 592, 479, 359, 289, 167, 21, 585, 586, 223, 264, 412, 200, 313, 325, 569, 6, 43, 387, 99, 194, 525, 296, 272, 440, 87, 560, 377, 73, 356, 64, 242, 71, 299, 590, 140, 226, 523, 298, 518, 355, 152, 107, 0, 563, 397, 237, 208, 595, 209, 426, 522, 249, 409, 478, 239, 407, 262, 351, 310, 448, 222, 319, 52, 403, 275, 8, 133, 90, 575, 461, 273, 232, 472, 77, 305, 363, 101, 304, 327, 38, 146, 493, 91, 220, 136, 382, 204, 254, 201, 195, 116, 203, 552, 364, 373, 314, 156, 515, 521, 261, 456, 295, 526, 41, 477, 542, 562, 541, 124, 529, 265, 414, 482, 177, 568, 430, 94, 66, 121, 217, 103, 421, 32, 253, 216, 183, 81, 219, 74, 467, 517, 500, 399, 508, 257, 316, 481, 581, 350, 320, 429, 282, 169, 561, 221, 76, 27, 473, 524, 354, 326, 111, 332, 142, 389, 9, 297, 176, 343, 539, 16, 366, 543, 596, 388, 130, 369, 371, 405, 584, 435, 514, 583, 431, 555, 537, 502, 420, 144, 591, 432, 100, 83, 210, 269, 214, 425, 468, 551, 166, 158, 437, 566, 173, 507, 10, 300, 336, 390, 434, 149, 441, 198, 498, 511, 110, 455, 447, 238, 72, 42, 394, 312, 554, 361, 186, 180, 127, 501, 285, 147, 309, 338, 417, 185, 193, 579, 490, 56, 189, 190, 187, 243, 106, 344, 30, 553, 558, 406, 582, 400, 281, 138, 241, 512, 145, 308, 333, 36, 255, 128, 330, 392, 576, 244, 559, 45, 410, 544, 475, 424, 480, 58, 202, 510, 466, 571, 159, 39, 245, 85, 34, 2, 535, 276, 352, 63, 283, 46, 496, 495, 446, 86, 119, 367, 298, 471, 597, 97, 527, 454, 18, 268, 22, 505, 489, 277, 309, 499, 161, 211, 50, 92, 271, 593, 462, 330, 587, 62, 137, 207, 564, 206, 28, 442, 530, 11, 548, 449, 148, 574, 274, 540, 589, 132, 415, 250, 80, 7, 376, 61, 306, 179, 126, 236, 443, 578, 75, 427, 55, 329, 594, 247, 476, 302, 411, 599, 29, 323, 385, 228, 117, 509, 279, 53, 155, 532, 54, 170, 464, 484, 469, 270, 345, 362, 428, 192, 26, 102, 258, 368, 301, 280, 547, 567, 35, 516, 196, 386, 372, 491, 349, 165, 175, 113, 57, 393, 17, 378, 47, 445, 234, 457, 184, 497, 565, 492, 143, 573, 436, 463, 486, 357, 33, 433, 534, 135, 365, 105, 401, 286, 67, 383, 59, 341, 13, 14, 25, 259, 20, 197, 95, 233, 520, 335, 48, 246, 79, 212, 413, 150, 398, 96, 24, 580, 82, 139, 396, 458, 114, 171, 488, 224, 323, 168, 418, 374, 404, 557, 287, 528, 444, 157, 438, 347, 40, 1, 181, 271, 339, 381, 68, 125, 230, 178, 391, 487, 352, 451, 109, 163, 120, 337, 293, 452, 384, 70, 533, 256, 4, 346, 115, 233, 307, 375, 49, 506, 153, 15, 334, 450, 422, 118, 545, 164, 235, 419, 290, 588, 89, 550, ]
Best fitness: 30.9706
SEED: 24247

Solution Bins: 
Bin Number: 115
18361 19444 18574 18288 10558 14843 19635 19415 18578 18788 19735 18804 18710 17176 18888 18021 17953 17522 13279 14931 16676 15544 15654 17252 18011 19993 12892 17942 19940 17945 19317 17629 18514 19025 19422 19049 19577 19660 19005 16412 13686 19786 19135 19319 18534 19342 19988 18716 18986 19864 14173 19287 18175 11718 19200 19818 18289 18410 19562 18107 16540 19108 18498 16553 19935 18190 19034 17648 18435 16888 15179 19430 18926 19760 19898 18644 15552 16767 18685 17992 17916 17200 18767 19565 13924 14323 18374 18545 18611 15891 12532 17372 16995 19874 18863 17360 14479 18160 18489 18353 19572 14627 13848 18177 19519 16039 16322 17159 17337 19587 18956 17442 16092 18407 19642 
Elapsed time: 271 s
----------------------------------------

Population size: 600
Problem dimension: 600
Lower bound: 
0 0 0 0 0 0 0 0 0 0 0 0 0 0 0 0 0 0 0 0 0 0 0 0 0 0 0 0 0 0 0 0 0 0 0 0 0 0 0 0 0 0 0 0 0 0 0 0 0 0 0 0 0 0 0 0 0 0 0 0 0 0 0 0 0 0 0 0 0 0 0 0 0 0 0 0 0 0 0 0 0 0 0 0 0 0 0 0 0 0 0 0 0 0 0 0 0 0 0 0 0 0 0 0 0 0 0 0 0 0 0 0 0 0 0 0 0 0 0 0 0 0 0 0 0 0 0 0 0 0 0 0 0 0 0 0 0 0 0 0 0 0 0 0 0 0 0 0 0 0 0 0 0 0 0 0 0 0 0 0 0 0 0 0 0 0 0 0 0 0 0 0 0 0 0 0 0 0 0 0 0 0 0 0 0 0 0 0 0 0 0 0 0 0 0 0 0 0 0 0 0 0 0 0 0 0 0 0 0 0 0 0 0 0 0 0 0 0 0 0 0 0 0 0 0 0 0 0 0 0 0 0 0 0 0 0 0 0 0 0 0 0 0 0 0 0 0 0 0 0 0 0 0 0 0 0 0 0 0 0 0 0 0 0 0 0 0 0 0 0 0 0 0 0 0 0 0 0 0 0 0 0 0 0 0 0 0 0 0 0 0 0 0 0 0 0 0 0 0 0 0 0 0 0 0 0 0 0 0 0 0 0 0 0 0 0 0 0 0 0 0 0 0 0 0 0 0 0 0 0 0 0 0 0 0 0 0 0 0 0 0 0 0 0 0 0 0 0 0 0 0 0 0 0 0 0 0 0 0 0 0 0 0 0 0 0 0 0 0 0 0 0 0 0 0 0 0 0 0 0 0 0 0 0 0 0 0 0 0 0 0 0 0 0 0 0 0 0 0 0 0 0 0 0 0 0 0 0 0 0 0 0 0 0 0 0 0 0 0 0 0 0 0 0 0 0 0 0 0 0 0 0 0 0 0 0 0 0 0 0 0 0 0 0 0 0 0 0 0 0 0 0 0 0 0 0 0 0 0 0 0 0 0 0 0 0 0 0 0 0 0 0 0 0 0 0 0 0 0 0 0 0 0 0 0 0 0 0 0 0 0 0 0 0 0 0 0 0 0 0 0 0 0 0 0 0 0 0 0 0 0 0 0 0 0 0 0 0 0 0 0 0 0 0 0 0 0 0 0 0 0 0 0 0 0 0 0 0 0 0 0 0 0 0 0 0 0 0 0 0 0 0 0 0 0 0 0 0 0 0 0 0 0 0 0 0 0 0 0 0 0 0 0 0 0 0 0 0 0 0 0 0 0 0 0 0 0 0 0 0 0 0 0 0 0 0 0 0 0 0 
Upper bound: 
599 599 599 599 599 599 599 599 599 599 599 599 599 599 599 599 599 599 599 599 599 599 599 599 599 599 599 599 599 599 599 599 599 599 599 599 599 599 599 599 599 599 599 599 599 599 599 599 599 599 599 599 599 599 599 599 599 599 599 599 599 599 599 599 599 599 599 599 599 599 599 599 599 599 599 599 599 599 599 599 599 599 599 599 599 599 599 599 599 599 599 599 599 599 599 599 599 599 599 599 599 599 599 599 599 599 599 599 599 599 599 599 599 599 599 599 599 599 599 599 599 599 599 599 599 599 599 599 599 599 599 599 599 599 599 599 599 599 599 599 599 599 599 599 599 599 599 599 599 599 599 599 599 599 599 599 599 599 599 599 599 599 599 599 599 599 599 599 599 599 599 599 599 599 599 599 599 599 599 599 599 599 599 599 599 599 599 599 599 599 599 599 599 599 599 599 599 599 599 599 599 599 599 599 599 599 599 599 599 599 599 599 599 599 599 599 599 599 599 599 599 599 599 599 599 599 599 599 599 599 599 599 599 599 599 599 599 599 599 599 599 599 599 599 599 599 599 599 599 599 599 599 599 599 599 599 599 599 599 599 599 599 599 599 599 599 599 599 599 599 599 599 599 599 599 599 599 599 599 599 599 599 599 599 599 599 599 599 599 599 599 599 599 599 599 599 599 599 599 599 599 599 599 599 599 599 599 599 599 599 599 599 599 599 599 599 599 599 599 599 599 599 599 599 599 599 599 599 599 599 599 599 599 599 599 599 599 599 599 599 599 599 599 599 599 599 599 599 599 599 599 599 599 599 599 599 599 599 599 599 599 599 599 599 599 599 599 599 599 599 599 599 599 599 599 599 599 599 599 599 599 599 599 599 599 599 599 599 599 599 599 599 599 599 599 599 599 599 599 599 599 599 599 599 599 599 599 599 599 599 599 599 599 599 599 599 599 599 599 599 599 599 599 599 599 599 599 599 599 599 599 599 599 599 599 599 599 599 599 599 599 599 599 599 599 599 599 599 599 599 599 599 599 599 599 599 599 599 599 599 599 599 599 599 599 599 599 599 599 599 599 599 599 599 599 599 599 599 599 599 599 599 599 599 599 599 599 599 599 599 599 599 599 599 599 599 599 599 599 599 599 599 599 599 599 599 599 599 599 599 599 599 599 599 599 599 599 599 599 599 599 599 599 599 599 599 599 599 599 599 599 599 599 599 599 599 599 599 599 599 599 599 599 599 599 599 599 599 599 599 599 599 599 599 599 599 599 599 599 599 599 599 599 599 599 599 599 599 599 599 599 599 599 599 599 599 599 599 599 599 599 599 599 599 599 599 599 599 599 599 599 599 599 599 599 599 599 599 599 599 
Weight factor: 0.8
Crossover rate: 0.9
Max iteration: 6000
Best solution: 
[389, 286, 23, 68, 6, 251, 188, 547, 130, 275, 272, 566, 290, 397, 176, 73, 241, 128, 377, 278, 536, 31, 565, 346, 544, 37, 351, 91, 76, 243, 387, 66, 88, 221, 512, 376, 161, 95, 380, 579, 24, 310, 169, 578, 248, 19, 18, 491, 151, 555, 562, 338, 533, 588, 359, 593, 334, 156, 516, 84, 543, 343, 293, 252, 364, 372, 44, 97, 398, 404, 458, 154, 532, 323, 36, 284, 139, 120, 306, 109, 49, 303, 327, 159, 92, 48, 451, 375, 564, 481, 333, 83, 191, 160, 59, 316, 454, 330, 69, 201, 237, 29, 267, 102, 461, 282, 355, 434, 178, 100, 337, 388, 371, 273, 341, 173, 309, 262, 440, 526, 202, 248, 17, 418, 383, 448, 138, 498, 145, 187, 379, 570, 204, 152, 444, 149, 297, 515, 279, 320, 569, 401, 232, 127, 402, 52, 274, 254, 468, 417, 45, 476, 431, 537, 414, 101, 422, 231, 561, 107, 517, 304, 318, 591, 509, 226, 276, 378, 360, 258, 244, 345, 53, 523, 348, 399, 294, 560, 322, 121, 295, 112, 549, 175, 150, 43, 292, 457, 349, 350, 452, 10, 582, 15, 217, 181, 75, 253, 475, 504, 242, 245, 232, 208, 162, 407, 219, 126, 483, 249, 13, 210, 352, 412, 239, 166, 111, 427, 11, 186, 257, 311, 485, 302, 185, 153, 67, 235, 39, 119, 20, 495, 557, 361, 65, 32, 50, 405, 246, 471, 319, 460, 74, 82, 590, 513, 572, 25, 314, 115, 234, 482, 94, 165, 455, 478, 326, 328, 410, 384, 437, 203, 347, 285, 296, 325, 529, 174, 269, 525, 47, 501, 552, 179, 207, 435, 406, 443, 5, 365, 89, 494, 518, 362, 33, 86, 315, 261, 26, 473, 411, 472, 4, 576, 7, 172, 433, 432, 489, 463, 104, 2, 505, 502, 105, 305, 60, 312, 233, 449, 439, 280, 70, 192, 51, 133, 373, 514, 538, 470, 568, 363, 213, 256, 247, 238, 240, 30, 584, 200, 445, 0, 598, 596, 230, 453, 546, 155, 216, 340, 157, 268, 421, 93, 212, 415, 229, 586, 123, 301, 595, 558, 110, 263, 106, 520, 81, 134, 146, 62, 519, 308, 40, 205, 393, 163, 521, 386, 575, 250, 189, 148, 467, 324, 136, 492, 339, 423, 408, 428, 87, 464, 374, 129, 353, 300, 357, 56, 260, 116, 493, 571, 79, 85, 135, 137, 218, 522, 225, 524, 298, 507, 474, 342, 469, 147, 456, 385, 369, 554, 98, 255, 22, 527, 242, 414, 113, 577, 61, 99, 80, 441, 400, 528, 143, 511, 335, 183, 16, 27, 38, 465, 535, 195, 531, 63, 581, 236, 227, 358, 8, 329, 336, 193, 223, 508, 556, 118, 184, 214, 368, 559, 35, 281, 198, 194, 41, 271, 12, 459, 424, 96, 3, 259, 477, 367, 21, 447, 580, 594, 587, 599, 392, 503, 158, 419, 141, 317, 462, 206, 510, 425, 277, 71, 196, 288, 321, 103, 438, 117, 228, 46, 332, 307, 211, 426, 331, 34, 299, 541, 450, 64, 567, 442, 420, 499, 354, 170, 382, 344, 553, 132, 436, 534, 264, 171, 125, 403, 592, 54, 487, 266, 180, 429, 391, 287, 356, 270, 540, 542, 574, 122, 479, 530, 9, 42, 291, 124, 583, 548, 28, 197, 167, 108, 144, 585, 220, 597, 1, 486, 164, 413, 199, 57, 589, 55, 142, 551, 390, 497, 289, 573, 488, 72, 550, 131, 395, 545, 265, 197, 409, 430, 394, 78, 14, 58, 539, 381, 286, 182, 370, 490, 480, 484, 446, 366, 90, 466, 215, 222, 500, 313, 396, 416, 209, 114, 140, 283, 224, 496, ]
Best fitness: 33.1419
SEED: 27950

Solution Bins: 
Bin Number: 119
18921 18688 19589 10814 18206 17258 15016 19643 18350 18697 18962 19129 19005 17477 17090 14898 15259 15674 19468 18874 19045 18892 19552 18174 19640 19764 13076 17601 18495 18746 17367 18994 19462 18919 19624 17599 10168 19751 15588 15096 19053 17722 19354 17860 15507 18842 18340 12392 16375 19606 16586 17764 18462 18232 19366 19738 17734 19467 17433 13188 15616 18902 18579 13930 19464 19068 17320 19929 17660 18671 16720 13768 11370 17092 18451 14207 19784 18438 17068 13268 18020 19076 18973 18879 12987 16773 14440 15245 19058 18544 14191 17111 18456 19718 19010 17879 15681 18457 19218 19149 11740 19823 15854 15079 19589 11869 15564 15777 18220 17653 18816 14148 19710 17359 16969 18890 19869 16973 19908 
Elapsed time: 269 s
----------------------------------------

Population size: 600
Problem dimension: 600
Lower bound: 
0 0 0 0 0 0 0 0 0 0 0 0 0 0 0 0 0 0 0 0 0 0 0 0 0 0 0 0 0 0 0 0 0 0 0 0 0 0 0 0 0 0 0 0 0 0 0 0 0 0 0 0 0 0 0 0 0 0 0 0 0 0 0 0 0 0 0 0 0 0 0 0 0 0 0 0 0 0 0 0 0 0 0 0 0 0 0 0 0 0 0 0 0 0 0 0 0 0 0 0 0 0 0 0 0 0 0 0 0 0 0 0 0 0 0 0 0 0 0 0 0 0 0 0 0 0 0 0 0 0 0 0 0 0 0 0 0 0 0 0 0 0 0 0 0 0 0 0 0 0 0 0 0 0 0 0 0 0 0 0 0 0 0 0 0 0 0 0 0 0 0 0 0 0 0 0 0 0 0 0 0 0 0 0 0 0 0 0 0 0 0 0 0 0 0 0 0 0 0 0 0 0 0 0 0 0 0 0 0 0 0 0 0 0 0 0 0 0 0 0 0 0 0 0 0 0 0 0 0 0 0 0 0 0 0 0 0 0 0 0 0 0 0 0 0 0 0 0 0 0 0 0 0 0 0 0 0 0 0 0 0 0 0 0 0 0 0 0 0 0 0 0 0 0 0 0 0 0 0 0 0 0 0 0 0 0 0 0 0 0 0 0 0 0 0 0 0 0 0 0 0 0 0 0 0 0 0 0 0 0 0 0 0 0 0 0 0 0 0 0 0 0 0 0 0 0 0 0 0 0 0 0 0 0 0 0 0 0 0 0 0 0 0 0 0 0 0 0 0 0 0 0 0 0 0 0 0 0 0 0 0 0 0 0 0 0 0 0 0 0 0 0 0 0 0 0 0 0 0 0 0 0 0 0 0 0 0 0 0 0 0 0 0 0 0 0 0 0 0 0 0 0 0 0 0 0 0 0 0 0 0 0 0 0 0 0 0 0 0 0 0 0 0 0 0 0 0 0 0 0 0 0 0 0 0 0 0 0 0 0 0 0 0 0 0 0 0 0 0 0 0 0 0 0 0 0 0 0 0 0 0 0 0 0 0 0 0 0 0 0 0 0 0 0 0 0 0 0 0 0 0 0 0 0 0 0 0 0 0 0 0 0 0 0 0 0 0 0 0 0 0 0 0 0 0 0 0 0 0 0 0 0 0 0 0 0 0 0 0 0 0 0 0 0 0 0 0 0 0 0 0 0 0 0 0 0 0 0 0 0 0 0 0 0 0 0 0 0 0 0 0 0 0 0 0 0 0 0 0 0 0 0 0 0 0 0 0 0 0 0 0 0 0 0 0 0 0 0 0 0 0 0 0 0 0 0 0 0 0 0 0 0 0 0 0 0 0 0 0 0 
Upper bound: 
599 599 599 599 599 599 599 599 599 599 599 599 599 599 599 599 599 599 599 599 599 599 599 599 599 599 599 599 599 599 599 599 599 599 599 599 599 599 599 599 599 599 599 599 599 599 599 599 599 599 599 599 599 599 599 599 599 599 599 599 599 599 599 599 599 599 599 599 599 599 599 599 599 599 599 599 599 599 599 599 599 599 599 599 599 599 599 599 599 599 599 599 599 599 599 599 599 599 599 599 599 599 599 599 599 599 599 599 599 599 599 599 599 599 599 599 599 599 599 599 599 599 599 599 599 599 599 599 599 599 599 599 599 599 599 599 599 599 599 599 599 599 599 599 599 599 599 599 599 599 599 599 599 599 599 599 599 599 599 599 599 599 599 599 599 599 599 599 599 599 599 599 599 599 599 599 599 599 599 599 599 599 599 599 599 599 599 599 599 599 599 599 599 599 599 599 599 599 599 599 599 599 599 599 599 599 599 599 599 599 599 599 599 599 599 599 599 599 599 599 599 599 599 599 599 599 599 599 599 599 599 599 599 599 599 599 599 599 599 599 599 599 599 599 599 599 599 599 599 599 599 599 599 599 599 599 599 599 599 599 599 599 599 599 599 599 599 599 599 599 599 599 599 599 599 599 599 599 599 599 599 599 599 599 599 599 599 599 599 599 599 599 599 599 599 599 599 599 599 599 599 599 599 599 599 599 599 599 599 599 599 599 599 599 599 599 599 599 599 599 599 599 599 599 599 599 599 599 599 599 599 599 599 599 599 599 599 599 599 599 599 599 599 599 599 599 599 599 599 599 599 599 599 599 599 599 599 599 599 599 599 599 599 599 599 599 599 599 599 599 599 599 599 599 599 599 599 599 599 599 599 599 599 599 599 599 599 599 599 599 599 599 599 599 599 599 599 599 599 599 599 599 599 599 599 599 599 599 599 599 599 599 599 599 599 599 599 599 599 599 599 599 599 599 599 599 599 599 599 599 599 599 599 599 599 599 599 599 599 599 599 599 599 599 599 599 599 599 599 599 599 599 599 599 599 599 599 599 599 599 599 599 599 599 599 599 599 599 599 599 599 599 599 599 599 599 599 599 599 599 599 599 599 599 599 599 599 599 599 599 599 599 599 599 599 599 599 599 599 599 599 599 599 599 599 599 599 599 599 599 599 599 599 599 599 599 599 599 599 599 599 599 599 599 599 599 599 599 599 599 599 599 599 599 599 599 599 599 599 599 599 599 599 599 599 599 599 599 599 599 599 599 599 599 599 599 599 599 599 599 599 599 599 599 599 599 599 599 599 599 599 599 599 599 599 599 599 599 599 599 599 599 599 599 599 599 599 599 599 599 599 599 599 599 599 599 599 599 599 599 
Weight factor: 0.8
Crossover rate: 0.9
Max iteration: 6000
Best solution: 
[325, 28, 336, 154, 271, 99, 334, 172, 153, 351, 595, 589, 193, 330, 362, 107, 462, 506, 563, 569, 94, 384, 155, 263, 260, 52, 370, 168, 312, 197, 111, 316, 567, 277, 319, 385, 141, 215, 514, 468, 293, 146, 247, 480, 463, 1, 67, 241, 598, 399, 283, 84, 242, 360, 492, 449, 345, 429, 113, 496, 62, 192, 461, 497, 57, 591, 332, 326, 245, 157, 50, 551, 100, 414, 435, 478, 260, 140, 450, 361, 219, 321, 535, 307, 227, 443, 448, 126, 436, 268, 69, 2, 167, 318, 486, 98, 78, 280, 171, 255, 452, 395, 570, 485, 343, 101, 258, 580, 186, 26, 275, 342, 375, 546, 229, 366, 110, 520, 143, 415, 221, 240, 347, 475, 561, 423, 439, 81, 20, 44, 38, 58, 226, 427, 80, 224, 281, 558, 261, 249, 59, 559, 320, 18, 418, 523, 586, 82, 166, 381, 573, 522, 434, 532, 5, 3, 564, 122, 174, 592, 412, 35, 16, 301, 426, 212, 487, 200, 112, 489, 124, 392, 211, 29, 120, 587, 455, 537, 440, 310, 511, 547, 181, 294, 454, 55, 464, 419, 104, 108, 239, 105, 47, 238, 21, 335, 54, 300, 453, 279, 584, 64, 233, 33, 9, 270, 278, 173, 179, 474, 156, 48, 425, 148, 183, 442, 182, 577, 560, 541, 304, 137, 437, 79, 70, 393, 237, 250, 432, 348, 27, 56, 328, 10, 386, 368, 374, 411, 495, 30, 136, 498, 576, 508, 276, 308, 413, 460, 513, 331, 572, 248, 287, 528, 40, 538, 119, 132, 109, 198, 590, 42, 195, 397, 253, 583, 400, 421, 599, 456, 545, 438, 87, 383, 553, 177, 394, 527, 530, 152, 441, 346, 534, 531, 206, 235, 123, 517, 352, 68, 338, 556, 541, 340, 526, 4, 244, 254, 473, 275, 72, 117, 579, 428, 184, 446, 416, 305, 403, 274, 133, 329, 387, 339, 46, 337, 257, 297, 185, 382, 504, 420, 76, 408, 97, 255, 151, 234, 205, 424, 459, 213, 544, 164, 291, 135, 484, 354, 178, 539, 226, 23, 12, 131, 230, 96, 507, 284, 597, 548, 430, 251, 422, 476, 207, 203, 125, 409, 533, 465, 161, 14, 121, 479, 494, 127, 521, 499, 306, 285, 194, 282, 6, 22, 187, 557, 37, 466, 142, 222, 324, 225, 190, 477, 364, 231, 296, 77, 252, 188, 571, 555, 550, 483, 542, 467, 519, 160, 214, 65, 236, 162, 317, 554, 469, 286, 303, 7, 189, 341, 353, 208, 175, 75, 406, 510, 134, 191, 549, 377, 202, 593, 552, 83, 417, 147, 378, 91, 115, 218, 145, 163, 376, 204, 565, 405, 105, 17, 490, 313, 289, 128, 8, 596, 371, 34, 256, 210, 0, 264, 74, 373, 505, 410, 259, 372, 196, 369, 488, 269, 515, 298, 503, 512, 220, 447, 431, 315, 217, 53, 562, 355, 581, 357, 299, 585, 407, 144, 398, 501, 333, 471, 365, 568, 129, 524, 95, 138, 232, 311, 139, 388, 93, 390, 159, 266, 223, 228, 350, 402, 11, 61, 15, 102, 176, 349, 265, 379, 540, 588, 491, 391, 165, 114, 199, 118, 49, 359, 272, 45, 262, 358, 502, 451, 327, 24, 322, 302, 216, 201, 363, 51, 241, 493, 85, 582, 86, 234, 273, 367, 246, 356, 518, 566, 288, 314, 396, 323, 43, 36, 32, 243, 470, 116, 525, 404, 482, 481, 344, 90, 594, 106, 149, 73, 536, 103, 41, 150, 267, 575, 60, 529, 458, 158, 295, 309, 457, 19, 472, 209, 92, 66, 39, 28, 578, 290, 401, 25, 574, 500, 180, 389, 130, 88, 433, 445, 63, 292, 89, 543, ]
Best fitness: 33.2552
SEED: 12182

Solution Bins: 
Bin Number: 116
18641 18580 13278 18456 19857 14327 18772 19368 19933 19650 19568 16844 9370 19804 19780 19719 16550 14612 15960 19822 19168 19767 19768 18253 18149 14062 19967 16756 18865 13834 14926 11342 18115 19917 19565 17956 19236 17208 18616 19539 18963 18014 19950 15029 19949 15312 19612 17141 19906 15952 19874 12776 19949 18292 13445 14940 18760 19469 17634 19908 19758 18895 18163 19608 17312 19853 17068 17438 14401 14479 19934 17760 9304 19864 18295 15970 19572 19884 18513 15190 17368 14052 18290 19318 12657 18124 19939 19912 19140 19988 19995 17844 19216 16016 17151 13782 12904 19991 19196 19316 19685 17048 18630 19935 17736 19402 18266 11148 13294 14934 18050 19876 14100 19792 13487 18497 
Elapsed time: 278 s
----------------------------------------

Population size: 600
Problem dimension: 600
Lower bound: 
0 0 0 0 0 0 0 0 0 0 0 0 0 0 0 0 0 0 0 0 0 0 0 0 0 0 0 0 0 0 0 0 0 0 0 0 0 0 0 0 0 0 0 0 0 0 0 0 0 0 0 0 0 0 0 0 0 0 0 0 0 0 0 0 0 0 0 0 0 0 0 0 0 0 0 0 0 0 0 0 0 0 0 0 0 0 0 0 0 0 0 0 0 0 0 0 0 0 0 0 0 0 0 0 0 0 0 0 0 0 0 0 0 0 0 0 0 0 0 0 0 0 0 0 0 0 0 0 0 0 0 0 0 0 0 0 0 0 0 0 0 0 0 0 0 0 0 0 0 0 0 0 0 0 0 0 0 0 0 0 0 0 0 0 0 0 0 0 0 0 0 0 0 0 0 0 0 0 0 0 0 0 0 0 0 0 0 0 0 0 0 0 0 0 0 0 0 0 0 0 0 0 0 0 0 0 0 0 0 0 0 0 0 0 0 0 0 0 0 0 0 0 0 0 0 0 0 0 0 0 0 0 0 0 0 0 0 0 0 0 0 0 0 0 0 0 0 0 0 0 0 0 0 0 0 0 0 0 0 0 0 0 0 0 0 0 0 0 0 0 0 0 0 0 0 0 0 0 0 0 0 0 0 0 0 0 0 0 0 0 0 0 0 0 0 0 0 0 0 0 0 0 0 0 0 0 0 0 0 0 0 0 0 0 0 0 0 0 0 0 0 0 0 0 0 0 0 0 0 0 0 0 0 0 0 0 0 0 0 0 0 0 0 0 0 0 0 0 0 0 0 0 0 0 0 0 0 0 0 0 0 0 0 0 0 0 0 0 0 0 0 0 0 0 0 0 0 0 0 0 0 0 0 0 0 0 0 0 0 0 0 0 0 0 0 0 0 0 0 0 0 0 0 0 0 0 0 0 0 0 0 0 0 0 0 0 0 0 0 0 0 0 0 0 0 0 0 0 0 0 0 0 0 0 0 0 0 0 0 0 0 0 0 0 0 0 0 0 0 0 0 0 0 0 0 0 0 0 0 0 0 0 0 0 0 0 0 0 0 0 0 0 0 0 0 0 0 0 0 0 0 0 0 0 0 0 0 0 0 0 0 0 0 0 0 0 0 0 0 0 0 0 0 0 0 0 0 0 0 0 0 0 0 0 0 0 0 0 0 0 0 0 0 0 0 0 0 0 0 0 0 0 0 0 0 0 0 0 0 0 0 0 0 0 0 0 0 0 0 0 0 0 0 0 0 0 0 0 0 0 0 0 0 0 0 0 0 0 0 0 0 0 0 0 0 0 0 0 0 0 0 0 0 0 0 0 0 0 0 0 0 0 0 0 0 0 0 0 0 0 
Upper bound: 
599 599 599 599 599 599 599 599 599 599 599 599 599 599 599 599 599 599 599 599 599 599 599 599 599 599 599 599 599 599 599 599 599 599 599 599 599 599 599 599 599 599 599 599 599 599 599 599 599 599 599 599 599 599 599 599 599 599 599 599 599 599 599 599 599 599 599 599 599 599 599 599 599 599 599 599 599 599 599 599 599 599 599 599 599 599 599 599 599 599 599 599 599 599 599 599 599 599 599 599 599 599 599 599 599 599 599 599 599 599 599 599 599 599 599 599 599 599 599 599 599 599 599 599 599 599 599 599 599 599 599 599 599 599 599 599 599 599 599 599 599 599 599 599 599 599 599 599 599 599 599 599 599 599 599 599 599 599 599 599 599 599 599 599 599 599 599 599 599 599 599 599 599 599 599 599 599 599 599 599 599 599 599 599 599 599 599 599 599 599 599 599 599 599 599 599 599 599 599 599 599 599 599 599 599 599 599 599 599 599 599 599 599 599 599 599 599 599 599 599 599 599 599 599 599 599 599 599 599 599 599 599 599 599 599 599 599 599 599 599 599 599 599 599 599 599 599 599 599 599 599 599 599 599 599 599 599 599 599 599 599 599 599 599 599 599 599 599 599 599 599 599 599 599 599 599 599 599 599 599 599 599 599 599 599 599 599 599 599 599 599 599 599 599 599 599 599 599 599 599 599 599 599 599 599 599 599 599 599 599 599 599 599 599 599 599 599 599 599 599 599 599 599 599 599 599 599 599 599 599 599 599 599 599 599 599 599 599 599 599 599 599 599 599 599 599 599 599 599 599 599 599 599 599 599 599 599 599 599 599 599 599 599 599 599 599 599 599 599 599 599 599 599 599 599 599 599 599 599 599 599 599 599 599 599 599 599 599 599 599 599 599 599 599 599 599 599 599 599 599 599 599 599 599 599 599 599 599 599 599 599 599 599 599 599 599 599 599 599 599 599 599 599 599 599 599 599 599 599 599 599 599 599 599 599 599 599 599 599 599 599 599 599 599 599 599 599 599 599 599 599 599 599 599 599 599 599 599 599 599 599 599 599 599 599 599 599 599 599 599 599 599 599 599 599 599 599 599 599 599 599 599 599 599 599 599 599 599 599 599 599 599 599 599 599 599 599 599 599 599 599 599 599 599 599 599 599 599 599 599 599 599 599 599 599 599 599 599 599 599 599 599 599 599 599 599 599 599 599 599 599 599 599 599 599 599 599 599 599 599 599 599 599 599 599 599 599 599 599 599 599 599 599 599 599 599 599 599 599 599 599 599 599 599 599 599 599 599 599 599 599 599 599 599 599 599 599 599 599 599 599 599 599 599 599 599 599 599 599 599 599 599 599 599 599 599 599 599 599 599 
Weight factor: 0.8
Crossover rate: 0.9
Max iteration: 6000
Best solution: 
[448, 203, 411, 205, 577, 409, 506, 74, 129, 337, 350, 364, 199, 539, 490, 436, 71, 554, 568, 389, 45, 217, 77, 68, 447, 306, 53, 529, 552, 156, 263, 99, 517, 256, 296, 541, 569, 243, 247, 485, 260, 289, 10, 48, 558, 274, 107, 318, 591, 214, 176, 96, 458, 98, 292, 229, 543, 80, 117, 426, 508, 319, 598, 160, 365, 346, 112, 105, 486, 261, 121, 576, 88, 356, 424, 316, 18, 228, 70, 520, 528, 523, 197, 499, 213, 557, 159, 513, 369, 150, 43, 383, 173, 115, 200, 116, 489, 208, 456, 340, 497, 226, 187, 223, 324, 301, 198, 50, 525, 353, 545, 301, 37, 398, 492, 596, 496, 476, 288, 416, 535, 87, 246, 588, 57, 9, 391, 328, 11, 374, 474, 370, 250, 52, 158, 241, 502, 579, 28, 332, 472, 362, 421, 429, 235, 419, 303, 512, 268, 461, 578, 536, 41, 139, 225, 475, 478, 449, 20, 464, 125, 463, 44, 404, 92, 479, 239, 153, 314, 563, 27, 320, 384, 582, 501, 280, 312, 220, 366, 284, 431, 73, 189, 370, 498, 309, 467, 216, 510, 104, 286, 509, 64, 533, 15, 553, 287, 560, 95, 113, 4, 325, 455, 61, 157, 168, 444, 433, 564, 46, 212, 54, 488, 122, 587, 227, 175, 322, 134, 330, 349, 482, 336, 451, 169, 471, 224, 285, 106, 192, 219, 410, 432, 516, 140, 193, 494, 214, 230, 13, 315, 148, 155, 86, 572, 422, 170, 164, 469, 8, 101, 119, 151, 339, 589, 218, 550, 23, 238, 491, 179, 316, 354, 93, 439, 110, 305, 267, 363, 583, 394, 295, 453, 75, 127, 264, 377, 379, 174, 63, 385, 180, 177, 365, 570, 484, 2, 333, 78, 581, 551, 262, 55, 186, 273, 102, 380, 548, 537, 147, 473, 307, 511, 446, 452, 423, 376, 270, 300, 32, 530, 62, 251, 481, 414, 252, 29, 549, 35, 237, 167, 584, 495, 480, 559, 236, 120, 437, 459, 218, 405, 580, 33, 223, 201, 515, 202, 166, 357, 163, 152, 420, 368, 90, 40, 248, 39, 24, 206, 430, 341, 25, 500, 1, 253, 462, 258, 313, 395, 349, 534, 234, 347, 222, 89, 522, 299, 434, 7, 390, 367, 221, 3, 590, 67, 454, 428, 14, 56, 294, 460, 518, 269, 184, 293, 542, 207, 561, 124, 546, 594, 392, 348, 360, 393, 111, 91, 128, 401, 526, 418, 585, 361, 136, 329, 402, 505, 415, 493, 281, 162, 114, 109, 302, 396, 592, 165, 413, 403, 440, 323, 597, 441, 83, 137, 397, 571, 161, 81, 344, 442, 19, 417, 310, 171, 183, 375, 342, 487, 540, 438, 58, 190, 242, 595, 72, 100, 209, 406, 544, 135, 17, 388, 231, 435, 182, 149, 334, 514, 465, 566, 66, 317, 574, 298, 85, 311, 427, 283, 145, 76, 259, 573, 47, 468, 345, 204, 331, 555, 255, 378, 351, 232, 567, 143, 527, 38, 470, 343, 291, 82, 94, 355, 304, 275, 477, 519, 185, 130, 211, 249, 178, 69, 593, 321, 16, 400, 450, 195, 118, 6, 386, 338, 146, 562, 244, 103, 257, 279, 132, 210, 60, 245, 51, 359, 65, 254, 466, 407, 131, 326, 381, 126, 371, 290, 34, 26, 399, 278, 97, 352, 547, 108, 372, 382, 521, 233, 425, 141, 0, 358, 507, 12, 144, 276, 266, 327, 565, 59, 240, 504, 22, 556, 265, 36, 586, 503, 532, 538, 196, 412, 215, 194, 387, 49, 79, 272, 373, 277, 426, 172, 335, 271, 408, 188, 308, 138, 443, 282, 191, 599, 297, 483, 31, 123, 531, 200, 445, 524, 181, ]
Best fitness: 33.5862
SEED: 30949

Solution Bins: 
Bin Number: 114
17491 17778 17475 19274 18140 17125 19610 17778 17889 16733 13689 18383 17005 18789 19983 19720 15612 19232 15223 17312 19476 19680 14125 19767 19813 19606 18294 18948 13523 19628 19423 18121 19679 16341 18601 12532 16851 12260 19857 17522 18922 19919 16516 19586 13668 14587 10968 12960 19582 18737 19658 18715 16775 10788 19391 18280 18661 14164 18898 18694 16580 19740 19748 19308 13787 18378 14339 17852 19698 18998 18644 14798 16259 19637 19505 17741 17006 19614 16864 19983 12376 18388 19336 17728 18110 19538 16638 19991 19932 17504 19359 12235 18966 18149 19592 19136 12420 19675 19251 18170 19482 17082 18890 19936 9641 18566 18482 19154 19658 16647 18477 17886 18326 17603 
Elapsed time: 271 s
----------------------------------------

Population size: 600
Problem dimension: 600
Lower bound: 
0 0 0 0 0 0 0 0 0 0 0 0 0 0 0 0 0 0 0 0 0 0 0 0 0 0 0 0 0 0 0 0 0 0 0 0 0 0 0 0 0 0 0 0 0 0 0 0 0 0 0 0 0 0 0 0 0 0 0 0 0 0 0 0 0 0 0 0 0 0 0 0 0 0 0 0 0 0 0 0 0 0 0 0 0 0 0 0 0 0 0 0 0 0 0 0 0 0 0 0 0 0 0 0 0 0 0 0 0 0 0 0 0 0 0 0 0 0 0 0 0 0 0 0 0 0 0 0 0 0 0 0 0 0 0 0 0 0 0 0 0 0 0 0 0 0 0 0 0 0 0 0 0 0 0 0 0 0 0 0 0 0 0 0 0 0 0 0 0 0 0 0 0 0 0 0 0 0 0 0 0 0 0 0 0 0 0 0 0 0 0 0 0 0 0 0 0 0 0 0 0 0 0 0 0 0 0 0 0 0 0 0 0 0 0 0 0 0 0 0 0 0 0 0 0 0 0 0 0 0 0 0 0 0 0 0 0 0 0 0 0 0 0 0 0 0 0 0 0 0 0 0 0 0 0 0 0 0 0 0 0 0 0 0 0 0 0 0 0 0 0 0 0 0 0 0 0 0 0 0 0 0 0 0 0 0 0 0 0 0 0 0 0 0 0 0 0 0 0 0 0 0 0 0 0 0 0 0 0 0 0 0 0 0 0 0 0 0 0 0 0 0 0 0 0 0 0 0 0 0 0 0 0 0 0 0 0 0 0 0 0 0 0 0 0 0 0 0 0 0 0 0 0 0 0 0 0 0 0 0 0 0 0 0 0 0 0 0 0 0 0 0 0 0 0 0 0 0 0 0 0 0 0 0 0 0 0 0 0 0 0 0 0 0 0 0 0 0 0 0 0 0 0 0 0 0 0 0 0 0 0 0 0 0 0 0 0 0 0 0 0 0 0 0 0 0 0 0 0 0 0 0 0 0 0 0 0 0 0 0 0 0 0 0 0 0 0 0 0 0 0 0 0 0 0 0 0 0 0 0 0 0 0 0 0 0 0 0 0 0 0 0 0 0 0 0 0 0 0 0 0 0 0 0 0 0 0 0 0 0 0 0 0 0 0 0 0 0 0 0 0 0 0 0 0 0 0 0 0 0 0 0 0 0 0 0 0 0 0 0 0 0 0 0 0 0 0 0 0 0 0 0 0 0 0 0 0 0 0 0 0 0 0 0 0 0 0 0 0 0 0 0 0 0 0 0 0 0 0 0 0 0 0 0 0 0 0 0 0 0 0 0 0 0 0 0 0 0 0 0 0 0 0 0 0 0 0 0 0 0 0 0 0 0 0 0 0 0 0 0 
Upper bound: 
599 599 599 599 599 599 599 599 599 599 599 599 599 599 599 599 599 599 599 599 599 599 599 599 599 599 599 599 599 599 599 599 599 599 599 599 599 599 599 599 599 599 599 599 599 599 599 599 599 599 599 599 599 599 599 599 599 599 599 599 599 599 599 599 599 599 599 599 599 599 599 599 599 599 599 599 599 599 599 599 599 599 599 599 599 599 599 599 599 599 599 599 599 599 599 599 599 599 599 599 599 599 599 599 599 599 599 599 599 599 599 599 599 599 599 599 599 599 599 599 599 599 599 599 599 599 599 599 599 599 599 599 599 599 599 599 599 599 599 599 599 599 599 599 599 599 599 599 599 599 599 599 599 599 599 599 599 599 599 599 599 599 599 599 599 599 599 599 599 599 599 599 599 599 599 599 599 599 599 599 599 599 599 599 599 599 599 599 599 599 599 599 599 599 599 599 599 599 599 599 599 599 599 599 599 599 599 599 599 599 599 599 599 599 599 599 599 599 599 599 599 599 599 599 599 599 599 599 599 599 599 599 599 599 599 599 599 599 599 599 599 599 599 599 599 599 599 599 599 599 599 599 599 599 599 599 599 599 599 599 599 599 599 599 599 599 599 599 599 599 599 599 599 599 599 599 599 599 599 599 599 599 599 599 599 599 599 599 599 599 599 599 599 599 599 599 599 599 599 599 599 599 599 599 599 599 599 599 599 599 599 599 599 599 599 599 599 599 599 599 599 599 599 599 599 599 599 599 599 599 599 599 599 599 599 599 599 599 599 599 599 599 599 599 599 599 599 599 599 599 599 599 599 599 599 599 599 599 599 599 599 599 599 599 599 599 599 599 599 599 599 599 599 599 599 599 599 599 599 599 599 599 599 599 599 599 599 599 599 599 599 599 599 599 599 599 599 599 599 599 599 599 599 599 599 599 599 599 599 599 599 599 599 599 599 599 599 599 599 599 599 599 599 599 599 599 599 599 599 599 599 599 599 599 599 599 599 599 599 599 599 599 599 599 599 599 599 599 599 599 599 599 599 599 599 599 599 599 599 599 599 599 599 599 599 599 599 599 599 599 599 599 599 599 599 599 599 599 599 599 599 599 599 599 599 599 599 599 599 599 599 599 599 599 599 599 599 599 599 599 599 599 599 599 599 599 599 599 599 599 599 599 599 599 599 599 599 599 599 599 599 599 599 599 599 599 599 599 599 599 599 599 599 599 599 599 599 599 599 599 599 599 599 599 599 599 599 599 599 599 599 599 599 599 599 599 599 599 599 599 599 599 599 599 599 599 599 599 599 599 599 599 599 599 599 599 599 599 599 599 599 599 599 599 599 599 599 599 599 599 599 599 599 599 599 599 599 599 599 599 
Weight factor: 0.8
Crossover rate: 0.9
Max iteration: 6000
Best solution: 
[238, 350, 562, 99, 84, 178, 509, 447, 190, 149, 369, 416, 170, 542, 382, 358, 282, 568, 293, 15, 429, 36, 488, 212, 521, 159, 301, 21, 312, 385, 62, 540, 101, 493, 441, 215, 26, 255, 46, 18, 232, 517, 367, 315, 242, 581, 408, 440, 576, 306, 465, 237, 136, 374, 314, 583, 79, 180, 376, 131, 377, 340, 129, 220, 33, 9, 87, 271, 41, 575, 407, 371, 110, 424, 553, 490, 323, 112, 100, 413, 398, 283, 415, 0, 189, 182, 68, 500, 150, 151, 13, 320, 475, 330, 427, 125, 216, 265, 139, 494, 199, 379, 578, 206, 162, 61, 187, 404, 468, 448, 432, 198, 409, 529, 307, 254, 172, 305, 277, 89, 360, 438, 531, 480, 592, 339, 526, 161, 262, 487, 183, 539, 267, 418, 4, 492, 478, 75, 524, 431, 310, 154, 513, 168, 362, 213, 393, 146, 378, 204, 208, 598, 70, 246, 425, 148, 428, 176, 77, 157, 402, 527, 73, 37, 12, 337, 470, 104, 599, 573, 27, 118, 464, 587, 489, 532, 17, 359, 484, 245, 229, 30, 145, 233, 181, 290, 321, 221, 35, 115, 461, 160, 23, 491, 498, 205, 302, 184, 134, 200, 163, 121, 30, 497, 503, 241, 482, 530, 76, 226, 438, 507, 85, 558, 212, 173, 395, 590, 342, 554, 191, 203, 43, 11, 253, 456, 505, 460, 194, 257, 300, 591, 240, 353, 116, 406, 252, 368, 325, 59, 352, 364, 535, 291, 266, 54, 2, 105, 251, 5, 294, 78, 405, 372, 29, 450, 446, 327, 380, 421, 106, 231, 430, 214, 207, 510, 528, 223, 167, 64, 445, 522, 235, 201, 403, 133, 467, 508, 309, 197, 196, 142, 462, 90, 269, 94, 596, 396, 284, 567, 71, 32, 250, 336, 74, 537, 217, 439, 400, 188, 329, 6, 192, 191, 499, 390, 185, 258, 86, 349, 495, 381, 459, 7, 276, 435, 422, 285, 388, 375, 103, 63, 16, 344, 328, 389, 512, 547, 474, 354, 356, 42, 548, 287, 123, 343, 566, 44, 543, 483, 523, 317, 83, 391, 14, 399, 111, 577, 420, 48, 66, 555, 222, 479, 247, 319, 179, 387, 20, 597, 423, 93, 255, 65, 473, 50, 334, 501, 383, 224, 426, 40, 437, 273, 469, 97, 227, 518, 419, 549, 411, 304, 363, 28, 534, 147, 98, 326, 126, 127, 533, 546, 585, 451, 561, 338, 308, 91, 296, 209, 248, 236, 481, 551, 453, 218, 140, 346, 280, 572, 564, 38, 455, 322, 211, 155, 186, 436, 557, 397, 1, 82, 348, 515, 288, 95, 410, 219, 261, 463, 318, 165, 138, 56, 276, 119, 230, 225, 313, 560, 373, 164, 281, 594, 81, 433, 449, 80, 332, 135, 331, 299, 275, 25, 58, 268, 472, 171, 166, 357, 452, 355, 471, 142, 298, 88, 45, 292, 366, 60, 274, 457, 347, 571, 243, 386, 210, 586, 113, 506, 31, 541, 458, 511, 496, 69, 311, 477, 476, 443, 324, 563, 504, 122, 52, 289, 341, 414, 417, 228, 519, 144, 8, 156, 351, 401, 256, 295, 193, 401, 361, 175, 595, 538, 177, 345, 96, 520, 257, 442, 407, 565, 132, 278, 466, 589, 264, 130, 57, 333, 303, 10, 55, 516, 444, 579, 570, 263, 279, 593, 260, 67, 22, 384, 19, 545, 584, 233, 486, 49, 574, 259, 174, 239, 434, 525, 114, 556, 580, 143, 137, 270, 53, 485, 47, 51, 552, 394, 297, 158, 34, 392, 365, 3, 286, 536, 102, 370, 383, 412, 272, 108, 153, 514, 92, 249, 117, 72, 244, 124, 128, 454, 335, 502, 234, 120, 582, 544, 202, 569, ]
Best fitness: 34.0674
SEED: 7572

Solution Bins: 
Bin Number: 116
19819 18800 19874 18363 17708 18385 14776 18285 19847 17545 17728 17250 19998 16730 19990 19818 17636 11628 19656 17959 19048 17582 19866 19659 19611 18537 18498 19760 14662 17580 13430 15280 17258 14599 18746 19352 19608 14210 11450 19710 17422 19822 19871 19532 18822 19829 19519 19479 17829 17469 16761 19168 19137 19555 19673 17014 19642 16695 18488 19795 19076 18232 19671 19651 19086 18622 19620 14425 18529 15270 19390 17435 18179 18833 19461 19961 19076 15268 18854 19528 17367 19993 17232 19705 17116 17317 14652 18392 18854 14332 14329 19385 18753 18682 16868 19866 12902 14538 19494 19648 19821 19968 19309 12834 15890 6210 19944 12133 18004 18394 17392 19633 16100 17826 17957 15502 
Elapsed time: 265 s
----------------------------------------

Population size: 600
Problem dimension: 600
Lower bound: 
0 0 0 0 0 0 0 0 0 0 0 0 0 0 0 0 0 0 0 0 0 0 0 0 0 0 0 0 0 0 0 0 0 0 0 0 0 0 0 0 0 0 0 0 0 0 0 0 0 0 0 0 0 0 0 0 0 0 0 0 0 0 0 0 0 0 0 0 0 0 0 0 0 0 0 0 0 0 0 0 0 0 0 0 0 0 0 0 0 0 0 0 0 0 0 0 0 0 0 0 0 0 0 0 0 0 0 0 0 0 0 0 0 0 0 0 0 0 0 0 0 0 0 0 0 0 0 0 0 0 0 0 0 0 0 0 0 0 0 0 0 0 0 0 0 0 0 0 0 0 0 0 0 0 0 0 0 0 0 0 0 0 0 0 0 0 0 0 0 0 0 0 0 0 0 0 0 0 0 0 0 0 0 0 0 0 0 0 0 0 0 0 0 0 0 0 0 0 0 0 0 0 0 0 0 0 0 0 0 0 0 0 0 0 0 0 0 0 0 0 0 0 0 0 0 0 0 0 0 0 0 0 0 0 0 0 0 0 0 0 0 0 0 0 0 0 0 0 0 0 0 0 0 0 0 0 0 0 0 0 0 0 0 0 0 0 0 0 0 0 0 0 0 0 0 0 0 0 0 0 0 0 0 0 0 0 0 0 0 0 0 0 0 0 0 0 0 0 0 0 0 0 0 0 0 0 0 0 0 0 0 0 0 0 0 0 0 0 0 0 0 0 0 0 0 0 0 0 0 0 0 0 0 0 0 0 0 0 0 0 0 0 0 0 0 0 0 0 0 0 0 0 0 0 0 0 0 0 0 0 0 0 0 0 0 0 0 0 0 0 0 0 0 0 0 0 0 0 0 0 0 0 0 0 0 0 0 0 0 0 0 0 0 0 0 0 0 0 0 0 0 0 0 0 0 0 0 0 0 0 0 0 0 0 0 0 0 0 0 0 0 0 0 0 0 0 0 0 0 0 0 0 0 0 0 0 0 0 0 0 0 0 0 0 0 0 0 0 0 0 0 0 0 0 0 0 0 0 0 0 0 0 0 0 0 0 0 0 0 0 0 0 0 0 0 0 0 0 0 0 0 0 0 0 0 0 0 0 0 0 0 0 0 0 0 0 0 0 0 0 0 0 0 0 0 0 0 0 0 0 0 0 0 0 0 0 0 0 0 0 0 0 0 0 0 0 0 0 0 0 0 0 0 0 0 0 0 0 0 0 0 0 0 0 0 0 0 0 0 0 0 0 0 0 0 0 0 0 0 0 0 0 0 0 0 0 0 0 0 0 0 0 0 0 0 0 0 0 0 0 0 0 0 0 0 0 0 0 0 0 0 0 0 0 0 0 0 0 0 0 
Upper bound: 
599 599 599 599 599 599 599 599 599 599 599 599 599 599 599 599 599 599 599 599 599 599 599 599 599 599 599 599 599 599 599 599 599 599 599 599 599 599 599 599 599 599 599 599 599 599 599 599 599 599 599 599 599 599 599 599 599 599 599 599 599 599 599 599 599 599 599 599 599 599 599 599 599 599 599 599 599 599 599 599 599 599 599 599 599 599 599 599 599 599 599 599 599 599 599 599 599 599 599 599 599 599 599 599 599 599 599 599 599 599 599 599 599 599 599 599 599 599 599 599 599 599 599 599 599 599 599 599 599 599 599 599 599 599 599 599 599 599 599 599 599 599 599 599 599 599 599 599 599 599 599 599 599 599 599 599 599 599 599 599 599 599 599 599 599 599 599 599 599 599 599 599 599 599 599 599 599 599 599 599 599 599 599 599 599 599 599 599 599 599 599 599 599 599 599 599 599 599 599 599 599 599 599 599 599 599 599 599 599 599 599 599 599 599 599 599 599 599 599 599 599 599 599 599 599 599 599 599 599 599 599 599 599 599 599 599 599 599 599 599 599 599 599 599 599 599 599 599 599 599 599 599 599 599 599 599 599 599 599 599 599 599 599 599 599 599 599 599 599 599 599 599 599 599 599 599 599 599 599 599 599 599 599 599 599 599 599 599 599 599 599 599 599 599 599 599 599 599 599 599 599 599 599 599 599 599 599 599 599 599 599 599 599 599 599 599 599 599 599 599 599 599 599 599 599 599 599 599 599 599 599 599 599 599 599 599 599 599 599 599 599 599 599 599 599 599 599 599 599 599 599 599 599 599 599 599 599 599 599 599 599 599 599 599 599 599 599 599 599 599 599 599 599 599 599 599 599 599 599 599 599 599 599 599 599 599 599 599 599 599 599 599 599 599 599 599 599 599 599 599 599 599 599 599 599 599 599 599 599 599 599 599 599 599 599 599 599 599 599 599 599 599 599 599 599 599 599 599 599 599 599 599 599 599 599 599 599 599 599 599 599 599 599 599 599 599 599 599 599 599 599 599 599 599 599 599 599 599 599 599 599 599 599 599 599 599 599 599 599 599 599 599 599 599 599 599 599 599 599 599 599 599 599 599 599 599 599 599 599 599 599 599 599 599 599 599 599 599 599 599 599 599 599 599 599 599 599 599 599 599 599 599 599 599 599 599 599 599 599 599 599 599 599 599 599 599 599 599 599 599 599 599 599 599 599 599 599 599 599 599 599 599 599 599 599 599 599 599 599 599 599 599 599 599 599 599 599 599 599 599 599 599 599 599 599 599 599 599 599 599 599 599 599 599 599 599 599 599 599 599 599 599 599 599 599 599 599 599 599 599 599 599 599 599 599 599 599 599 599 599 
Weight factor: 0.8
Crossover rate: 0.9
Max iteration: 6000
Best solution: 
[532, 202, 164, 569, 479, 531, 42, 76, 249, 396, 95, 39, 511, 245, 113, 153, 368, 432, 255, 46, 112, 575, 597, 461, 538, 425, 480, 210, 290, 588, 1, 316, 319, 379, 134, 58, 22, 314, 491, 453, 8, 147, 224, 378, 286, 226, 140, 361, 11, 192, 139, 201, 570, 383, 34, 336, 52, 237, 72, 267, 91, 497, 227, 146, 416, 23, 447, 309, 513, 598, 96, 67, 486, 271, 391, 440, 560, 264, 101, 2, 117, 568, 126, 274, 323, 278, 418, 233, 291, 530, 59, 99, 228, 490, 454, 6, 499, 167, 183, 551, 428, 107, 300, 307, 356, 553, 97, 465, 327, 325, 284, 14, 546, 312, 252, 593, 69, 385, 28, 334, 434, 166, 240, 43, 596, 63, 242, 0, 458, 205, 446, 162, 56, 243, 163, 268, 474, 594, 555, 55, 462, 457, 81, 294, 82, 213, 539, 124, 392, 400, 231, 16, 326, 29, 281, 444, 287, 272, 315, 417, 466, 263, 212, 207, 566, 485, 467, 508, 426, 48, 372, 506, 20, 232, 122, 332, 535, 353, 496, 369, 285, 557, 78, 142, 276, 185, 475, 310, 349, 387, 452, 148, 558, 83, 371, 324, 108, 24, 456, 358, 552, 64, 515, 159, 77, 100, 283, 352, 4, 373, 587, 559, 345, 529, 170, 265, 580, 583, 547, 188, 527, 420, 168, 151, 305, 377, 66, 561, 186, 94, 18, 118, 435, 436, 269, 367, 196, 350, 136, 86, 119, 240, 403, 483, 60, 412, 160, 463, 562, 200, 253, 544, 88, 218, 437, 517, 182, 174, 449, 359, 395, 32, 354, 279, 123, 499, 519, 251, 106, 87, 351, 277, 152, 469, 487, 131, 208, 50, 494, 501, 187, 221, 419, 225, 599, 382, 542, 33, 523, 90, 328, 545, 161, 470, 306, 342, 135, 19, 80, 476, 478, 498, 317, 424, 504, 103, 329, 256, 384, 533, 68, 138, 365, 26, 110, 148, 411, 109, 44, 199, 488, 298, 296, 184, 397, 431, 582, 448, 451, 9, 429, 143, 31, 464, 304, 362, 536, 85, 137, 472, 493, 550, 120, 421, 348, 157, 141, 344, 322, 376, 375, 477, 93, 238, 408, 526, 405, 165, 49, 125, 471, 214, 36, 260, 63, 402, 65, 439, 406, 239, 92, 176, 177, 178, 438, 554, 89, 321, 516, 129, 156, 564, 130, 203, 346, 223, 21, 330, 247, 505, 275, 441, 191, 521, 38, 484, 280, 311, 150, 543, 522, 514, 193, 220, 409, 179, 37, 270, 12, 98, 51, 525, 407, 335, 422, 443, 401, 584, 318, 586, 53, 360, 388, 219, 45, 35, 571, 579, 144, 306, 528, 592, 259, 482, 313, 343, 282, 54, 585, 7, 261, 180, 390, 509, 234, 577, 211, 75, 590, 503, 57, 320, 510, 3, 295, 268, 347, 250, 374, 246, 394, 551, 13, 248, 541, 574, 195, 70, 155, 79, 213, 241, 339, 273, 578, 169, 104, 341, 15, 415, 404, 442, 61, 565, 331, 589, 481, 502, 27, 292, 563, 204, 413, 206, 450, 364, 215, 297, 266, 572, 363, 460, 455, 175, 190, 289, 10, 40, 302, 288, 489, 116, 573, 121, 534, 338, 71, 427, 230, 293, 393, 492, 74, 512, 41, 84, 209, 73, 355, 198, 591, 189, 433, 518, 30, 194, 540, 459, 500, 567, 235, 423, 386, 102, 154, 236, 495, 333, 370, 158, 216, 380, 389, 114, 357, 262, 133, 581, 473, 128, 222, 595, 381, 414, 171, 25, 398, 301, 47, 149, 340, 322, 548, 299, 537, 181, 5, 62, 549, 308, 244, 520, 254, 145, 173, 576, 132, 556, 303, 445, 127, 17, 258, 115, 111, 366, 507, 229, 337, 217, ]
Best fitness: 31.1435
SEED: 22308

Solution Bins: 
Bin Number: 117
18788 19068 18960 17588 15685 17896 15798 18172 18106 18449 19866 18148 18141 18745 19444 19162 16944 12760 18549 19428 19933 18910 18567 17321 15332 17833 18311 19034 19769 17592 19879 19452 18326 17358 19263 19661 19070 19913 17562 17263 11250 18018 19282 11616 18220 13062 19469 13698 18884 19708 19402 19678 19296 17199 18599 19528 16648 16605 18586 14390 18608 19531 16074 12396 14062 19423 12501 18814 16826 19649 17798 18670 18836 19816 19916 14849 19119 19621 17711 18741 16240 17976 19598 18657 19856 19703 19349 19758 19654 16701 19808 19442 13586 19298 15924 19836 18125 17441 19655 17535 19011 16982 18850 19366 18920 17253 19948 8861 18496 18305 18035 17096 16668 15807 16144 18350 19890 
Elapsed time: 267 s
----------------------------------------

Population size: 600
Problem dimension: 600
Lower bound: 
0 0 0 0 0 0 0 0 0 0 0 0 0 0 0 0 0 0 0 0 0 0 0 0 0 0 0 0 0 0 0 0 0 0 0 0 0 0 0 0 0 0 0 0 0 0 0 0 0 0 0 0 0 0 0 0 0 0 0 0 0 0 0 0 0 0 0 0 0 0 0 0 0 0 0 0 0 0 0 0 0 0 0 0 0 0 0 0 0 0 0 0 0 0 0 0 0 0 0 0 0 0 0 0 0 0 0 0 0 0 0 0 0 0 0 0 0 0 0 0 0 0 0 0 0 0 0 0 0 0 0 0 0 0 0 0 0 0 0 0 0 0 0 0 0 0 0 0 0 0 0 0 0 0 0 0 0 0 0 0 0 0 0 0 0 0 0 0 0 0 0 0 0 0 0 0 0 0 0 0 0 0 0 0 0 0 0 0 0 0 0 0 0 0 0 0 0 0 0 0 0 0 0 0 0 0 0 0 0 0 0 0 0 0 0 0 0 0 0 0 0 0 0 0 0 0 0 0 0 0 0 0 0 0 0 0 0 0 0 0 0 0 0 0 0 0 0 0 0 0 0 0 0 0 0 0 0 0 0 0 0 0 0 0 0 0 0 0 0 0 0 0 0 0 0 0 0 0 0 0 0 0 0 0 0 0 0 0 0 0 0 0 0 0 0 0 0 0 0 0 0 0 0 0 0 0 0 0 0 0 0 0 0 0 0 0 0 0 0 0 0 0 0 0 0 0 0 0 0 0 0 0 0 0 0 0 0 0 0 0 0 0 0 0 0 0 0 0 0 0 0 0 0 0 0 0 0 0 0 0 0 0 0 0 0 0 0 0 0 0 0 0 0 0 0 0 0 0 0 0 0 0 0 0 0 0 0 0 0 0 0 0 0 0 0 0 0 0 0 0 0 0 0 0 0 0 0 0 0 0 0 0 0 0 0 0 0 0 0 0 0 0 0 0 0 0 0 0 0 0 0 0 0 0 0 0 0 0 0 0 0 0 0 0 0 0 0 0 0 0 0 0 0 0 0 0 0 0 0 0 0 0 0 0 0 0 0 0 0 0 0 0 0 0 0 0 0 0 0 0 0 0 0 0 0 0 0 0 0 0 0 0 0 0 0 0 0 0 0 0 0 0 0 0 0 0 0 0 0 0 0 0 0 0 0 0 0 0 0 0 0 0 0 0 0 0 0 0 0 0 0 0 0 0 0 0 0 0 0 0 0 0 0 0 0 0 0 0 0 0 0 0 0 0 0 0 0 0 0 0 0 0 0 0 0 0 0 0 0 0 0 0 0 0 0 0 0 0 0 0 0 0 0 0 0 0 0 0 0 0 0 0 0 0 0 0 0 0 0 0 
Upper bound: 
599 599 599 599 599 599 599 599 599 599 599 599 599 599 599 599 599 599 599 599 599 599 599 599 599 599 599 599 599 599 599 599 599 599 599 599 599 599 599 599 599 599 599 599 599 599 599 599 599 599 599 599 599 599 599 599 599 599 599 599 599 599 599 599 599 599 599 599 599 599 599 599 599 599 599 599 599 599 599 599 599 599 599 599 599 599 599 599 599 599 599 599 599 599 599 599 599 599 599 599 599 599 599 599 599 599 599 599 599 599 599 599 599 599 599 599 599 599 599 599 599 599 599 599 599 599 599 599 599 599 599 599 599 599 599 599 599 599 599 599 599 599 599 599 599 599 599 599 599 599 599 599 599 599 599 599 599 599 599 599 599 599 599 599 599 599 599 599 599 599 599 599 599 599 599 599 599 599 599 599 599 599 599 599 599 599 599 599 599 599 599 599 599 599 599 599 599 599 599 599 599 599 599 599 599 599 599 599 599 599 599 599 599 599 599 599 599 599 599 599 599 599 599 599 599 599 599 599 599 599 599 599 599 599 599 599 599 599 599 599 599 599 599 599 599 599 599 599 599 599 599 599 599 599 599 599 599 599 599 599 599 599 599 599 599 599 599 599 599 599 599 599 599 599 599 599 599 599 599 599 599 599 599 599 599 599 599 599 599 599 599 599 599 599 599 599 599 599 599 599 599 599 599 599 599 599 599 599 599 599 599 599 599 599 599 599 599 599 599 599 599 599 599 599 599 599 599 599 599 599 599 599 599 599 599 599 599 599 599 599 599 599 599 599 599 599 599 599 599 599 599 599 599 599 599 599 599 599 599 599 599 599 599 599 599 599 599 599 599 599 599 599 599 599 599 599 599 599 599 599 599 599 599 599 599 599 599 599 599 599 599 599 599 599 599 599 599 599 599 599 599 599 599 599 599 599 599 599 599 599 599 599 599 599 599 599 599 599 599 599 599 599 599 599 599 599 599 599 599 599 599 599 599 599 599 599 599 599 599 599 599 599 599 599 599 599 599 599 599 599 599 599 599 599 599 599 599 599 599 599 599 599 599 599 599 599 599 599 599 599 599 599 599 599 599 599 599 599 599 599 599 599 599 599 599 599 599 599 599 599 599 599 599 599 599 599 599 599 599 599 599 599 599 599 599 599 599 599 599 599 599 599 599 599 599 599 599 599 599 599 599 599 599 599 599 599 599 599 599 599 599 599 599 599 599 599 599 599 599 599 599 599 599 599 599 599 599 599 599 599 599 599 599 599 599 599 599 599 599 599 599 599 599 599 599 599 599 599 599 599 599 599 599 599 599 599 599 599 599 599 599 599 599 599 599 599 599 599 599 599 599 599 599 599 599 599 599 599 599 599 
Weight factor: 0.8
Crossover rate: 0.9
Max iteration: 6000
Best solution: 
[377, 465, 163, 46, 489, 66, 354, 309, 496, 71, 29, 174, 333, 144, 279, 294, 379, 438, 535, 330, 413, 31, 558, 494, 24, 321, 360, 20, 173, 39, 408, 570, 466, 305, 241, 524, 265, 50, 51, 323, 342, 5, 549, 581, 383, 123, 371, 151, 433, 325, 110, 425, 160, 240, 227, 264, 344, 237, 345, 320, 565, 329, 132, 315, 516, 566, 587, 44, 386, 545, 260, 131, 418, 513, 436, 280, 594, 56, 530, 59, 519, 569, 404, 254, 534, 272, 528, 239, 213, 529, 514, 525, 275, 84, 427, 299, 595, 409, 251, 201, 32, 100, 503, 48, 333, 218, 133, 17, 373, 493, 328, 61, 102, 91, 343, 352, 312, 571, 421, 166, 186, 223, 490, 349, 390, 289, 406, 238, 560, 246, 419, 78, 176, 322, 429, 445, 510, 479, 278, 398, 495, 113, 247, 152, 326, 18, 126, 150, 598, 12, 119, 508, 286, 551, 108, 290, 448, 357, 14, 488, 130, 347, 33, 478, 92, 599, 306, 139, 310, 128, 175, 60, 475, 215, 548, 168, 244, 477, 101, 532, 370, 283, 463, 94, 482, 204, 193, 256, 4, 281, 271, 141, 461, 586, 40, 77, 233, 149, 397, 148, 363, 470, 550, 203, 178, 301, 555, 382, 327, 335, 533, 105, 308, 179, 250, 154, 590, 362, 297, 172, 348, 230, 518, 446, 416, 337, 434, 428, 98, 577, 116, 447, 63, 231, 589, 318, 111, 210, 531, 85, 188, 313, 211, 515, 138, 400, 401, 68, 307, 129, 97, 220, 125, 473, 420, 9, 266, 426, 468, 25, 355, 167, 205, 439, 364, 384, 464, 538, 553, 391, 311, 274, 523, 158, 190, 455, 21, 6, 277, 542, 453, 2, 580, 460, 37, 298, 87, 249, 217, 392, 403, 454, 423, 411, 387, 350, 324, 381, 520, 459, 399, 219, 198, 134, 214, 55, 54, 52, 112, 389, 469, 140, 593, 8, 547, 107, 562, 284, 130, 504, 62, 563, 573, 402, 118, 80, 522, 146, 294, 74, 336, 0, 194, 145, 432, 153, 191, 127, 216, 182, 88, 588, 16, 375, 302, 43, 339, 341, 576, 574, 76, 38, 5, 235, 142, 228, 147, 86, 579, 199, 512, 486, 157, 124, 232, 442, 197, 572, 27, 136, 393, 143, 540, 567, 196, 314, 42, 99, 208, 506, 83, 291, 376, 26, 35, 559, 261, 476, 527, 414, 255, 592, 270, 103, 338, 81, 303, 164, 359, 142, 541, 243, 288, 505, 537, 207, 334, 497, 457, 185, 73, 117, 36, 484, 498, 323, 137, 407, 462, 75, 7, 234, 287, 591, 332, 456, 452, 3, 49, 170, 346, 304, 285, 499, 491, 561, 229, 437, 192, 195, 316, 378, 356, 564, 417, 501, 385, 441, 394, 155, 472, 507, 443, 28, 319, 435, 165, 368, 67, 361, 372, 180, 597, 369, 162, 114, 282, 104, 557, 268, 161, 225, 300, 388, 184, 395, 187, 259, 209, 578, 500, 212, 30, 431, 267, 503, 546, 109, 121, 410, 169, 262, 293, 568, 263, 236, 253, 556, 245, 273, 57, 248, 181, 10, 195, 487, 430, 467, 366, 200, 258, 582, 422, 159, 449, 252, 585, 365, 450, 171, 226, 526, 19, 480, 65, 221, 331, 89, 206, 544, 96, 224, 90, 183, 34, 269, 58, 575, 471, 292, 295, 13, 353, 11, 358, 596, 492, 72, 474, 351, 177, 115, 23, 380, 53, 536, 412, 70, 451, 45, 135, 47, 106, 1, 444, 405, 82, 22, 424, 583, 202, 481, 122, 242, 485, 69, 276, 156, 554, 483, 64, 15, 521, 584, 517, 458, 509, 317, 257, 93, 440, 374, 543, 396, 415, 552, 41, 367, 340, 502, ]
Best fitness: 33.479
SEED: 30540

Solution Bins: 
Bin Number: 117
12932 19168 14266 19744 19754 18551 18926 17990 19527 13797 16825 19913 19758 19943 19735 19861 19093 15883 13472 19909 18185 19756 19382 18507 19948 17644 12114 14590 19610 16863 16795 16900 9816 17019 19553 19464 19175 18414 15396 18630 16034 16751 19710 19816 19006 17737 18922 18778 19802 16866 19762 19734 19171 17884 19250 17010 19761 13928 13853 16494 16230 13757 18403 19534 19140 15088 18969 18090 19271 16445 18938 14172 13188 11295 19715 18926 13923 18048 18186 19997 12452 17116 19364 18482 19207 19615 19668 17539 18823 12470 19781 19910 16594 17961 18298 16891 13536 18880 19812 19929 19287 19814 18220 9217 18347 19163 18555 12458 17046 14834 14014 16770 15660 17836 15250 19246 18846 
Elapsed time: 273 s
----------------------------------------

Population size: 600
Problem dimension: 600
Lower bound: 
0 0 0 0 0 0 0 0 0 0 0 0 0 0 0 0 0 0 0 0 0 0 0 0 0 0 0 0 0 0 0 0 0 0 0 0 0 0 0 0 0 0 0 0 0 0 0 0 0 0 0 0 0 0 0 0 0 0 0 0 0 0 0 0 0 0 0 0 0 0 0 0 0 0 0 0 0 0 0 0 0 0 0 0 0 0 0 0 0 0 0 0 0 0 0 0 0 0 0 0 0 0 0 0 0 0 0 0 0 0 0 0 0 0 0 0 0 0 0 0 0 0 0 0 0 0 0 0 0 0 0 0 0 0 0 0 0 0 0 0 0 0 0 0 0 0 0 0 0 0 0 0 0 0 0 0 0 0 0 0 0 0 0 0 0 0 0 0 0 0 0 0 0 0 0 0 0 0 0 0 0 0 0 0 0 0 0 0 0 0 0 0 0 0 0 0 0 0 0 0 0 0 0 0 0 0 0 0 0 0 0 0 0 0 0 0 0 0 0 0 0 0 0 0 0 0 0 0 0 0 0 0 0 0 0 0 0 0 0 0 0 0 0 0 0 0 0 0 0 0 0 0 0 0 0 0 0 0 0 0 0 0 0 0 0 0 0 0 0 0 0 0 0 0 0 0 0 0 0 0 0 0 0 0 0 0 0 0 0 0 0 0 0 0 0 0 0 0 0 0 0 0 0 0 0 0 0 0 0 0 0 0 0 0 0 0 0 0 0 0 0 0 0 0 0 0 0 0 0 0 0 0 0 0 0 0 0 0 0 0 0 0 0 0 0 0 0 0 0 0 0 0 0 0 0 0 0 0 0 0 0 0 0 0 0 0 0 0 0 0 0 0 0 0 0 0 0 0 0 0 0 0 0 0 0 0 0 0 0 0 0 0 0 0 0 0 0 0 0 0 0 0 0 0 0 0 0 0 0 0 0 0 0 0 0 0 0 0 0 0 0 0 0 0 0 0 0 0 0 0 0 0 0 0 0 0 0 0 0 0 0 0 0 0 0 0 0 0 0 0 0 0 0 0 0 0 0 0 0 0 0 0 0 0 0 0 0 0 0 0 0 0 0 0 0 0 0 0 0 0 0 0 0 0 0 0 0 0 0 0 0 0 0 0 0 0 0 0 0 0 0 0 0 0 0 0 0 0 0 0 0 0 0 0 0 0 0 0 0 0 0 0 0 0 0 0 0 0 0 0 0 0 0 0 0 0 0 0 0 0 0 0 0 0 0 0 0 0 0 0 0 0 0 0 0 0 0 0 0 0 0 0 0 0 0 0 0 0 0 0 0 0 0 0 0 0 0 0 0 0 0 0 0 0 0 0 0 0 0 0 0 0 0 0 0 0 0 0 0 0 
Upper bound: 
599 599 599 599 599 599 599 599 599 599 599 599 599 599 599 599 599 599 599 599 599 599 599 599 599 599 599 599 599 599 599 599 599 599 599 599 599 599 599 599 599 599 599 599 599 599 599 599 599 599 599 599 599 599 599 599 599 599 599 599 599 599 599 599 599 599 599 599 599 599 599 599 599 599 599 599 599 599 599 599 599 599 599 599 599 599 599 599 599 599 599 599 599 599 599 599 599 599 599 599 599 599 599 599 599 599 599 599 599 599 599 599 599 599 599 599 599 599 599 599 599 599 599 599 599 599 599 599 599 599 599 599 599 599 599 599 599 599 599 599 599 599 599 599 599 599 599 599 599 599 599 599 599 599 599 599 599 599 599 599 599 599 599 599 599 599 599 599 599 599 599 599 599 599 599 599 599 599 599 599 599 599 599 599 599 599 599 599 599 599 599 599 599 599 599 599 599 599 599 599 599 599 599 599 599 599 599 599 599 599 599 599 599 599 599 599 599 599 599 599 599 599 599 599 599 599 599 599 599 599 599 599 599 599 599 599 599 599 599 599 599 599 599 599 599 599 599 599 599 599 599 599 599 599 599 599 599 599 599 599 599 599 599 599 599 599 599 599 599 599 599 599 599 599 599 599 599 599 599 599 599 599 599 599 599 599 599 599 599 599 599 599 599 599 599 599 599 599 599 599 599 599 599 599 599 599 599 599 599 599 599 599 599 599 599 599 599 599 599 599 599 599 599 599 599 599 599 599 599 599 599 599 599 599 599 599 599 599 599 599 599 599 599 599 599 599 599 599 599 599 599 599 599 599 599 599 599 599 599 599 599 599 599 599 599 599 599 599 599 599 599 599 599 599 599 599 599 599 599 599 599 599 599 599 599 599 599 599 599 599 599 599 599 599 599 599 599 599 599 599 599 599 599 599 599 599 599 599 599 599 599 599 599 599 599 599 599 599 599 599 599 599 599 599 599 599 599 599 599 599 599 599 599 599 599 599 599 599 599 599 599 599 599 599 599 599 599 599 599 599 599 599 599 599 599 599 599 599 599 599 599 599 599 599 599 599 599 599 599 599 599 599 599 599 599 599 599 599 599 599 599 599 599 599 599 599 599 599 599 599 599 599 599 599 599 599 599 599 599 599 599 599 599 599 599 599 599 599 599 599 599 599 599 599 599 599 599 599 599 599 599 599 599 599 599 599 599 599 599 599 599 599 599 599 599 599 599 599 599 599 599 599 599 599 599 599 599 599 599 599 599 599 599 599 599 599 599 599 599 599 599 599 599 599 599 599 599 599 599 599 599 599 599 599 599 599 599 599 599 599 599 599 599 599 599 599 599 599 599 599 599 599 599 599 599 599 599 599 599 599 
Weight factor: 0.8
Crossover rate: 0.9
Max iteration: 6000
Best solution: 
[255, 587, 497, 226, 408, 338, 484, 252, 82, 567, 326, 481, 436, 529, 439, 596, 404, 405, 195, 293, 155, 359, 519, 373, 191, 96, 582, 54, 584, 272, 351, 389, 370, 364, 276, 348, 166, 447, 523, 67, 228, 525, 243, 411, 183, 333, 246, 299, 24, 64, 263, 281, 554, 595, 74, 215, 107, 282, 260, 99, 3, 48, 16, 207, 545, 456, 462, 391, 568, 457, 269, 432, 470, 49, 113, 365, 247, 65, 350, 265, 146, 540, 189, 162, 531, 571, 415, 78, 427, 43, 309, 61, 25, 396, 289, 589, 163, 34, 598, 547, 21, 36, 583, 534, 261, 483, 75, 471, 11, 256, 446, 393, 10, 437, 23, 528, 4, 209, 325, 223, 198, 257, 494, 278, 240, 345, 268, 175, 331, 110, 492, 328, 395, 0, 152, 496, 275, 190, 340, 363, 510, 532, 31, 63, 233, 264, 160, 360, 578, 104, 132, 234, 141, 291, 562, 308, 500, 244, 304, 417, 88, 397, 474, 390, 558, 471, 479, 108, 332, 119, 548, 416, 135, 398, 555, 413, 590, 463, 453, 550, 100, 443, 32, 124, 459, 6, 202, 379, 318, 518, 597, 560, 19, 76, 322, 284, 38, 120, 280, 288, 316, 178, 69, 218, 449, 151, 44, 161, 154, 212, 193, 313, 430, 181, 199, 563, 367, 194, 300, 26, 491, 217, 266, 549, 177, 546, 425, 115, 482, 347, 580, 561, 485, 536, 346, 27, 72, 375, 381, 445, 520, 39, 182, 305, 575, 421, 475, 539, 493, 229, 156, 533, 290, 454, 137, 354, 599, 133, 461, 121, 206, 327, 465, 80, 277, 295, 343, 62, 270, 2, 230, 231, 204, 173, 225, 324, 126, 472, 13, 537, 366, 185, 329, 577, 97, 512, 37, 251, 92, 165, 58, 349, 362, 214, 17, 438, 319, 84, 254, 400, 495, 420, 271, 208, 526, 184, 451, 111, 387, 41, 227, 129, 488, 114, 93, 452, 210, 171, 294, 238, 116, 122, 386, 355, 94, 477, 47, 292, 20, 258, 442, 201, 211, 579, 572, 236, 169, 22, 455, 245, 136, 317, 473, 216, 131, 307, 515, 517, 12, 95, 402, 303, 1, 433, 73, 70, 42, 468, 503, 314, 248, 143, 153, 502, 312, 435, 188, 46, 576, 235, 336, 273, 213, 310, 101, 222, 286, 406, 197, 330, 159, 203, 559, 469, 419, 335, 224, 134, 407, 9, 337, 478, 592, 521, 394, 239, 480, 40, 205, 556, 418, 59, 508, 352, 353, 128, 410, 102, 376, 320, 45, 261, 51, 174, 5, 279, 464, 467, 52, 81, 409, 130, 392, 86, 357, 466, 490, 341, 123, 573, 149, 434, 541, 298, 90, 242, 148, 127, 530, 254, 385, 187, 164, 401, 283, 581, 150, 91, 167, 591, 505, 259, 232, 145, 382, 412, 28, 15, 297, 542, 414, 388, 522, 574, 377, 369, 431, 301, 306, 339, 142, 551, 138, 249, 30, 66, 527, 543, 321, 374, 399, 7, 524, 334, 53, 424, 172, 489, 372, 429, 570, 55, 501, 112, 315, 14, 157, 514, 342, 323, 98, 378, 109, 511, 237, 422, 79, 588, 89, 487, 426, 506, 586, 344, 296, 371, 170, 553, 168, 499, 507, 250, 262, 267, 476, 241, 77, 486, 299, 274, 368, 450, 569, 566, 448, 105, 56, 101, 196, 139, 117, 118, 57, 423, 200, 176, 311, 444, 458, 383, 18, 516, 419, 8, 35, 221, 380, 158, 186, 103, 144, 460, 289, 535, 564, 60, 33, 441, 509, 358, 552, 140, 106, 498, 219, 565, 356, 594, 220, 125, 384, 87, 585, 428, 440, 29, 71, 513, 403, 285, 302, 504, 180, 287, 179, 192, 50, 538, 343, 361, ]
Best fitness: 33.1315
SEED: 9530

Solution Bins: 
Bin Number: 114
17806 19243 12057 19837 19891 19193 19572 17387 19826 19931 14009 16025 18594 17256 12550 17610 18977 14668 19188 19994 15426 15015 19126 19858 16727 15015 18946 19378 13033 19643 8754 19896 18246 15099 15320 19209 19647 18100 17732 10706 17540 19636 19982 18559 17965 19864 17858 19471 17456 19226 16826 19549 16588 15950 17206 17584 17675 17007 14856 17702 19894 19866 17019 17389 18879 19526 8936 17982 19556 13586 19467 12694 18949 19914 16161 19090 19272 19451 18034 17686 19289 14508 19781 15458 15707 14857 15924 19652 16985 17992 16348 19782 17501 17904 16923 19316 19760 19215 17654 10688 13886 19861 12420 19736 18193 19794 19940 15954 17782 19301 19539 16426 17353 17418 
Elapsed time: 266 s
----------------------------------------

