Population size: 600
Problem dimension: 801
Lower bound: 
0 0 0 0 0 0 0 0 0 0 0 0 0 0 0 0 0 0 0 0 0 0 0 0 0 0 0 0 0 0 0 0 0 0 0 0 0 0 0 0 0 0 0 0 0 0 0 0 0 0 0 0 0 0 0 0 0 0 0 0 0 0 0 0 0 0 0 0 0 0 0 0 0 0 0 0 0 0 0 0 0 0 0 0 0 0 0 0 0 0 0 0 0 0 0 0 0 0 0 0 0 0 0 0 0 0 0 0 0 0 0 0 0 0 0 0 0 0 0 0 0 0 0 0 0 0 0 0 0 0 0 0 0 0 0 0 0 0 0 0 0 0 0 0 0 0 0 0 0 0 0 0 0 0 0 0 0 0 0 0 0 0 0 0 0 0 0 0 0 0 0 0 0 0 0 0 0 0 0 0 0 0 0 0 0 0 0 0 0 0 0 0 0 0 0 0 0 0 0 0 0 0 0 0 0 0 0 0 0 0 0 0 0 0 0 0 0 0 0 0 0 0 0 0 0 0 0 0 0 0 0 0 0 0 0 0 0 0 0 0 0 0 0 0 0 0 0 0 0 0 0 0 0 0 0 0 0 0 0 0 0 0 0 0 0 0 0 0 0 0 0 0 0 0 0 0 0 0 0 0 0 0 0 0 0 0 0 0 0 0 0 0 0 0 0 0 0 0 0 0 0 0 0 0 0 0 0 0 0 0 0 0 0 0 0 0 0 0 0 0 0 0 0 0 0 0 0 0 0 0 0 0 0 0 0 0 0 0 0 0 0 0 0 0 0 0 0 0 0 0 0 0 0 0 0 0 0 0 0 0 0 0 0 0 0 0 0 0 0 0 0 0 0 0 0 0 0 0 0 0 0 0 0 0 0 0 0 0 0 0 0 0 0 0 0 0 0 0 0 0 0 0 0 0 0 0 0 0 0 0 0 0 0 0 0 0 0 0 0 0 0 0 0 0 0 0 0 0 0 0 0 0 0 0 0 0 0 0 0 0 0 0 0 0 0 0 0 0 0 0 0 0 0 0 0 0 0 0 0 0 0 0 0 0 0 0 0 0 0 0 0 0 0 0 0 0 0 0 0 0 0 0 0 0 0 0 0 0 0 0 0 0 0 0 0 0 0 0 0 0 0 0 0 0 0 0 0 0 0 0 0 0 0 0 0 0 0 0 0 0 0 0 0 0 0 0 0 0 0 0 0 0 0 0 0 0 0 0 0 0 0 0 0 0 0 0 0 0 0 0 0 0 0 0 0 0 0 0 0 0 0 0 0 0 0 0 0 0 0 0 0 0 0 0 0 0 0 0 0 0 0 0 0 0 0 0 0 0 0 0 0 0 0 0 0 0 0 0 0 0 0 0 0 0 0 0 0 0 0 0 0 0 0 0 0 0 0 0 0 0 0 0 0 0 0 0 0 0 0 0 0 0 0 0 0 0 0 0 0 0 0 0 0 0 0 0 0 0 0 0 0 0 0 0 0 0 0 0 0 0 0 0 0 0 0 0 0 0 0 0 0 0 0 0 0 0 0 0 0 0 0 0 0 0 0 0 0 0 0 0 0 0 0 0 0 0 0 0 0 0 0 0 0 0 0 0 0 0 0 0 0 0 0 0 0 0 0 0 0 0 0 0 0 0 0 0 0 0 0 0 0 0 0 0 0 0 0 0 0 0 0 0 0 0 0 0 0 0 0 0 0 0 0 0 0 0 0 0 0 0 0 0 0 0 0 0 0 0 0 0 0 0 0 0 0 0 0 0 0 0 0 0 0 0 0 0 0 0 0 0 0 0 0 0 0 0 0 0 0 0 0 
Upper bound: 
800 800 800 800 800 800 800 800 800 800 800 800 800 800 800 800 800 800 800 800 800 800 800 800 800 800 800 800 800 800 800 800 800 800 800 800 800 800 800 800 800 800 800 800 800 800 800 800 800 800 800 800 800 800 800 800 800 800 800 800 800 800 800 800 800 800 800 800 800 800 800 800 800 800 800 800 800 800 800 800 800 800 800 800 800 800 800 800 800 800 800 800 800 800 800 800 800 800 800 800 800 800 800 800 800 800 800 800 800 800 800 800 800 800 800 800 800 800 800 800 800 800 800 800 800 800 800 800 800 800 800 800 800 800 800 800 800 800 800 800 800 800 800 800 800 800 800 800 800 800 800 800 800 800 800 800 800 800 800 800 800 800 800 800 800 800 800 800 800 800 800 800 800 800 800 800 800 800 800 800 800 800 800 800 800 800 800 800 800 800 800 800 800 800 800 800 800 800 800 800 800 800 800 800 800 800 800 800 800 800 800 800 800 800 800 800 800 800 800 800 800 800 800 800 800 800 800 800 800 800 800 800 800 800 800 800 800 800 800 800 800 800 800 800 800 800 800 800 800 800 800 800 800 800 800 800 800 800 800 800 800 800 800 800 800 800 800 800 800 800 800 800 800 800 800 800 800 800 800 800 800 800 800 800 800 800 800 800 800 800 800 800 800 800 800 800 800 800 800 800 800 800 800 800 800 800 800 800 800 800 800 800 800 800 800 800 800 800 800 800 800 800 800 800 800 800 800 800 800 800 800 800 800 800 800 800 800 800 800 800 800 800 800 800 800 800 800 800 800 800 800 800 800 800 800 800 800 800 800 800 800 800 800 800 800 800 800 800 800 800 800 800 800 800 800 800 800 800 800 800 800 800 800 800 800 800 800 800 800 800 800 800 800 800 800 800 800 800 800 800 800 800 800 800 800 800 800 800 800 800 800 800 800 800 800 800 800 800 800 800 800 800 800 800 800 800 800 800 800 800 800 800 800 800 800 800 800 800 800 800 800 800 800 800 800 800 800 800 800 800 800 800 800 800 800 800 800 800 800 800 800 800 800 800 800 800 800 800 800 800 800 800 800 800 800 800 800 800 800 800 800 800 800 800 800 800 800 800 800 800 800 800 800 800 800 800 800 800 800 800 800 800 800 800 800 800 800 800 800 800 800 800 800 800 800 800 800 800 800 800 800 800 800 800 800 800 800 800 800 800 800 800 800 800 800 800 800 800 800 800 800 800 800 800 800 800 800 800 800 800 800 800 800 800 800 800 800 800 800 800 800 800 800 800 800 800 800 800 800 800 800 800 800 800 800 800 800 800 800 800 800 800 800 800 800 800 800 800 800 800 800 800 800 800 800 800 800 800 800 800 800 800 800 800 800 800 800 800 800 800 800 800 800 800 800 800 800 800 800 800 800 800 800 800 800 800 800 800 800 800 800 800 800 800 800 800 800 800 800 800 800 800 800 800 800 800 800 800 800 800 800 800 800 800 800 800 800 800 800 800 800 800 800 800 800 800 800 800 800 800 800 800 800 800 800 800 800 800 800 800 800 800 800 800 800 800 800 800 800 800 800 800 800 800 800 800 800 800 800 800 800 800 800 800 800 800 800 800 800 800 800 800 800 800 800 800 800 800 800 800 800 800 800 800 800 800 800 800 800 800 800 800 800 800 800 800 800 800 800 800 800 800 800 800 800 800 800 800 800 800 800 800 800 800 800 800 800 800 800 800 800 800 800 800 800 800 800 800 800 800 800 800 800 800 800 800 800 800 800 800 800 800 800 800 800 800 800 800 800 800 800 800 800 800 800 800 800 800 800 800 800 
Weight factor: 0.8
Crossover rate: 0.9
Max iteration: 6000
Best solution: 
[219, 717, 693, 267, 658, 676, 339, 214, 796, 407, 303, 454, 425, 624, 456, 666, 180, 299, 206, 594, 174, 307, 675, 73, 737, 356, 452, 54, 317, 441, 652, 411, 154, 244, 401, 742, 614, 273, 252, 656, 60, 673, 684, 309, 412, 505, 449, 347, 585, 526, 320, 300, 75, 606, 730, 542, 725, 232, 378, 234, 503, 601, 98, 448, 783, 196, 409, 202, 333, 536, 3, 708, 674, 393, 74, 65, 408, 199, 130, 305, 604, 169, 440, 11, 785, 499, 595, 430, 578, 109, 414, 511, 88, 392, 121, 302, 132, 276, 608, 328, 576, 67, 115, 157, 119, 418, 706, 750, 570, 72, 247, 394, 436, 171, 623, 765, 461, 470, 723, 42, 580, 494, 798, 362, 296, 553, 314, 20, 185, 669, 514, 726, 21, 365, 377, 410, 439, 581, 446, 259, 701, 368, 598, 153, 1, 457, 162, 657, 465, 775, 697, 29, 14, 41, 163, 752, 284, 434, 201, 240, 388, 194, 605, 787, 26, 574, 396, 462, 238, 405, 685, 198, 692, 225, 519, 491, 210, 140, 327, 704, 557, 195, 755, 517, 613, 398, 493, 639, 208, 635, 184, 453, 741, 682, 778, 569, 525, 558, 113, 719, 216, 695, 39, 372, 500, 535, 31, 283, 165, 728, 763, 215, 363, 485, 469, 9, 319, 575, 181, 734, 45, 573, 771, 751, 781, 262, 431, 560, 324, 632, 85, 308, 183, 568, 265, 258, 770, 588, 450, 757, 530, 340, 24, 311, 205, 323, 266, 544, 131, 703, 292, 622, 764, 13, 391, 502, 495, 325, 552, 160, 740, 49, 513, 790, 348, 211, 532, 277, 382, 473, 16, 460, 547, 126, 780, 18, 641, 600, 438, 290, 312, 716, 749, 342, 145, 528, 84, 661, 80, 227, 293, 0, 649, 245, 107, 690, 681, 182, 77, 355, 204, 166, 484, 212, 384, 395, 35, 437, 524, 593, 146, 92, 773, 94, 710, 744, 147, 229, 304, 444, 579, 168, 561, 207, 655, 663, 531, 584, 761, 231, 341, 731, 295, 422, 257, 534, 468, 315, 133, 254, 694, 386, 435, 648, 123, 79, 609, 619, 351, 264, 271, 279, 510, 33, 636, 650, 664, 691, 785, 492, 52, 103, 467, 702, 700, 186, 4, 224, 599, 758, 662, 480, 680, 76, 611, 546, 533, 506, 40, 589, 137, 586, 415, 338, 420, 788, 83, 793, 714, 37, 364, 326, 251, 399, 498, 315, 56, 383, 142, 7, 17, 335, 135, 10, 756, 71, 527, 230, 62, 139, 629, 310, 521, 696, 540, 772, 70, 645, 419, 190, 421, 395, 630, 187, 549, 102, 739, 189, 487, 249, 221, 529, 464, 610, 90, 777, 316, 68, 278, 15, 768, 294, 667, 366, 672, 178, 602, 343, 640, 472, 101, 380, 543, 237, 404, 114, 522, 597, 269, 59, 63, 482, 413, 175, 442, 164, 81, 6, 152, 698, 191, 374, 28, 603, 738, 518, 235, 753, 23, 643, 642, 713, 555, 402, 218, 255, 217, 489, 451, 647, 650, 134, 427, 353, 117, 651, 471, 53, 417, 475, 253, 403, 285, 776, 539, 99, 631, 203, 281, 580, 106, 455, 50, 671, 192, 38, 297, 784, 587, 646, 406, 108, 466, 617, 616, 478, 69, 724, 246, 344, 677, 711, 25, 654, 268, 220, 369, 36, 250, 722, 222, 791, 571, 47, 149, 143, 767, 58, 551, 91, 263, 360, 150, 359, 159, 760, 354, 111, 66, 786, 759, 709, 479, 105, 633, 637, 376, 64, 323, 156, 659, 483, 582, 177, 687, 488, 172, 87, 735, 223, 272, 733, 424, 32, 592, 554, 583, 433, 86, 129, 428, 170, 626, 670, 173, 567, 486, 447, 566, 242, 792, 330, 228, 120, 337, 789, 689, 200, 712, 375, 124, 564, 481, 270, 607, 96, 280, 346, 476, 282, 686, 565, 562, 683, 520, 506, 122, 795, 27, 57, 743, 349, 718, 634, 429, 167, 82, 158, 334, 357, 397, 390, 762, 628, 30, 274, 301, 625, 748, 332, 678, 298, 548, 621, 445, 138, 151, 679, 477, 800, 774, 155, 243, 379, 248, 556, 127, 545, 8, 241, 799, 459, 226, 501, 136, 479, 236, 591, 577, 779, 371, 797, 590, 55, 261, 516, 5, 497, 110, 112, 34, 352, 144, 336, 128, 321, 344, 596, 660, 715, 318, 389, 507, 78, 745, 515, 2, 458, 233, 93, 286, 288, 729, 118, 387, 512, 541, 12, 747, 51, 504, 496, 523, 699, 426, 322, 559, 736, 104, 46, 141, 443, 644, 508, 538, 361, 306, 620, 707, 550, 563, 373, 794, 423, 275, 239, 665, 19, 537, 400, 100, 769, 188, 313, 416, 43, 116, 367, 653, 287, 148, 627, 572, 125, 97, 782, 385, 381, 61, 638, 256, 474, 490, 688, 432, 370, 509, 618, 44, 329, 766, 463, 213, 727, 350, 289, 193, 612, 732, 358, 22, 668, 345, 291, 209, 705, 48, 485, 331, 197, 720, ]
Best fitness: 47.8535
SEED: 20846

Solution Bins: 
Bin Number: 153
37979 39824 39777 36092 38450 34703 37927 34268 39519 25988 35481 37374 34282 27143 39601 37273 35287 35426 38703 24580 35098 39101 39629 39575 38640 38532 32202 33890 27724 38533 29875 35094 26880 36488 36624 39410 37614 39574 34897 34856 35315 35184 32430 39938 39734 37284 35965 33995 37241 28498 36026 30694 30824 18948 25213 28438 35416 33439 28621 35292 30292 38895 38278 37239 38051 38498 31603 28418 38123 32260 18674 34974 34967 30722 35770 28926 22526 39636 33463 36208 26778 27942 37102 39632 39457 37981 35421 27496 35976 27075 25705 38872 38750 39721 38446 36716 36029 36527 32281 38601 38376 28035 37958 26507 38906 27638 25722 29080 37486 33314 39749 39256 28184 39098 36436 30676 37517 34718 37734 39744 26514 28357 37845 38675 35094 38451 29926 23618 30021 22044 31834 39052 34443 26180 39286 36643 35716 38347 37516 37910 37792 35793 39852 36783 37468 33108 28099 38245 38891 34200 35986 36194 22069 
Elapsed time: 340 s
----------------------------------------

Population size: 600
Problem dimension: 801
Lower bound: 
0 0 0 0 0 0 0 0 0 0 0 0 0 0 0 0 0 0 0 0 0 0 0 0 0 0 0 0 0 0 0 0 0 0 0 0 0 0 0 0 0 0 0 0 0 0 0 0 0 0 0 0 0 0 0 0 0 0 0 0 0 0 0 0 0 0 0 0 0 0 0 0 0 0 0 0 0 0 0 0 0 0 0 0 0 0 0 0 0 0 0 0 0 0 0 0 0 0 0 0 0 0 0 0 0 0 0 0 0 0 0 0 0 0 0 0 0 0 0 0 0 0 0 0 0 0 0 0 0 0 0 0 0 0 0 0 0 0 0 0 0 0 0 0 0 0 0 0 0 0 0 0 0 0 0 0 0 0 0 0 0 0 0 0 0 0 0 0 0 0 0 0 0 0 0 0 0 0 0 0 0 0 0 0 0 0 0 0 0 0 0 0 0 0 0 0 0 0 0 0 0 0 0 0 0 0 0 0 0 0 0 0 0 0 0 0 0 0 0 0 0 0 0 0 0 0 0 0 0 0 0 0 0 0 0 0 0 0 0 0 0 0 0 0 0 0 0 0 0 0 0 0 0 0 0 0 0 0 0 0 0 0 0 0 0 0 0 0 0 0 0 0 0 0 0 0 0 0 0 0 0 0 0 0 0 0 0 0 0 0 0 0 0 0 0 0 0 0 0 0 0 0 0 0 0 0 0 0 0 0 0 0 0 0 0 0 0 0 0 0 0 0 0 0 0 0 0 0 0 0 0 0 0 0 0 0 0 0 0 0 0 0 0 0 0 0 0 0 0 0 0 0 0 0 0 0 0 0 0 0 0 0 0 0 0 0 0 0 0 0 0 0 0 0 0 0 0 0 0 0 0 0 0 0 0 0 0 0 0 0 0 0 0 0 0 0 0 0 0 0 0 0 0 0 0 0 0 0 0 0 0 0 0 0 0 0 0 0 0 0 0 0 0 0 0 0 0 0 0 0 0 0 0 0 0 0 0 0 0 0 0 0 0 0 0 0 0 0 0 0 0 0 0 0 0 0 0 0 0 0 0 0 0 0 0 0 0 0 0 0 0 0 0 0 0 0 0 0 0 0 0 0 0 0 0 0 0 0 0 0 0 0 0 0 0 0 0 0 0 0 0 0 0 0 0 0 0 0 0 0 0 0 0 0 0 0 0 0 0 0 0 0 0 0 0 0 0 0 0 0 0 0 0 0 0 0 0 0 0 0 0 0 0 0 0 0 0 0 0 0 0 0 0 0 0 0 0 0 0 0 0 0 0 0 0 0 0 0 0 0 0 0 0 0 0 0 0 0 0 0 0 0 0 0 0 0 0 0 0 0 0 0 0 0 0 0 0 0 0 0 0 0 0 0 0 0 0 0 0 0 0 0 0 0 0 0 0 0 0 0 0 0 0 0 0 0 0 0 0 0 0 0 0 0 0 0 0 0 0 0 0 0 0 0 0 0 0 0 0 0 0 0 0 0 0 0 0 0 0 0 0 0 0 0 0 0 0 0 0 0 0 0 0 0 0 0 0 0 0 0 0 0 0 0 0 0 0 0 0 0 0 0 0 0 0 0 0 0 0 0 0 0 0 0 0 0 0 0 0 0 0 0 0 0 0 0 0 0 0 0 0 0 0 0 0 0 0 0 0 0 0 0 0 0 0 0 0 0 0 0 0 0 0 0 0 0 0 0 0 0 0 0 0 0 0 0 0 0 0 0 0 0 0 0 0 0 0 0 0 0 0 0 0 0 0 0 0 0 0 0 0 0 0 0 0 0 0 0 0 0 0 0 0 0 0 0 0 0 0 0 0 
Upper bound: 
800 800 800 800 800 800 800 800 800 800 800 800 800 800 800 800 800 800 800 800 800 800 800 800 800 800 800 800 800 800 800 800 800 800 800 800 800 800 800 800 800 800 800 800 800 800 800 800 800 800 800 800 800 800 800 800 800 800 800 800 800 800 800 800 800 800 800 800 800 800 800 800 800 800 800 800 800 800 800 800 800 800 800 800 800 800 800 800 800 800 800 800 800 800 800 800 800 800 800 800 800 800 800 800 800 800 800 800 800 800 800 800 800 800 800 800 800 800 800 800 800 800 800 800 800 800 800 800 800 800 800 800 800 800 800 800 800 800 800 800 800 800 800 800 800 800 800 800 800 800 800 800 800 800 800 800 800 800 800 800 800 800 800 800 800 800 800 800 800 800 800 800 800 800 800 800 800 800 800 800 800 800 800 800 800 800 800 800 800 800 800 800 800 800 800 800 800 800 800 800 800 800 800 800 800 800 800 800 800 800 800 800 800 800 800 800 800 800 800 800 800 800 800 800 800 800 800 800 800 800 800 800 800 800 800 800 800 800 800 800 800 800 800 800 800 800 800 800 800 800 800 800 800 800 800 800 800 800 800 800 800 800 800 800 800 800 800 800 800 800 800 800 800 800 800 800 800 800 800 800 800 800 800 800 800 800 800 800 800 800 800 800 800 800 800 800 800 800 800 800 800 800 800 800 800 800 800 800 800 800 800 800 800 800 800 800 800 800 800 800 800 800 800 800 800 800 800 800 800 800 800 800 800 800 800 800 800 800 800 800 800 800 800 800 800 800 800 800 800 800 800 800 800 800 800 800 800 800 800 800 800 800 800 800 800 800 800 800 800 800 800 800 800 800 800 800 800 800 800 800 800 800 800 800 800 800 800 800 800 800 800 800 800 800 800 800 800 800 800 800 800 800 800 800 800 800 800 800 800 800 800 800 800 800 800 800 800 800 800 800 800 800 800 800 800 800 800 800 800 800 800 800 800 800 800 800 800 800 800 800 800 800 800 800 800 800 800 800 800 800 800 800 800 800 800 800 800 800 800 800 800 800 800 800 800 800 800 800 800 800 800 800 800 800 800 800 800 800 800 800 800 800 800 800 800 800 800 800 800 800 800 800 800 800 800 800 800 800 800 800 800 800 800 800 800 800 800 800 800 800 800 800 800 800 800 800 800 800 800 800 800 800 800 800 800 800 800 800 800 800 800 800 800 800 800 800 800 800 800 800 800 800 800 800 800 800 800 800 800 800 800 800 800 800 800 800 800 800 800 800 800 800 800 800 800 800 800 800 800 800 800 800 800 800 800 800 800 800 800 800 800 800 800 800 800 800 800 800 800 800 800 800 800 800 800 800 800 800 800 800 800 800 800 800 800 800 800 800 800 800 800 800 800 800 800 800 800 800 800 800 800 800 800 800 800 800 800 800 800 800 800 800 800 800 800 800 800 800 800 800 800 800 800 800 800 800 800 800 800 800 800 800 800 800 800 800 800 800 800 800 800 800 800 800 800 800 800 800 800 800 800 800 800 800 800 800 800 800 800 800 800 800 800 800 800 800 800 800 800 800 800 800 800 800 800 800 800 800 800 800 800 800 800 800 800 800 800 800 800 800 800 800 800 800 800 800 800 800 800 800 800 800 800 800 800 800 800 800 800 800 800 800 800 800 800 800 800 800 800 800 800 800 800 800 800 800 800 800 800 800 800 800 800 800 800 800 800 800 800 800 800 800 800 800 800 800 800 800 800 800 800 800 800 800 800 800 800 800 800 800 800 800 800 800 800 800 800 800 800 800 800 800 800 800 800 800 800 800 800 800 800 
Weight factor: 0.8
Crossover rate: 0.9
Max iteration: 6000
Best solution: 
[286, 703, 151, 196, 167, 20, 762, 86, 313, 103, 566, 469, 353, 576, 163, 743, 104, 628, 218, 358, 465, 482, 741, 76, 315, 595, 698, 158, 320, 755, 652, 624, 301, 640, 621, 205, 583, 655, 80, 388, 509, 97, 102, 384, 79, 1, 277, 514, 751, 260, 593, 348, 245, 696, 219, 195, 95, 373, 589, 736, 168, 332, 64, 688, 504, 758, 637, 12, 232, 763, 541, 618, 438, 333, 184, 134, 419, 96, 35, 210, 261, 466, 153, 328, 571, 447, 243, 746, 4, 128, 271, 295, 341, 297, 316, 139, 258, 674, 116, 630, 778, 331, 737, 350, 486, 774, 602, 622, 474, 303, 161, 204, 415, 185, 475, 473, 604, 190, 441, 389, 334, 601, 140, 400, 453, 291, 186, 288, 673, 424, 799, 418, 550, 497, 489, 594, 355, 349, 526, 5, 253, 785, 544, 464, 543, 435, 747, 557, 306, 109, 298, 573, 356, 671, 413, 663, 92, 21, 299, 346, 716, 308, 675, 477, 404, 81, 638, 91, 468, 382, 274, 159, 236, 396, 265, 561, 771, 108, 439, 302, 214, 152, 0, 188, 154, 289, 752, 314, 767, 520, 77, 548, 233, 345, 58, 14, 367, 788, 160, 227, 73, 343, 329, 304, 567, 55, 491, 75, 351, 706, 401, 399, 144, 691, 267, 221, 371, 643, 207, 119, 517, 336, 554, 620, 125, 420, 366, 357, 83, 85, 553, 9, 460, 18, 123, 570, 387, 132, 69, 89, 130, 338, 171, 52, 327, 732, 199, 117, 402, 363, 25, 719, 487, 40, 760, 701, 600, 527, 568, 217, 605, 488, 39, 93, 174, 756, 659, 137, 695, 479, 150, 507, 354, 513, 263, 254, 29, 745, 651, 501, 124, 170, 432, 542, 51, 586, 148, 341, 53, 493, 629, 16, 2, 44, 660, 235, 662, 587, 379, 305, 636, 750, 772, 735, 792, 722, 800, 169, 285, 342, 220, 700, 598, 725, 442, 608, 177, 539, 22, 74, 326, 136, 244, 398, 707, 405, 729, 112, 787, 572, 273, 458, 574, 443, 98, 545, 209, 276, 180, 770, 531, 179, 99, 362, 692, 46, 337, 71, 450, 10, 173, 317, 105, 511, 451, 478, 681, 614, 239, 565, 665, 446, 549, 709, 284, 187, 654, 657, 368, 201, 597, 672, 777, 521, 449, 515, 525, 784, 749, 164, 127, 607, 791, 281, 455, 685, 157, 395, 216, 33, 45, 172, 175, 78, 683, 445, 189, 510, 8, 290, 257, 228, 176, 107, 616, 352, 775, 641, 492, 268, 208, 562, 231, 742, 615, 759, 344, 57, 229, 194, 259, 191, 713, 249, 133, 126, 704, 694, 644, 296, 411, 294, 90, 215, 225, 512, 452, 32, 754, 238, 222, 113, 697, 141, 310, 155, 252, 556, 335, 3, 211, 564, 462, 408, 391, 272, 106, 304, 38, 325, 361, 417, 505, 34, 121, 293, 412, 528, 421, 456, 262, 454, 680, 467, 508, 714, 24, 682, 393, 667, 28, 63, 230, 522, 495, 485, 599, 626, 569, 581, 461, 19, 559, 540, 796, 739, 523, 43, 457, 42, 88, 423, 30, 162, 62, 114, 684, 266, 596, 378, 360, 611, 699, 319, 444, 463, 383, 292, 613, 724, 431, 351, 149, 279, 519, 769, 584, 476, 731, 156, 575, 711, 122, 738, 87, 283, 496, 280, 669, 147, 198, 101, 480, 311, 656, 448, 693, 631, 67, 532, 135, 440, 635, 60, 591, 661, 197, 677, 200, 269, 94, 270, 192, 498, 84, 764, 546, 143, 776, 606, 118, 178, 206, 632, 658, 224, 786, 648, 494, 773, 506, 563, 720, 394, 765, 744, 372, 518, 551, 715, 145, 264, 54, 322, 530, 31, 302, 481, 309, 585, 282, 536, 70, 182, 734, 376, 47, 323, 17, 359, 275, 409, 533, 483, 340, 165, 650, 793, 653, 36, 484, 406, 670, 708, 312, 642, 592, 131, 686, 490, 503, 471, 129, 547, 203, 61, 386, 430, 649, 41, 183, 537, 588, 248, 690, 428, 414, 241, 797, 664, 733, 782, 612, 339, 580, 59, 789, 666, 353, 766, 65, 324, 56, 251, 416, 609, 625, 795, 689, 639, 578, 237, 678, 234, 524, 427, 579, 429, 213, 668, 534, 757, 110, 781, 633, 60, 433, 717, 646, 705, 529, 11, 727, 369, 142, 278, 676, 381, 374, 783, 364, 472, 255, 397, 82, 425, 730, 516, 6, 627, 436, 193, 68, 668, 256, 240, 535, 212, 712, 15, 307, 702, 780, 23, 459, 49, 740, 470, 370, 623, 111, 392, 287, 619, 365, 710, 390, 181, 502, 560, 72, 422, 538, 223, 552, 347, 375, 166, 687, 645, 27, 647, 577, 499, 242, 380, 679, 100, 726, 768, 748, 790, 407, 330, 318, 385, 728, 558, 300, 461, 721, 410, 115, 560, 377, 426, 120, 794, 500, 321, 7, 603, 403, 617, 146, 634, 779, 798, 226, 138, 48, 66, 250, 723, 610, 50, 582, 590, 753, 434, 246, ]
Best fitness: 46.3777
SEED: 18251

Solution Bins: 
Bin Number: 156
37297 24393 36926 38835 35683 36023 39616 35011 32633 33645 39237 34842 39702 28290 39544 31218 37098 38916 29046 31113 34448 37272 19868 26568 35163 39481 34268 36229 31738 38406 33352 37236 37062 24516 22666 34924 31616 36869 32904 34693 30949 34598 39328 39753 39970 28560 39456 39458 34199 33120 27347 33014 36673 37150 39196 32423 25534 38671 31645 30512 35815 39402 28434 39980 37827 28743 30701 33846 39970 38447 39820 33435 38638 33227 39633 36646 38424 38989 30702 27916 24070 31854 31304 35696 39122 23300 37304 38454 18306 38621 37757 26717 39466 35588 26496 37122 36210 22300 36863 38704 35158 39006 39730 31382 24470 26996 37555 37929 36259 39260 37755 39507 35865 35111 36200 38986 29944 23778 39639 30966 38832 38918 30130 36768 31465 39443 38400 34436 38177 27694 38961 35944 36129 31016 38395 38516 31826 38353 34979 27944 37516 39988 35518 32764 36972 36393 39472 34981 35241 39368 38858 38067 34648 25252 27379 37576 
Elapsed time: 336 s
----------------------------------------

Population size: 600
Problem dimension: 801
Lower bound: 
0 0 0 0 0 0 0 0 0 0 0 0 0 0 0 0 0 0 0 0 0 0 0 0 0 0 0 0 0 0 0 0 0 0 0 0 0 0 0 0 0 0 0 0 0 0 0 0 0 0 0 0 0 0 0 0 0 0 0 0 0 0 0 0 0 0 0 0 0 0 0 0 0 0 0 0 0 0 0 0 0 0 0 0 0 0 0 0 0 0 0 0 0 0 0 0 0 0 0 0 0 0 0 0 0 0 0 0 0 0 0 0 0 0 0 0 0 0 0 0 0 0 0 0 0 0 0 0 0 0 0 0 0 0 0 0 0 0 0 0 0 0 0 0 0 0 0 0 0 0 0 0 0 0 0 0 0 0 0 0 0 0 0 0 0 0 0 0 0 0 0 0 0 0 0 0 0 0 0 0 0 0 0 0 0 0 0 0 0 0 0 0 0 0 0 0 0 0 0 0 0 0 0 0 0 0 0 0 0 0 0 0 0 0 0 0 0 0 0 0 0 0 0 0 0 0 0 0 0 0 0 0 0 0 0 0 0 0 0 0 0 0 0 0 0 0 0 0 0 0 0 0 0 0 0 0 0 0 0 0 0 0 0 0 0 0 0 0 0 0 0 0 0 0 0 0 0 0 0 0 0 0 0 0 0 0 0 0 0 0 0 0 0 0 0 0 0 0 0 0 0 0 0 0 0 0 0 0 0 0 0 0 0 0 0 0 0 0 0 0 0 0 0 0 0 0 0 0 0 0 0 0 0 0 0 0 0 0 0 0 0 0 0 0 0 0 0 0 0 0 0 0 0 0 0 0 0 0 0 0 0 0 0 0 0 0 0 0 0 0 0 0 0 0 0 0 0 0 0 0 0 0 0 0 0 0 0 0 0 0 0 0 0 0 0 0 0 0 0 0 0 0 0 0 0 0 0 0 0 0 0 0 0 0 0 0 0 0 0 0 0 0 0 0 0 0 0 0 0 0 0 0 0 0 0 0 0 0 0 0 0 0 0 0 0 0 0 0 0 0 0 0 0 0 0 0 0 0 0 0 0 0 0 0 0 0 0 0 0 0 0 0 0 0 0 0 0 0 0 0 0 0 0 0 0 0 0 0 0 0 0 0 0 0 0 0 0 0 0 0 0 0 0 0 0 0 0 0 0 0 0 0 0 0 0 0 0 0 0 0 0 0 0 0 0 0 0 0 0 0 0 0 0 0 0 0 0 0 0 0 0 0 0 0 0 0 0 0 0 0 0 0 0 0 0 0 0 0 0 0 0 0 0 0 0 0 0 0 0 0 0 0 0 0 0 0 0 0 0 0 0 0 0 0 0 0 0 0 0 0 0 0 0 0 0 0 0 0 0 0 0 0 0 0 0 0 0 0 0 0 0 0 0 0 0 0 0 0 0 0 0 0 0 0 0 0 0 0 0 0 0 0 0 0 0 0 0 0 0 0 0 0 0 0 0 0 0 0 0 0 0 0 0 0 0 0 0 0 0 0 0 0 0 0 0 0 0 0 0 0 0 0 0 0 0 0 0 0 0 0 0 0 0 0 0 0 0 0 0 0 0 0 0 0 0 0 0 0 0 0 0 0 0 0 0 0 0 0 0 0 0 0 0 0 0 0 0 0 0 0 0 0 0 0 0 0 0 0 0 0 0 0 0 0 0 0 0 0 0 0 0 0 0 0 0 0 0 0 0 0 0 0 0 0 0 0 0 0 0 0 0 0 0 0 0 0 0 0 0 0 0 0 0 0 0 0 0 0 0 0 0 0 0 0 0 0 0 0 0 0 0 0 0 0 0 0 0 0 0 0 0 
Upper bound: 
800 800 800 800 800 800 800 800 800 800 800 800 800 800 800 800 800 800 800 800 800 800 800 800 800 800 800 800 800 800 800 800 800 800 800 800 800 800 800 800 800 800 800 800 800 800 800 800 800 800 800 800 800 800 800 800 800 800 800 800 800 800 800 800 800 800 800 800 800 800 800 800 800 800 800 800 800 800 800 800 800 800 800 800 800 800 800 800 800 800 800 800 800 800 800 800 800 800 800 800 800 800 800 800 800 800 800 800 800 800 800 800 800 800 800 800 800 800 800 800 800 800 800 800 800 800 800 800 800 800 800 800 800 800 800 800 800 800 800 800 800 800 800 800 800 800 800 800 800 800 800 800 800 800 800 800 800 800 800 800 800 800 800 800 800 800 800 800 800 800 800 800 800 800 800 800 800 800 800 800 800 800 800 800 800 800 800 800 800 800 800 800 800 800 800 800 800 800 800 800 800 800 800 800 800 800 800 800 800 800 800 800 800 800 800 800 800 800 800 800 800 800 800 800 800 800 800 800 800 800 800 800 800 800 800 800 800 800 800 800 800 800 800 800 800 800 800 800 800 800 800 800 800 800 800 800 800 800 800 800 800 800 800 800 800 800 800 800 800 800 800 800 800 800 800 800 800 800 800 800 800 800 800 800 800 800 800 800 800 800 800 800 800 800 800 800 800 800 800 800 800 800 800 800 800 800 800 800 800 800 800 800 800 800 800 800 800 800 800 800 800 800 800 800 800 800 800 800 800 800 800 800 800 800 800 800 800 800 800 800 800 800 800 800 800 800 800 800 800 800 800 800 800 800 800 800 800 800 800 800 800 800 800 800 800 800 800 800 800 800 800 800 800 800 800 800 800 800 800 800 800 800 800 800 800 800 800 800 800 800 800 800 800 800 800 800 800 800 800 800 800 800 800 800 800 800 800 800 800 800 800 800 800 800 800 800 800 800 800 800 800 800 800 800 800 800 800 800 800 800 800 800 800 800 800 800 800 800 800 800 800 800 800 800 800 800 800 800 800 800 800 800 800 800 800 800 800 800 800 800 800 800 800 800 800 800 800 800 800 800 800 800 800 800 800 800 800 800 800 800 800 800 800 800 800 800 800 800 800 800 800 800 800 800 800 800 800 800 800 800 800 800 800 800 800 800 800 800 800 800 800 800 800 800 800 800 800 800 800 800 800 800 800 800 800 800 800 800 800 800 800 800 800 800 800 800 800 800 800 800 800 800 800 800 800 800 800 800 800 800 800 800 800 800 800 800 800 800 800 800 800 800 800 800 800 800 800 800 800 800 800 800 800 800 800 800 800 800 800 800 800 800 800 800 800 800 800 800 800 800 800 800 800 800 800 800 800 800 800 800 800 800 800 800 800 800 800 800 800 800 800 800 800 800 800 800 800 800 800 800 800 800 800 800 800 800 800 800 800 800 800 800 800 800 800 800 800 800 800 800 800 800 800 800 800 800 800 800 800 800 800 800 800 800 800 800 800 800 800 800 800 800 800 800 800 800 800 800 800 800 800 800 800 800 800 800 800 800 800 800 800 800 800 800 800 800 800 800 800 800 800 800 800 800 800 800 800 800 800 800 800 800 800 800 800 800 800 800 800 800 800 800 800 800 800 800 800 800 800 800 800 800 800 800 800 800 800 800 800 800 800 800 800 800 800 800 800 800 800 800 800 800 800 800 800 800 800 800 800 800 800 800 800 800 800 800 800 800 800 800 800 800 800 800 800 800 800 800 800 800 800 800 800 800 800 800 800 800 800 800 800 800 800 800 800 800 800 800 800 800 800 800 800 800 800 800 800 800 800 800 800 
Weight factor: 0.8
Crossover rate: 0.9
Max iteration: 6000
Best solution: 
[107, 178, 58, 80, 226, 225, 14, 21, 425, 362, 127, 769, 35, 711, 76, 731, 33, 680, 748, 504, 474, 492, 636, 318, 635, 218, 501, 601, 579, 51, 351, 704, 740, 272, 264, 275, 660, 144, 278, 2, 534, 296, 725, 133, 135, 82, 673, 441, 788, 387, 720, 454, 210, 420, 453, 697, 489, 31, 703, 245, 566, 461, 565, 774, 619, 734, 477, 220, 99, 364, 211, 662, 679, 465, 641, 62, 84, 437, 180, 282, 600, 353, 208, 648, 171, 671, 336, 570, 241, 532, 199, 186, 757, 523, 244, 93, 122, 664, 263, 306, 370, 717, 452, 541, 197, 94, 238, 233, 235, 432, 537, 390, 75, 73, 785, 436, 627, 270, 374, 568, 773, 688, 323, 649, 736, 666, 672, 169, 4, 599, 577, 288, 311, 424, 9, 473, 283, 234, 385, 506, 505, 487, 177, 676, 690, 519, 658, 746, 496, 795, 618, 584, 381, 776, 701, 677, 273, 287, 404, 154, 287, 65, 450, 299, 170, 102, 767, 607, 581, 392, 631, 793, 503, 371, 578, 626, 423, 410, 330, 572, 89, 346, 156, 512, 103, 365, 739, 168, 246, 202, 574, 152, 691, 428, 358, 528, 184, 674, 131, 308, 317, 709, 49, 306, 231, 738, 378, 190, 605, 60, 141, 508, 630, 536, 96, 491, 405, 357, 161, 16, 243, 63, 439, 324, 162, 594, 724, 11, 472, 5, 8, 105, 686, 742, 554, 470, 456, 219, 228, 326, 502, 412, 749, 110, 117, 754, 70, 684, 522, 13, 68, 341, 289, 442, 301, 224, 611, 656, 482, 54, 173, 212, 552, 373, 307, 321, 163, 683, 29, 389, 511, 562, 747, 670, 32, 116, 290, 337, 557, 12, 237, 164, 15, 582, 558, 205, 24, 657, 254, 615, 643, 475, 106, 661, 646, 157, 252, 213, 48, 587, 32, 535, 26, 516, 143, 702, 294, 249, 142, 675, 604, 637, 314, 81, 800, 158, 707, 479, 687, 400, 462, 718, 766, 69, 204, 277, 10, 372, 196, 121, 130, 467, 764, 609, 514, 74, 712, 431, 209, 463, 634, 172, 612, 602, 111, 402, 771, 694, 721, 787, 248, 253, 654, 710, 564, 756, 61, 345, 590, 468, 597, 427, 207, 320, 276, 751, 645, 227, 525, 214, 315, 77, 262, 119, 375, 760, 407, 591, 42, 650, 537, 203, 167, 257, 580, 256, 354, 726, 668, 126, 759, 230, 457, 546, 182, 784, 335, 108, 349, 547, 377, 426, 614, 556, 396, 770, 310, 78, 480, 464, 398, 539, 174, 100, 217, 445, 284, 753, 575, 689, 165, 297, 136, 633, 777, 64, 352, 399, 758, 476, 486, 295, 639, 592, 418, 6, 682, 259, 555, 331, 449, 434, 155, 271, 194, 651, 416, 527, 667, 794, 366, 629, 129, 198, 603, 240, 247, 40, 267, 715, 383, 236, 316, 279, 229, 268, 118, 348, 269, 409, 101, 529, 250, 95, 652, 526, 239, 55, 755, 91, 745, 17, 447, 563, 181, 644, 791, 595, 642, 411, 727, 713, 370, 497, 585, 388, 744, 395, 360, 36, 789, 478, 779, 790, 551, 19, 458, 700, 114, 112, 699, 329, 495, 625, 681, 394, 435, 485, 792, 499, 513, 544, 696, 291, 733, 422, 624, 221, 20, 382, 183, 796, 369, 678, 466, 768, 57, 251, 138, 419, 1, 71, 550, 80, 56, 363, 397, 406, 559, 201, 46, 30, 517, 18, 192, 732, 22, 608, 596, 763, 72, 729, 303, 507, 92, 613, 606, 193, 401, 460, 752, 191, 223, 159, 293, 332, 124, 471, 446, 361, 533, 333, 39, 258, 123, 521, 384, 714, 28, 417, 775, 195, 328, 187, 640, 340, 743, 616, 138, 500, 23, 23, 379, 549, 569, 52, 737, 325, 622, 638, 414, 548, 215, 797, 43, 179, 189, 589, 623, 140, 781, 610, 722, 25, 216, 266, 705, 44, 593, 145, 685, 286, 132, 305, 659, 708, 41, 300, 723, 139, 530, 621, 27, 735, 561, 232, 632, 567, 780, 302, 88, 38, 3, 695, 50, 343, 206, 338, 545, 147, 403, 188, 53, 421, 87, 433, 148, 47, 798, 368, 438, 560, 799, 83, 518, 298, 583, 149, 413, 469, 576, 261, 242, 255, 7, 200, 380, 134, 355, 359, 90, 419, 524, 515, 339, 376, 34, 408, 509, 309, 493, 542, 698, 617, 222, 97, 538, 655, 543, 783, 520, 175, 443, 86, 481, 280, 160, 109, 137, 104, 772, 350, 176, 494, 37, 553, 628, 45, 304, 415, 483, 598, 510, 653, 586, 444, 706, 347, 274, 344, 571, 386, 728, 455, 429, 665, 319, 322, 166, 79, 778, 693, 367, 765, 459, 531, 393, 451, 620, 115, 761, 151, 440, 430, 113, 741, 313, 98, 692, 356, 66, 484, 786, 0, 391, 334, 730, 588, 669, 265, 120, 285, 782, 488, 292, 448, 128, 762, 490, 716, 59, 312, 281, 260, 663, 327, 719, 647, 153, 125, 540, ]
Best fitness: 46.6297
SEED: 24820

Solution Bins: 
Bin Number: 153
26350 27504 39920 38578 29166 39784 37113 36914 38498 39159 38536 33680 32010 32587 33930 39377 28940 31030 26386 26766 39536 26709 38511 35266 39393 24356 28638 39905 39733 39123 38909 34563 39766 34108 36098 39809 39023 36152 38151 30694 31968 39134 17960 39275 31931 37343 36775 26640 31874 32952 33224 39220 25300 39782 20816 19006 31948 29068 34218 37996 32131 39663 37767 39660 34744 28452 33921 31025 36462 20508 39572 37356 36421 38958 25615 39896 27172 37727 38017 38666 39368 37364 36736 34760 36851 36732 37243 39332 31876 32848 34057 30448 28148 34640 38498 39621 39447 39799 33691 38780 29784 29574 38712 24170 30802 23361 31340 32367 32044 35428 39311 35549 34873 36026 38747 37902 39445 23644 30500 36113 39041 39312 29786 35562 27787 35696 39967 32029 29269 39521 36958 39091 28392 37645 37051 38705 37592 37148 39617 25346 34241 31058 39785 34421 38768 37086 35101 33817 35403 25781 30381 32044 38663 
Elapsed time: 340 s
----------------------------------------

Population size: 600
Problem dimension: 801
Lower bound: 
0 0 0 0 0 0 0 0 0 0 0 0 0 0 0 0 0 0 0 0 0 0 0 0 0 0 0 0 0 0 0 0 0 0 0 0 0 0 0 0 0 0 0 0 0 0 0 0 0 0 0 0 0 0 0 0 0 0 0 0 0 0 0 0 0 0 0 0 0 0 0 0 0 0 0 0 0 0 0 0 0 0 0 0 0 0 0 0 0 0 0 0 0 0 0 0 0 0 0 0 0 0 0 0 0 0 0 0 0 0 0 0 0 0 0 0 0 0 0 0 0 0 0 0 0 0 0 0 0 0 0 0 0 0 0 0 0 0 0 0 0 0 0 0 0 0 0 0 0 0 0 0 0 0 0 0 0 0 0 0 0 0 0 0 0 0 0 0 0 0 0 0 0 0 0 0 0 0 0 0 0 0 0 0 0 0 0 0 0 0 0 0 0 0 0 0 0 0 0 0 0 0 0 0 0 0 0 0 0 0 0 0 0 0 0 0 0 0 0 0 0 0 0 0 0 0 0 0 0 0 0 0 0 0 0 0 0 0 0 0 0 0 0 0 0 0 0 0 0 0 0 0 0 0 0 0 0 0 0 0 0 0 0 0 0 0 0 0 0 0 0 0 0 0 0 0 0 0 0 0 0 0 0 0 0 0 0 0 0 0 0 0 0 0 0 0 0 0 0 0 0 0 0 0 0 0 0 0 0 0 0 0 0 0 0 0 0 0 0 0 0 0 0 0 0 0 0 0 0 0 0 0 0 0 0 0 0 0 0 0 0 0 0 0 0 0 0 0 0 0 0 0 0 0 0 0 0 0 0 0 0 0 0 0 0 0 0 0 0 0 0 0 0 0 0 0 0 0 0 0 0 0 0 0 0 0 0 0 0 0 0 0 0 0 0 0 0 0 0 0 0 0 0 0 0 0 0 0 0 0 0 0 0 0 0 0 0 0 0 0 0 0 0 0 0 0 0 0 0 0 0 0 0 0 0 0 0 0 0 0 0 0 0 0 0 0 0 0 0 0 0 0 0 0 0 0 0 0 0 0 0 0 0 0 0 0 0 0 0 0 0 0 0 0 0 0 0 0 0 0 0 0 0 0 0 0 0 0 0 0 0 0 0 0 0 0 0 0 0 0 0 0 0 0 0 0 0 0 0 0 0 0 0 0 0 0 0 0 0 0 0 0 0 0 0 0 0 0 0 0 0 0 0 0 0 0 0 0 0 0 0 0 0 0 0 0 0 0 0 0 0 0 0 0 0 0 0 0 0 0 0 0 0 0 0 0 0 0 0 0 0 0 0 0 0 0 0 0 0 0 0 0 0 0 0 0 0 0 0 0 0 0 0 0 0 0 0 0 0 0 0 0 0 0 0 0 0 0 0 0 0 0 0 0 0 0 0 0 0 0 0 0 0 0 0 0 0 0 0 0 0 0 0 0 0 0 0 0 0 0 0 0 0 0 0 0 0 0 0 0 0 0 0 0 0 0 0 0 0 0 0 0 0 0 0 0 0 0 0 0 0 0 0 0 0 0 0 0 0 0 0 0 0 0 0 0 0 0 0 0 0 0 0 0 0 0 0 0 0 0 0 0 0 0 0 0 0 0 0 0 0 0 0 0 0 0 0 0 0 0 0 0 0 0 0 0 0 0 0 0 0 0 0 0 0 0 0 0 0 0 0 0 0 0 0 0 0 0 0 0 0 0 0 0 0 0 0 0 0 0 0 0 0 0 0 0 0 0 0 0 0 0 0 0 0 0 0 0 0 0 0 0 0 0 0 0 0 0 0 0 0 0 0 0 0 0 0 0 0 0 0 
Upper bound: 
800 800 800 800 800 800 800 800 800 800 800 800 800 800 800 800 800 800 800 800 800 800 800 800 800 800 800 800 800 800 800 800 800 800 800 800 800 800 800 800 800 800 800 800 800 800 800 800 800 800 800 800 800 800 800 800 800 800 800 800 800 800 800 800 800 800 800 800 800 800 800 800 800 800 800 800 800 800 800 800 800 800 800 800 800 800 800 800 800 800 800 800 800 800 800 800 800 800 800 800 800 800 800 800 800 800 800 800 800 800 800 800 800 800 800 800 800 800 800 800 800 800 800 800 800 800 800 800 800 800 800 800 800 800 800 800 800 800 800 800 800 800 800 800 800 800 800 800 800 800 800 800 800 800 800 800 800 800 800 800 800 800 800 800 800 800 800 800 800 800 800 800 800 800 800 800 800 800 800 800 800 800 800 800 800 800 800 800 800 800 800 800 800 800 800 800 800 800 800 800 800 800 800 800 800 800 800 800 800 800 800 800 800 800 800 800 800 800 800 800 800 800 800 800 800 800 800 800 800 800 800 800 800 800 800 800 800 800 800 800 800 800 800 800 800 800 800 800 800 800 800 800 800 800 800 800 800 800 800 800 800 800 800 800 800 800 800 800 800 800 800 800 800 800 800 800 800 800 800 800 800 800 800 800 800 800 800 800 800 800 800 800 800 800 800 800 800 800 800 800 800 800 800 800 800 800 800 800 800 800 800 800 800 800 800 800 800 800 800 800 800 800 800 800 800 800 800 800 800 800 800 800 800 800 800 800 800 800 800 800 800 800 800 800 800 800 800 800 800 800 800 800 800 800 800 800 800 800 800 800 800 800 800 800 800 800 800 800 800 800 800 800 800 800 800 800 800 800 800 800 800 800 800 800 800 800 800 800 800 800 800 800 800 800 800 800 800 800 800 800 800 800 800 800 800 800 800 800 800 800 800 800 800 800 800 800 800 800 800 800 800 800 800 800 800 800 800 800 800 800 800 800 800 800 800 800 800 800 800 800 800 800 800 800 800 800 800 800 800 800 800 800 800 800 800 800 800 800 800 800 800 800 800 800 800 800 800 800 800 800 800 800 800 800 800 800 800 800 800 800 800 800 800 800 800 800 800 800 800 800 800 800 800 800 800 800 800 800 800 800 800 800 800 800 800 800 800 800 800 800 800 800 800 800 800 800 800 800 800 800 800 800 800 800 800 800 800 800 800 800 800 800 800 800 800 800 800 800 800 800 800 800 800 800 800 800 800 800 800 800 800 800 800 800 800 800 800 800 800 800 800 800 800 800 800 800 800 800 800 800 800 800 800 800 800 800 800 800 800 800 800 800 800 800 800 800 800 800 800 800 800 800 800 800 800 800 800 800 800 800 800 800 800 800 800 800 800 800 800 800 800 800 800 800 800 800 800 800 800 800 800 800 800 800 800 800 800 800 800 800 800 800 800 800 800 800 800 800 800 800 800 800 800 800 800 800 800 800 800 800 800 800 800 800 800 800 800 800 800 800 800 800 800 800 800 800 800 800 800 800 800 800 800 800 800 800 800 800 800 800 800 800 800 800 800 800 800 800 800 800 800 800 800 800 800 800 800 800 800 800 800 800 800 800 800 800 800 800 800 800 800 800 800 800 800 800 800 800 800 800 800 800 800 800 800 800 800 800 800 800 800 800 800 800 800 800 800 800 800 800 800 800 800 800 800 800 800 800 800 800 800 800 800 800 800 800 800 800 800 800 800 800 800 800 800 800 800 800 800 800 800 800 800 800 800 800 800 800 800 800 800 800 800 800 800 800 800 800 800 800 800 800 800 800 800 800 800 800 800 800 800 
Weight factor: 0.8
Crossover rate: 0.9
Max iteration: 6000
Best solution: 
[665, 489, 509, 605, 227, 380, 166, 547, 679, 784, 176, 542, 751, 40, 786, 504, 522, 234, 421, 69, 305, 329, 632, 540, 424, 36, 179, 440, 563, 317, 362, 439, 482, 354, 691, 483, 621, 721, 222, 757, 107, 585, 92, 690, 302, 264, 627, 525, 481, 271, 510, 456, 93, 399, 205, 657, 89, 173, 277, 430, 192, 502, 61, 308, 488, 493, 83, 216, 406, 646, 292, 48, 214, 681, 319, 702, 243, 791, 144, 135, 110, 129, 655, 470, 240, 369, 114, 357, 211, 409, 434, 459, 505, 778, 252, 780, 250, 294, 660, 588, 579, 609, 16, 426, 668, 361, 532, 773, 528, 506, 520, 253, 260, 557, 739, 145, 311, 524, 497, 746, 178, 285, 109, 615, 51, 590, 624, 315, 514, 132, 414, 71, 658, 735, 23, 13, 667, 44, 6, 722, 782, 314, 15, 617, 103, 427, 134, 760, 428, 685, 468, 59, 715, 346, 90, 123, 130, 501, 314, 607, 88, 650, 573, 394, 533, 115, 247, 687, 167, 478, 231, 203, 425, 696, 150, 174, 108, 256, 344, 196, 720, 124, 275, 279, 670, 675, 297, 779, 209, 184, 20, 332, 569, 106, 598, 37, 43, 300, 72, 389, 628, 363, 731, 84, 448, 273, 498, 187, 521, 697, 730, 359, 78, 737, 642, 703, 35, 27, 86, 284, 698, 249, 699, 561, 190, 649, 788, 589, 593, 125, 58, 495, 541, 246, 447, 582, 672, 207, 189, 68, 276, 342, 159, 202, 289, 625, 228, 724, 348, 538, 403, 268, 259, 7, 597, 618, 422, 767, 206, 353, 647, 322, 748, 452, 671, 474, 70, 120, 467, 490, 212, 116, 771, 643, 460, 186, 126, 293, 451, 213, 143, 560, 31, 372, 744, 688, 706, 411, 378, 396, 719, 201, 566, 232, 365, 462, 492, 623, 783, 193, 709, 146, 121, 382, 629, 570, 753, 160, 664, 395, 463, 98, 248, 235, 161, 407, 204, 622, 461, 218, 732, 185, 104, 444, 577, 417, 368, 402, 785, 79, 529, 28, 229, 371, 199, 500, 391, 397, 515, 692, 586, 169, 131, 418, 22, 485, 633, 112, 87, 339, 101, 630, 781, 65, 356, 700, 549, 153, 60, 712, 336, 387, 611, 1, 254, 105, 410, 162, 416, 172, 710, 457, 581, 49, 370, 716, 766, 661, 5, 379, 46, 507, 480, 526, 148, 338, 604, 775, 133, 118, 572, 799, 182, 80, 580, 281, 30, 12, 55, 602, 677, 309, 310, 718, 400, 695, 328, 543, 74, 708, 320, 170, 512, 195, 100, 491, 552, 262, 539, 75, 33, 158, 548, 450, 326, 734, 152, 519, 476, 163, 487, 684, 601, 245, 181, 442, 431, 663, 458, 714, 223, 376, 638, 85, 535, 603, 401, 534, 304, 67, 56, 17, 614, 303, 620, 558, 755, 513, 711, 50, 413, 758, 270, 97, 683, 634, 438, 717, 32, 26, 298, 111, 81, 295, 768, 52, 770, 645, 306, 241, 412, 517, 536, 800, 29, 127, 555, 358, 653, 704, 750, 141, 244, 385, 765, 666, 266, 96, 553, 733, 736, 287, 486, 648, 455, 375, 367, 531, 343, 347, 574, 210, 774, 466, 764, 762, 728, 453, 727, 544, 635, 374, 594, 472, 177, 66, 701, 155, 795, 591, 330, 42, 194, 38, 364, 41, 39, 282, 57, 355, 452, 616, 429, 137, 725, 583, 652, 707, 694, 156, 0, 545, 437, 398, 674, 325, 745, 274, 551, 337, 475, 349, 798, 324, 54, 256, 718, 606, 11, 546, 464, 729, 537, 599, 238, 219, 680, 183, 763, 373, 318, 313, 420, 567, 200, 636, 154, 723, 639, 465, 283, 301, 280, 19, 575, 288, 705, 164, 3, 578, 198, 23, 754, 787, 644, 157, 797, 503, 21, 682, 676, 316, 64, 789, 769, 523, 392, 743, 2, 565, 471, 390, 221, 312, 469, 610, 8, 656, 24, 175, 613, 278, 334, 776, 327, 384, 738, 47, 215, 237, 45, 550, 473, 651, 404, 527, 138, 188, 454, 641, 689, 530, 272, 257, 99, 559, 18, 230, 117, 669, 405, 53, 436, 511, 388, 149, 747, 441, 140, 267, 95, 796, 290, 197, 433, 595, 484, 119, 286, 91, 576, 381, 233, 562, 415, 102, 564, 77, 360, 113, 34, 82, 516, 352, 678, 556, 191, 713, 443, 226, 659, 366, 386, 619, 554, 496, 242, 662, 612, 790, 94, 626, 408, 584, 10, 772, 631, 587, 142, 208, 742, 340, 740, 445, 726, 592, 261, 291, 321, 518, 323, 637, 255, 136, 377, 265, 9, 165, 600, 419, 654, 640, 299, 341, 571, 335, 14, 331, 794, 596, 73, 435, 25, 449, 383, 499, 494, 693, 224, 351, 673, 139, 749, 686, 477, 392, 310, 258, 568, 269, 122, 307, 508, 147, 608, 225, 63, 479, 217, 4, 76, 333, 236, 345, 793, 296, 263, 777, 171, 393, 792, 752, 432, 350, 220, 151, 756, 423, 446, 128, 62, ]
Best fitness: 47.637
SEED: 8749

Solution Bins: 
Bin Number: 155
34085 30462 29942 26034 38818 20021 28542 33676 38594 27932 39791 37148 30265 17100 31412 25510 26251 28663 36728 38437 38981 27886 37464 39151 31578 33078 29732 28610 39895 39053 34795 39201 36940 28623 27109 23944 23114 39616 33987 37900 29310 37555 38820 36651 30374 39379 30070 33159 27980 27358 31858 39954 34040 36997 36132 28101 28311 35954 38124 35854 38036 35180 36462 19214 31654 24034 21730 30686 36696 29626 37092 34391 38568 35684 29734 31254 34932 36662 36743 34886 25583 13412 28290 38810 36642 32012 29864 39846 36332 37246 38079 39851 39318 39184 33376 38349 38145 39913 36425 39709 37787 39784 38171 35513 22640 33788 39216 39572 38043 36484 36341 39570 39169 39215 29714 38907 38430 24032 29977 39270 39920 34675 29070 36524 39723 39822 37358 30204 31932 38123 39256 39529 37605 33273 35379 27900 39866 39630 39302 36120 32460 31252 28332 35251 37006 37480 31677 37604 38685 21304 24005 34995 34235 37808 34466 
Elapsed time: 342 s
----------------------------------------

Population size: 600
Problem dimension: 801
Lower bound: 
0 0 0 0 0 0 0 0 0 0 0 0 0 0 0 0 0 0 0 0 0 0 0 0 0 0 0 0 0 0 0 0 0 0 0 0 0 0 0 0 0 0 0 0 0 0 0 0 0 0 0 0 0 0 0 0 0 0 0 0 0 0 0 0 0 0 0 0 0 0 0 0 0 0 0 0 0 0 0 0 0 0 0 0 0 0 0 0 0 0 0 0 0 0 0 0 0 0 0 0 0 0 0 0 0 0 0 0 0 0 0 0 0 0 0 0 0 0 0 0 0 0 0 0 0 0 0 0 0 0 0 0 0 0 0 0 0 0 0 0 0 0 0 0 0 0 0 0 0 0 0 0 0 0 0 0 0 0 0 0 0 0 0 0 0 0 0 0 0 0 0 0 0 0 0 0 0 0 0 0 0 0 0 0 0 0 0 0 0 0 0 0 0 0 0 0 0 0 0 0 0 0 0 0 0 0 0 0 0 0 0 0 0 0 0 0 0 0 0 0 0 0 0 0 0 0 0 0 0 0 0 0 0 0 0 0 0 0 0 0 0 0 0 0 0 0 0 0 0 0 0 0 0 0 0 0 0 0 0 0 0 0 0 0 0 0 0 0 0 0 0 0 0 0 0 0 0 0 0 0 0 0 0 0 0 0 0 0 0 0 0 0 0 0 0 0 0 0 0 0 0 0 0 0 0 0 0 0 0 0 0 0 0 0 0 0 0 0 0 0 0 0 0 0 0 0 0 0 0 0 0 0 0 0 0 0 0 0 0 0 0 0 0 0 0 0 0 0 0 0 0 0 0 0 0 0 0 0 0 0 0 0 0 0 0 0 0 0 0 0 0 0 0 0 0 0 0 0 0 0 0 0 0 0 0 0 0 0 0 0 0 0 0 0 0 0 0 0 0 0 0 0 0 0 0 0 0 0 0 0 0 0 0 0 0 0 0 0 0 0 0 0 0 0 0 0 0 0 0 0 0 0 0 0 0 0 0 0 0 0 0 0 0 0 0 0 0 0 0 0 0 0 0 0 0 0 0 0 0 0 0 0 0 0 0 0 0 0 0 0 0 0 0 0 0 0 0 0 0 0 0 0 0 0 0 0 0 0 0 0 0 0 0 0 0 0 0 0 0 0 0 0 0 0 0 0 0 0 0 0 0 0 0 0 0 0 0 0 0 0 0 0 0 0 0 0 0 0 0 0 0 0 0 0 0 0 0 0 0 0 0 0 0 0 0 0 0 0 0 0 0 0 0 0 0 0 0 0 0 0 0 0 0 0 0 0 0 0 0 0 0 0 0 0 0 0 0 0 0 0 0 0 0 0 0 0 0 0 0 0 0 0 0 0 0 0 0 0 0 0 0 0 0 0 0 0 0 0 0 0 0 0 0 0 0 0 0 0 0 0 0 0 0 0 0 0 0 0 0 0 0 0 0 0 0 0 0 0 0 0 0 0 0 0 0 0 0 0 0 0 0 0 0 0 0 0 0 0 0 0 0 0 0 0 0 0 0 0 0 0 0 0 0 0 0 0 0 0 0 0 0 0 0 0 0 0 0 0 0 0 0 0 0 0 0 0 0 0 0 0 0 0 0 0 0 0 0 0 0 0 0 0 0 0 0 0 0 0 0 0 0 0 0 0 0 0 0 0 0 0 0 0 0 0 0 0 0 0 0 0 0 0 0 0 0 0 0 0 0 0 0 0 0 0 0 0 0 0 0 0 0 0 0 0 0 0 0 0 0 0 0 0 0 0 0 0 0 0 0 0 0 0 0 0 0 0 0 0 0 0 0 0 0 0 0 0 0 0 0 0 0 
Upper bound: 
800 800 800 800 800 800 800 800 800 800 800 800 800 800 800 800 800 800 800 800 800 800 800 800 800 800 800 800 800 800 800 800 800 800 800 800 800 800 800 800 800 800 800 800 800 800 800 800 800 800 800 800 800 800 800 800 800 800 800 800 800 800 800 800 800 800 800 800 800 800 800 800 800 800 800 800 800 800 800 800 800 800 800 800 800 800 800 800 800 800 800 800 800 800 800 800 800 800 800 800 800 800 800 800 800 800 800 800 800 800 800 800 800 800 800 800 800 800 800 800 800 800 800 800 800 800 800 800 800 800 800 800 800 800 800 800 800 800 800 800 800 800 800 800 800 800 800 800 800 800 800 800 800 800 800 800 800 800 800 800 800 800 800 800 800 800 800 800 800 800 800 800 800 800 800 800 800 800 800 800 800 800 800 800 800 800 800 800 800 800 800 800 800 800 800 800 800 800 800 800 800 800 800 800 800 800 800 800 800 800 800 800 800 800 800 800 800 800 800 800 800 800 800 800 800 800 800 800 800 800 800 800 800 800 800 800 800 800 800 800 800 800 800 800 800 800 800 800 800 800 800 800 800 800 800 800 800 800 800 800 800 800 800 800 800 800 800 800 800 800 800 800 800 800 800 800 800 800 800 800 800 800 800 800 800 800 800 800 800 800 800 800 800 800 800 800 800 800 800 800 800 800 800 800 800 800 800 800 800 800 800 800 800 800 800 800 800 800 800 800 800 800 800 800 800 800 800 800 800 800 800 800 800 800 800 800 800 800 800 800 800 800 800 800 800 800 800 800 800 800 800 800 800 800 800 800 800 800 800 800 800 800 800 800 800 800 800 800 800 800 800 800 800 800 800 800 800 800 800 800 800 800 800 800 800 800 800 800 800 800 800 800 800 800 800 800 800 800 800 800 800 800 800 800 800 800 800 800 800 800 800 800 800 800 800 800 800 800 800 800 800 800 800 800 800 800 800 800 800 800 800 800 800 800 800 800 800 800 800 800 800 800 800 800 800 800 800 800 800 800 800 800 800 800 800 800 800 800 800 800 800 800 800 800 800 800 800 800 800 800 800 800 800 800 800 800 800 800 800 800 800 800 800 800 800 800 800 800 800 800 800 800 800 800 800 800 800 800 800 800 800 800 800 800 800 800 800 800 800 800 800 800 800 800 800 800 800 800 800 800 800 800 800 800 800 800 800 800 800 800 800 800 800 800 800 800 800 800 800 800 800 800 800 800 800 800 800 800 800 800 800 800 800 800 800 800 800 800 800 800 800 800 800 800 800 800 800 800 800 800 800 800 800 800 800 800 800 800 800 800 800 800 800 800 800 800 800 800 800 800 800 800 800 800 800 800 800 800 800 800 800 800 800 800 800 800 800 800 800 800 800 800 800 800 800 800 800 800 800 800 800 800 800 800 800 800 800 800 800 800 800 800 800 800 800 800 800 800 800 800 800 800 800 800 800 800 800 800 800 800 800 800 800 800 800 800 800 800 800 800 800 800 800 800 800 800 800 800 800 800 800 800 800 800 800 800 800 800 800 800 800 800 800 800 800 800 800 800 800 800 800 800 800 800 800 800 800 800 800 800 800 800 800 800 800 800 800 800 800 800 800 800 800 800 800 800 800 800 800 800 800 800 800 800 800 800 800 800 800 800 800 800 800 800 800 800 800 800 800 800 800 800 800 800 800 800 800 800 800 800 800 800 800 800 800 800 800 800 800 800 800 800 800 800 800 800 800 800 800 800 800 800 800 800 800 800 800 800 800 800 800 800 800 800 800 800 800 800 800 800 800 800 800 800 800 800 800 800 800 800 800 
Weight factor: 0.8
Crossover rate: 0.9
Max iteration: 6000
Best solution: 
[338, 422, 240, 346, 627, 684, 19, 142, 385, 51, 637, 177, 191, 379, 273, 622, 239, 104, 206, 276, 457, 550, 549, 81, 328, 235, 88, 27, 800, 485, 438, 725, 9, 158, 481, 365, 410, 790, 208, 64, 638, 472, 0, 554, 214, 694, 146, 540, 317, 189, 445, 507, 199, 645, 541, 560, 495, 94, 715, 183, 382, 639, 452, 480, 192, 785, 272, 152, 244, 335, 720, 149, 712, 514, 274, 326, 753, 36, 190, 358, 402, 216, 340, 57, 384, 760, 99, 444, 623, 598, 217, 463, 245, 732, 523, 155, 316, 383, 589, 261, 777, 188, 576, 334, 745, 60, 226, 285, 103, 479, 368, 178, 568, 516, 499, 242, 503, 112, 698, 506, 772, 400, 220, 458, 428, 141, 685, 251, 266, 175, 681, 14, 119, 351, 223, 682, 641, 184, 252, 484, 425, 406, 89, 658, 277, 582, 679, 287, 194, 482, 343, 38, 389, 305, 522, 107, 259, 255, 227, 492, 726, 182, 42, 307, 552, 678, 171, 423, 793, 435, 341, 363, 69, 54, 10, 336, 788, 367, 621, 322, 625, 33, 747, 388, 85, 704, 354, 592, 602, 464, 655, 548, 360, 116, 616, 628, 696, 408, 547, 201, 700, 763, 344, 579, 742, 399, 781, 267, 170, 209, 635, 761, 758, 595, 224, 369, 353, 511, 101, 797, 723, 169, 145, 95, 333, 491, 115, 686, 122, 355, 5, 359, 520, 46, 561, 132, 546, 386, 32, 669, 228, 515, 727, 465, 72, 407, 771, 157, 436, 3, 659, 711, 430, 212, 256, 128, 538, 291, 706, 200, 594, 15, 782, 304, 21, 340, 281, 61, 352, 585, 49, 580, 392, 710, 411, 301, 7, 713, 454, 455, 193, 622, 662, 665, 657, 401, 431, 555, 380, 702, 676, 71, 581, 786, 542, 20, 356, 794, 6, 117, 121, 312, 730, 164, 374, 518, 43, 419, 719, 144, 783, 636, 724, 413, 671, 253, 432, 176, 269, 409, 476, 140, 143, 714, 398, 87, 404, 424, 210, 674, 31, 672, 29, 356, 564, 721, 204, 172, 707, 398, 749, 92, 41, 569, 296, 468, 584, 73, 661, 320, 96, 597, 370, 567, 770, 45, 44, 280, 536, 250, 442, 162, 77, 470, 765, 667, 609, 262, 573, 315, 11, 246, 37, 601, 53, 120, 656, 221, 744, 748, 690, 34, 789, 429, 466, 293, 606, 137, 371, 779, 163, 624, 123, 8, 84, 381, 575, 440, 265, 207, 530, 39, 257, 310, 311, 232, 47, 52, 475, 66, 534, 717, 139, 421, 48, 574, 127, 767, 78, 290, 147, 791, 640, 91, 294, 583, 350, 566, 215, 488, 390, 689, 762, 23, 394, 102, 372, 238, 327, 571, 168, 450, 219, 497, 456, 17, 527, 650, 489, 776, 254, 660, 784, 114, 629, 453, 292, 718, 664, 539, 258, 138, 426, 236, 590, 447, 593, 735, 150, 757, 136, 313, 275, 65, 377, 528, 680, 237, 605, 22, 260, 161, 792, 1, 30, 198, 693, 755, 28, 459, 249, 611, 498, 610, 774, 460, 415, 563, 375, 314, 557, 512, 508, 428, 471, 303, 643, 309, 289, 446, 100, 562, 687, 331, 361, 286, 722, 670, 768, 666, 4, 302, 271, 521, 437, 307, 439, 67, 614, 342, 24, 297, 746, 699, 412, 222, 357, 278, 588, 166, 70, 173, 167, 654, 603, 213, 612, 544, 233, 151, 739, 82, 733, 751, 135, 268, 634, 663, 58, 441, 449, 722, 211, 179, 366, 76, 300, 90, 195, 596, 181, 691, 395, 505, 75, 787, 477, 403, 642, 633, 734, 683, 134, 243, 766, 80, 743, 433, 63, 644, 106, 443, 448, 186, 319, 113, 159, 180, 378, 620, 324, 330, 349, 608, 13, 202, 648, 376, 187, 148, 599, 111, 630, 295, 16, 556, 418, 565, 799, 185, 737, 98, 130, 668, 110, 263, 729, 321, 531, 524, 688, 553, 754, 619, 332, 153, 586, 337, 570, 230, 626, 615, 391, 284, 434, 205, 79, 362, 97, 174, 537, 473, 339, 509, 558, 298, 270, 708, 675, 126, 26, 740, 131, 234, 577, 474, 701, 600, 323, 318, 373, 775, 551, 673, 559, 264, 229, 125, 587, 414, 677, 621, 382, 129, 613, 405, 486, 283, 248, 83, 513, 738, 519, 364, 393, 225, 728, 218, 12, 308, 25, 490, 572, 653, 451, 652, 165, 780, 288, 752, 494, 55, 154, 417, 651, 86, 709, 359, 156, 487, 35, 416, 504, 62, 427, 756, 526, 2, 764, 118, 282, 231, 496, 247, 493, 591, 160, 631, 478, 618, 578, 299, 108, 329, 533, 396, 525, 529, 467, 74, 731, 795, 695, 124, 510, 469, 697, 502, 40, 93, 279, 649, 646, 543, 535, 68, 703, 203, 387, 109, 607, 169, 483, 420, 532, 759, 647, 716, 306, 461, 692, 501, 545, 105, 604, 347, 345, 197, 796, 736, 433, 741, 462, 778, 196, 798, 705, 617, 750, 59, 348, ]
Best fitness: 46.5975
SEED: 29723

Solution Bins: 
Bin Number: 153
39285 30663 24888 38314 38456 37627 26954 36575 35990 38377 37641 37882 38122 38547 36941 36950 39413 39224 24952 32652 37545 38075 37677 38603 34062 39491 32720 25370 39557 26898 38473 38968 39664 39728 33139 33411 36264 39548 37248 38853 35430 38840 39327 25268 37712 33311 38715 36630 39903 38516 15824 38262 38452 39108 37039 39272 39866 39127 35161 36097 36490 33775 28037 33564 37807 22180 37942 30542 39957 38542 37616 35914 33575 39341 29294 27024 38215 33190 27008 38471 24166 35060 27638 34189 33918 38922 39156 39433 37776 38476 38856 17848 36210 30918 35334 36835 29437 24870 27934 33158 39672 39474 31560 39740 35981 36719 38330 24054 27252 25600 39830 37048 29665 37156 34155 38108 32490 35255 34988 39249 36303 29976 39340 32816 26466 35357 35864 23633 33204 37512 27186 28680 35291 27354 39629 38873 38471 38026 35936 31357 39640 38828 36644 34598 36771 37052 38069 38085 19164 28143 38581 37652 39452 
Elapsed time: 341 s
----------------------------------------

Population size: 600
Problem dimension: 801
Lower bound: 
0 0 0 0 0 0 0 0 0 0 0 0 0 0 0 0 0 0 0 0 0 0 0 0 0 0 0 0 0 0 0 0 0 0 0 0 0 0 0 0 0 0 0 0 0 0 0 0 0 0 0 0 0 0 0 0 0 0 0 0 0 0 0 0 0 0 0 0 0 0 0 0 0 0 0 0 0 0 0 0 0 0 0 0 0 0 0 0 0 0 0 0 0 0 0 0 0 0 0 0 0 0 0 0 0 0 0 0 0 0 0 0 0 0 0 0 0 0 0 0 0 0 0 0 0 0 0 0 0 0 0 0 0 0 0 0 0 0 0 0 0 0 0 0 0 0 0 0 0 0 0 0 0 0 0 0 0 0 0 0 0 0 0 0 0 0 0 0 0 0 0 0 0 0 0 0 0 0 0 0 0 0 0 0 0 0 0 0 0 0 0 0 0 0 0 0 0 0 0 0 0 0 0 0 0 0 0 0 0 0 0 0 0 0 0 0 0 0 0 0 0 0 0 0 0 0 0 0 0 0 0 0 0 0 0 0 0 0 0 0 0 0 0 0 0 0 0 0 0 0 0 0 0 0 0 0 0 0 0 0 0 0 0 0 0 0 0 0 0 0 0 0 0 0 0 0 0 0 0 0 0 0 0 0 0 0 0 0 0 0 0 0 0 0 0 0 0 0 0 0 0 0 0 0 0 0 0 0 0 0 0 0 0 0 0 0 0 0 0 0 0 0 0 0 0 0 0 0 0 0 0 0 0 0 0 0 0 0 0 0 0 0 0 0 0 0 0 0 0 0 0 0 0 0 0 0 0 0 0 0 0 0 0 0 0 0 0 0 0 0 0 0 0 0 0 0 0 0 0 0 0 0 0 0 0 0 0 0 0 0 0 0 0 0 0 0 0 0 0 0 0 0 0 0 0 0 0 0 0 0 0 0 0 0 0 0 0 0 0 0 0 0 0 0 0 0 0 0 0 0 0 0 0 0 0 0 0 0 0 0 0 0 0 0 0 0 0 0 0 0 0 0 0 0 0 0 0 0 0 0 0 0 0 0 0 0 0 0 0 0 0 0 0 0 0 0 0 0 0 0 0 0 0 0 0 0 0 0 0 0 0 0 0 0 0 0 0 0 0 0 0 0 0 0 0 0 0 0 0 0 0 0 0 0 0 0 0 0 0 0 0 0 0 0 0 0 0 0 0 0 0 0 0 0 0 0 0 0 0 0 0 0 0 0 0 0 0 0 0 0 0 0 0 0 0 0 0 0 0 0 0 0 0 0 0 0 0 0 0 0 0 0 0 0 0 0 0 0 0 0 0 0 0 0 0 0 0 0 0 0 0 0 0 0 0 0 0 0 0 0 0 0 0 0 0 0 0 0 0 0 0 0 0 0 0 0 0 0 0 0 0 0 0 0 0 0 0 0 0 0 0 0 0 0 0 0 0 0 0 0 0 0 0 0 0 0 0 0 0 0 0 0 0 0 0 0 0 0 0 0 0 0 0 0 0 0 0 0 0 0 0 0 0 0 0 0 0 0 0 0 0 0 0 0 0 0 0 0 0 0 0 0 0 0 0 0 0 0 0 0 0 0 0 0 0 0 0 0 0 0 0 0 0 0 0 0 0 0 0 0 0 0 0 0 0 0 0 0 0 0 0 0 0 0 0 0 0 0 0 0 0 0 0 0 0 0 0 0 0 0 0 0 0 0 0 0 0 0 0 0 0 0 0 0 0 0 0 0 0 0 0 0 0 0 0 0 0 0 0 0 0 0 0 0 0 0 0 0 0 0 0 0 0 0 0 0 0 0 0 0 0 
Upper bound: 
800 800 800 800 800 800 800 800 800 800 800 800 800 800 800 800 800 800 800 800 800 800 800 800 800 800 800 800 800 800 800 800 800 800 800 800 800 800 800 800 800 800 800 800 800 800 800 800 800 800 800 800 800 800 800 800 800 800 800 800 800 800 800 800 800 800 800 800 800 800 800 800 800 800 800 800 800 800 800 800 800 800 800 800 800 800 800 800 800 800 800 800 800 800 800 800 800 800 800 800 800 800 800 800 800 800 800 800 800 800 800 800 800 800 800 800 800 800 800 800 800 800 800 800 800 800 800 800 800 800 800 800 800 800 800 800 800 800 800 800 800 800 800 800 800 800 800 800 800 800 800 800 800 800 800 800 800 800 800 800 800 800 800 800 800 800 800 800 800 800 800 800 800 800 800 800 800 800 800 800 800 800 800 800 800 800 800 800 800 800 800 800 800 800 800 800 800 800 800 800 800 800 800 800 800 800 800 800 800 800 800 800 800 800 800 800 800 800 800 800 800 800 800 800 800 800 800 800 800 800 800 800 800 800 800 800 800 800 800 800 800 800 800 800 800 800 800 800 800 800 800 800 800 800 800 800 800 800 800 800 800 800 800 800 800 800 800 800 800 800 800 800 800 800 800 800 800 800 800 800 800 800 800 800 800 800 800 800 800 800 800 800 800 800 800 800 800 800 800 800 800 800 800 800 800 800 800 800 800 800 800 800 800 800 800 800 800 800 800 800 800 800 800 800 800 800 800 800 800 800 800 800 800 800 800 800 800 800 800 800 800 800 800 800 800 800 800 800 800 800 800 800 800 800 800 800 800 800 800 800 800 800 800 800 800 800 800 800 800 800 800 800 800 800 800 800 800 800 800 800 800 800 800 800 800 800 800 800 800 800 800 800 800 800 800 800 800 800 800 800 800 800 800 800 800 800 800 800 800 800 800 800 800 800 800 800 800 800 800 800 800 800 800 800 800 800 800 800 800 800 800 800 800 800 800 800 800 800 800 800 800 800 800 800 800 800 800 800 800 800 800 800 800 800 800 800 800 800 800 800 800 800 800 800 800 800 800 800 800 800 800 800 800 800 800 800 800 800 800 800 800 800 800 800 800 800 800 800 800 800 800 800 800 800 800 800 800 800 800 800 800 800 800 800 800 800 800 800 800 800 800 800 800 800 800 800 800 800 800 800 800 800 800 800 800 800 800 800 800 800 800 800 800 800 800 800 800 800 800 800 800 800 800 800 800 800 800 800 800 800 800 800 800 800 800 800 800 800 800 800 800 800 800 800 800 800 800 800 800 800 800 800 800 800 800 800 800 800 800 800 800 800 800 800 800 800 800 800 800 800 800 800 800 800 800 800 800 800 800 800 800 800 800 800 800 800 800 800 800 800 800 800 800 800 800 800 800 800 800 800 800 800 800 800 800 800 800 800 800 800 800 800 800 800 800 800 800 800 800 800 800 800 800 800 800 800 800 800 800 800 800 800 800 800 800 800 800 800 800 800 800 800 800 800 800 800 800 800 800 800 800 800 800 800 800 800 800 800 800 800 800 800 800 800 800 800 800 800 800 800 800 800 800 800 800 800 800 800 800 800 800 800 800 800 800 800 800 800 800 800 800 800 800 800 800 800 800 800 800 800 800 800 800 800 800 800 800 800 800 800 800 800 800 800 800 800 800 800 800 800 800 800 800 800 800 800 800 800 800 800 800 800 800 800 800 800 800 800 800 800 800 800 800 800 800 800 800 800 800 800 800 800 800 800 800 800 800 800 800 800 800 800 800 800 800 800 800 800 800 800 800 800 800 800 800 800 800 800 800 800 800 
Weight factor: 0.8
Crossover rate: 0.9
Max iteration: 6000
Best solution: 
[295, 691, 481, 244, 752, 18, 82, 196, 711, 504, 27, 496, 93, 224, 316, 119, 242, 727, 613, 717, 501, 605, 516, 333, 631, 794, 437, 742, 581, 147, 679, 612, 368, 303, 512, 67, 642, 359, 451, 113, 342, 373, 780, 598, 297, 24, 671, 1, 320, 532, 152, 526, 388, 104, 673, 29, 379, 559, 747, 241, 570, 743, 488, 159, 771, 356, 45, 265, 141, 699, 529, 355, 138, 299, 515, 767, 471, 637, 494, 414, 293, 205, 684, 654, 395, 107, 177, 250, 310, 499, 595, 517, 55, 271, 482, 642, 197, 17, 187, 347, 415, 128, 91, 278, 633, 600, 129, 632, 80, 6, 432, 800, 667, 687, 692, 571, 322, 404, 537, 519, 47, 199, 31, 287, 39, 518, 562, 109, 285, 221, 652, 409, 273, 229, 16, 548, 735, 53, 318, 503, 99, 110, 40, 779, 387, 330, 629, 8, 365, 514, 672, 454, 513, 157, 15, 429, 392, 778, 89, 94, 394, 531, 706, 608, 421, 587, 474, 37, 560, 566, 257, 249, 162, 663, 311, 682, 74, 324, 261, 84, 102, 125, 719, 616, 798, 116, 385, 298, 365, 23, 457, 233, 352, 422, 268, 48, 393, 649, 446, 656, 172, 549, 57, 235, 443, 739, 19, 289, 369, 246, 207, 500, 620, 10, 389, 478, 480, 419, 76, 371, 26, 198, 357, 184, 231, 377, 458, 11, 670, 726, 354, 664, 208, 350, 658, 214, 92, 436, 614, 472, 331, 505, 611, 530, 765, 666, 630, 63, 552, 674, 358, 362, 101, 186, 583, 702, 195, 185, 370, 32, 599, 588, 398, 680, 423, 700, 565, 13, 452, 30, 554, 697, 433, 624, 211, 66, 323, 621, 163, 335, 696, 753, 698, 65, 183, 675, 154, 9, 609, 693, 237, 372, 150, 262, 521, 427, 434, 277, 723, 236, 490, 627, 329, 225, 525, 123, 304, 313, 731, 390, 497, 601, 793, 623, 210, 618, 50, 190, 279, 492, 288, 314, 460, 126, 145, 584, 96, 21, 272, 219, 575, 450, 77, 64, 33, 51, 592, 52, 716, 260, 194, 4, 153, 441, 677, 456, 459, 705, 142, 156, 498, 486, 462, 312, 725, 171, 307, 397, 558, 229, 431, 659, 296, 464, 151, 540, 746, 636, 348, 143, 132, 791, 569, 418, 222, 615, 709, 617, 381, 678, 449, 590, 761, 795, 378, 263, 589, 275, 134, 495, 168, 56, 448, 714, 764, 345, 715, 228, 585, 522, 361, 655, 776, 403, 43, 681, 763, 467, 781, 541, 638, 2, 111, 339, 254, 114, 406, 686, 770, 103, 270, 87, 563, 105, 22, 502, 796, 28, 326, 136, 401, 0, 445, 535, 120, 353, 751, 545, 413, 344, 774, 470, 259, 417, 88, 302, 46, 227, 539, 407, 730, 577, 49, 728, 749, 7, 544, 20, 622, 90, 180, 300, 410, 710, 176, 442, 85, 669, 685, 745, 578, 428, 744, 425, 399, 42, 166, 44, 283, 576, 784, 68, 164, 786, 521, 465, 191, 193, 604, 139, 115, 732, 484, 477, 683, 792, 536, 243, 167, 596, 213, 309, 772, 200, 416, 248, 729, 253, 215, 286, 281, 543, 75, 391, 341, 408, 546, 328, 722, 785, 426, 374, 252, 334, 3, 59, 788, 634, 325, 473, 603, 396, 736, 420, 542, 112, 294, 619, 574, 240, 491, 290, 226, 282, 400, 5, 643, 264, 561, 580, 468, 650, 724, 651, 703, 305, 160, 797, 61, 628, 461, 340, 582, 597, 230, 212, 760, 463, 523, 768, 367, 170, 291, 357, 411, 644, 41, 247, 533, 483, 648, 430, 106, 626, 158, 258, 507, 332, 380, 337, 182, 662, 777, 572, 131, 640, 602, 564, 117, 579, 366, 547, 704, 178, 217, 773, 338, 799, 553, 653, 155, 790, 54, 720, 657, 660, 734, 108, 206, 308, 789, 83, 759, 568, 319, 218, 266, 510, 676, 493, 97, 276, 550, 292, 181, 556, 509, 383, 435, 25, 179, 438, 133, 479, 121, 737, 661, 447, 35, 787, 405, 439, 645, 506, 701, 775, 78, 740, 175, 274, 251, 122, 306, 639, 466, 534, 444, 349, 758, 527, 364, 216, 668, 538, 223, 754, 718, 301, 557, 756, 169, 647, 58, 489, 783, 511, 782, 738, 165, 161, 610, 386, 173, 135, 234, 100, 635, 203, 209, 146, 382, 188, 625, 594, 695, 201, 402, 79, 485, 694, 60, 690, 412, 508, 741, 424, 469, 232, 641, 118, 12, 130, 555, 440, 712, 38, 750, 71, 86, 245, 360, 327, 375, 238, 646, 733, 31, 72, 351, 69, 36, 337, 665, 40, 174, 766, 81, 149, 144, 528, 363, 689, 453, 189, 255, 376, 317, 346, 713, 755, 591, 70, 284, 269, 343, 573, 593, 708, 220, 124, 204, 250, 280, 475, 762, 769, 140, 688, 606, 73, 336, 721, 476, 707, 567, 127, 487, 256, 748, 202, 315, 524, 34, 586, 551, 384, 321, 14, 607, 455, 137, ]
Best fitness: 47.3537
SEED: 15605

Solution Bins: 
Bin Number: 156
33276 27048 34903 29272 37273 35603 37659 39992 39302 38971 27360 32240 34641 35170 37128 33500 34662 39970 34543 39200 28133 37221 38133 39440 31095 39438 31131 38721 33700 39360 27471 37113 19583 37358 38696 15812 26488 33751 37888 24281 37666 23799 35091 38013 35149 28040 29846 39540 29996 35658 39283 38907 25016 36911 36236 36242 37185 37175 25765 27110 39926 31590 38400 34726 38118 38560 28296 39359 27398 29086 39169 38078 34681 39803 38997 36266 36804 38821 27559 37333 39845 29532 23271 32786 28916 31387 38907 39706 36490 37551 38825 31646 39425 39394 37180 39326 27834 29563 26608 29227 32940 39199 25617 39690 36151 27845 35280 36704 37347 39906 21276 37842 39994 38863 39803 33360 34597 36654 29672 39661 39168 39636 39760 32162 32984 38814 33110 30718 37125 37906 36479 31259 25378 27634 21313 31905 36279 37604 28290 35306 26968 39175 28590 34043 36184 27651 38534 39430 38942 31915 39488 32008 39919 38530 34472 38218 
Elapsed time: 340 s
----------------------------------------

Population size: 600
Problem dimension: 801
Lower bound: 
0 0 0 0 0 0 0 0 0 0 0 0 0 0 0 0 0 0 0 0 0 0 0 0 0 0 0 0 0 0 0 0 0 0 0 0 0 0 0 0 0 0 0 0 0 0 0 0 0 0 0 0 0 0 0 0 0 0 0 0 0 0 0 0 0 0 0 0 0 0 0 0 0 0 0 0 0 0 0 0 0 0 0 0 0 0 0 0 0 0 0 0 0 0 0 0 0 0 0 0 0 0 0 0 0 0 0 0 0 0 0 0 0 0 0 0 0 0 0 0 0 0 0 0 0 0 0 0 0 0 0 0 0 0 0 0 0 0 0 0 0 0 0 0 0 0 0 0 0 0 0 0 0 0 0 0 0 0 0 0 0 0 0 0 0 0 0 0 0 0 0 0 0 0 0 0 0 0 0 0 0 0 0 0 0 0 0 0 0 0 0 0 0 0 0 0 0 0 0 0 0 0 0 0 0 0 0 0 0 0 0 0 0 0 0 0 0 0 0 0 0 0 0 0 0 0 0 0 0 0 0 0 0 0 0 0 0 0 0 0 0 0 0 0 0 0 0 0 0 0 0 0 0 0 0 0 0 0 0 0 0 0 0 0 0 0 0 0 0 0 0 0 0 0 0 0 0 0 0 0 0 0 0 0 0 0 0 0 0 0 0 0 0 0 0 0 0 0 0 0 0 0 0 0 0 0 0 0 0 0 0 0 0 0 0 0 0 0 0 0 0 0 0 0 0 0 0 0 0 0 0 0 0 0 0 0 0 0 0 0 0 0 0 0 0 0 0 0 0 0 0 0 0 0 0 0 0 0 0 0 0 0 0 0 0 0 0 0 0 0 0 0 0 0 0 0 0 0 0 0 0 0 0 0 0 0 0 0 0 0 0 0 0 0 0 0 0 0 0 0 0 0 0 0 0 0 0 0 0 0 0 0 0 0 0 0 0 0 0 0 0 0 0 0 0 0 0 0 0 0 0 0 0 0 0 0 0 0 0 0 0 0 0 0 0 0 0 0 0 0 0 0 0 0 0 0 0 0 0 0 0 0 0 0 0 0 0 0 0 0 0 0 0 0 0 0 0 0 0 0 0 0 0 0 0 0 0 0 0 0 0 0 0 0 0 0 0 0 0 0 0 0 0 0 0 0 0 0 0 0 0 0 0 0 0 0 0 0 0 0 0 0 0 0 0 0 0 0 0 0 0 0 0 0 0 0 0 0 0 0 0 0 0 0 0 0 0 0 0 0 0 0 0 0 0 0 0 0 0 0 0 0 0 0 0 0 0 0 0 0 0 0 0 0 0 0 0 0 0 0 0 0 0 0 0 0 0 0 0 0 0 0 0 0 0 0 0 0 0 0 0 0 0 0 0 0 0 0 0 0 0 0 0 0 0 0 0 0 0 0 0 0 0 0 0 0 0 0 0 0 0 0 0 0 0 0 0 0 0 0 0 0 0 0 0 0 0 0 0 0 0 0 0 0 0 0 0 0 0 0 0 0 0 0 0 0 0 0 0 0 0 0 0 0 0 0 0 0 0 0 0 0 0 0 0 0 0 0 0 0 0 0 0 0 0 0 0 0 0 0 0 0 0 0 0 0 0 0 0 0 0 0 0 0 0 0 0 0 0 0 0 0 0 0 0 0 0 0 0 0 0 0 0 0 0 0 0 0 0 0 0 0 0 0 0 0 0 0 0 0 0 0 0 0 0 0 0 0 0 0 0 0 0 0 0 0 0 0 0 0 0 0 0 0 0 0 0 0 0 0 0 0 0 0 0 0 0 0 0 0 0 0 0 0 0 0 0 0 0 0 0 
Upper bound: 
800 800 800 800 800 800 800 800 800 800 800 800 800 800 800 800 800 800 800 800 800 800 800 800 800 800 800 800 800 800 800 800 800 800 800 800 800 800 800 800 800 800 800 800 800 800 800 800 800 800 800 800 800 800 800 800 800 800 800 800 800 800 800 800 800 800 800 800 800 800 800 800 800 800 800 800 800 800 800 800 800 800 800 800 800 800 800 800 800 800 800 800 800 800 800 800 800 800 800 800 800 800 800 800 800 800 800 800 800 800 800 800 800 800 800 800 800 800 800 800 800 800 800 800 800 800 800 800 800 800 800 800 800 800 800 800 800 800 800 800 800 800 800 800 800 800 800 800 800 800 800 800 800 800 800 800 800 800 800 800 800 800 800 800 800 800 800 800 800 800 800 800 800 800 800 800 800 800 800 800 800 800 800 800 800 800 800 800 800 800 800 800 800 800 800 800 800 800 800 800 800 800 800 800 800 800 800 800 800 800 800 800 800 800 800 800 800 800 800 800 800 800 800 800 800 800 800 800 800 800 800 800 800 800 800 800 800 800 800 800 800 800 800 800 800 800 800 800 800 800 800 800 800 800 800 800 800 800 800 800 800 800 800 800 800 800 800 800 800 800 800 800 800 800 800 800 800 800 800 800 800 800 800 800 800 800 800 800 800 800 800 800 800 800 800 800 800 800 800 800 800 800 800 800 800 800 800 800 800 800 800 800 800 800 800 800 800 800 800 800 800 800 800 800 800 800 800 800 800 800 800 800 800 800 800 800 800 800 800 800 800 800 800 800 800 800 800 800 800 800 800 800 800 800 800 800 800 800 800 800 800 800 800 800 800 800 800 800 800 800 800 800 800 800 800 800 800 800 800 800 800 800 800 800 800 800 800 800 800 800 800 800 800 800 800 800 800 800 800 800 800 800 800 800 800 800 800 800 800 800 800 800 800 800 800 800 800 800 800 800 800 800 800 800 800 800 800 800 800 800 800 800 800 800 800 800 800 800 800 800 800 800 800 800 800 800 800 800 800 800 800 800 800 800 800 800 800 800 800 800 800 800 800 800 800 800 800 800 800 800 800 800 800 800 800 800 800 800 800 800 800 800 800 800 800 800 800 800 800 800 800 800 800 800 800 800 800 800 800 800 800 800 800 800 800 800 800 800 800 800 800 800 800 800 800 800 800 800 800 800 800 800 800 800 800 800 800 800 800 800 800 800 800 800 800 800 800 800 800 800 800 800 800 800 800 800 800 800 800 800 800 800 800 800 800 800 800 800 800 800 800 800 800 800 800 800 800 800 800 800 800 800 800 800 800 800 800 800 800 800 800 800 800 800 800 800 800 800 800 800 800 800 800 800 800 800 800 800 800 800 800 800 800 800 800 800 800 800 800 800 800 800 800 800 800 800 800 800 800 800 800 800 800 800 800 800 800 800 800 800 800 800 800 800 800 800 800 800 800 800 800 800 800 800 800 800 800 800 800 800 800 800 800 800 800 800 800 800 800 800 800 800 800 800 800 800 800 800 800 800 800 800 800 800 800 800 800 800 800 800 800 800 800 800 800 800 800 800 800 800 800 800 800 800 800 800 800 800 800 800 800 800 800 800 800 800 800 800 800 800 800 800 800 800 800 800 800 800 800 800 800 800 800 800 800 800 800 800 800 800 800 800 800 800 800 800 800 800 800 800 800 800 800 800 800 800 800 800 800 800 800 800 800 800 800 800 800 800 800 800 800 800 800 800 800 800 800 800 800 800 800 800 800 800 800 800 800 800 800 800 800 800 800 800 800 800 800 800 800 800 800 800 800 800 800 800 800 800 800 800 800 
Weight factor: 0.8
Crossover rate: 0.9
Max iteration: 6000
Best solution: 
[397, 527, 110, 698, 395, 461, 414, 566, 405, 352, 500, 722, 344, 141, 65, 381, 766, 507, 457, 156, 563, 453, 613, 51, 460, 530, 229, 267, 791, 162, 730, 596, 520, 320, 108, 499, 509, 627, 709, 341, 224, 160, 564, 306, 728, 191, 489, 81, 260, 265, 549, 89, 164, 472, 272, 696, 675, 442, 475, 76, 412, 335, 422, 146, 318, 423, 255, 606, 152, 417, 587, 794, 271, 324, 648, 731, 181, 713, 354, 781, 53, 329, 299, 788, 392, 150, 241, 384, 315, 502, 792, 134, 159, 304, 432, 35, 366, 690, 665, 539, 532, 780, 201, 445, 67, 118, 13, 82, 429, 346, 569, 295, 75, 579, 239, 610, 96, 419, 64, 41, 24, 510, 400, 202, 385, 276, 515, 366, 497, 212, 206, 420, 235, 197, 18, 782, 701, 716, 727, 367, 52, 723, 583, 633, 764, 578, 553, 104, 26, 479, 186, 317, 752, 14, 443, 641, 376, 87, 425, 755, 609, 536, 20, 145, 342, 190, 770, 570, 16, 173, 256, 38, 492, 447, 220, 446, 426, 10, 12, 438, 203, 132, 513, 57, 192, 230, 148, 359, 70, 48, 585, 161, 617, 97, 68, 793, 637, 742, 740, 452, 242, 11, 751, 485, 528, 350, 109, 207, 531, 504, 550, 347, 151, 246, 259, 747, 477, 449, 284, 484, 59, 431, 119, 636, 9, 471, 194, 673, 640, 49, 127, 738, 686, 659, 588, 547, 128, 632, 427, 177, 765, 15, 567, 193, 448, 333, 78, 115, 508, 176, 37, 387, 724, 349, 325, 592, 195, 615, 409, 240, 142, 529, 413, 743, 521, 676, 514, 290, 39, 600, 679, 732, 756, 390, 179, 382, 102, 433, 655, 746, 645, 105, 253, 233, 575, 42, 394, 494, 677, 379, 548, 450, 621, 361, 662, 538, 516, 544, 137, 185, 298, 370, 4, 705, 800, 670, 519, 545, 363, 215, 6, 124, 273, 744, 478, 407, 136, 356, 270, 31, 268, 691, 280, 95, 506, 138, 678, 760, 261, 90, 666, 476, 77, 634, 1, 481, 625, 54, 664, 486, 710, 787, 98, 518, 27, 487, 91, 630, 330, 312, 362, 784, 8, 46, 767, 643, 310, 388, 523, 758, 619, 279, 685, 556, 638, 684, 661, 694, 248, 473, 512, 25, 608, 582, 72, 327, 591, 174, 278, 456, 47, 715, 436, 247, 552, 517, 441, 540, 187, 799, 573, 437, 557, 66, 773, 257, 113, 345, 7, 607, 653, 498, 126, 660, 789, 695, 50, 783, 29, 466, 383, 252, 435, 204, 182, 386, 178, 172, 408, 406, 258, 692, 380, 599, 23, 689, 635, 209, 533, 40, 171, 296, 144, 688, 503, 761, 143, 364, 155, 348, 571, 720, 114, 149, 34, 116, 73, 741, 493, 300, 721, 79, 522, 92, 589, 440, 483, 281, 238, 574, 373, 337, 725, 198, 776, 560, 43, 274, 94, 231, 667, 168, 595, 796, 734, 757, 309, 642, 712, 754, 357, 411, 121, 221, 189, 644, 616, 88, 401, 291, 639, 263, 763, 656, 467, 135, 30, 169, 490, 682, 681, 646, 468, 586, 652, 332, 523, 559, 584, 36, 287, 365, 470, 668, 249, 139, 577, 524, 85, 495, 391, 2, 107, 672, 729, 389, 537, 157, 266, 286, 687, 93, 86, 795, 697, 618, 597, 167, 704, 708, 314, 353, 649, 69, 153, 0, 360, 111, 699, 188, 130, 415, 378, 33, 482, 322, 131, 393, 601, 735, 790, 56, 458, 71, 339, 651, 455, 326, 302, 611, 99, 140, 369, 669, 580, 439, 469, 403, 614, 535, 226, 294, 462, 707, 244, 250, 745, 122, 562, 399, 147, 62, 526, 222, 496, 285, 561, 719, 480, 558, 568, 28, 338, 404, 245, 313, 303, 657, 103, 511, 120, 737, 234, 323, 292, 175, 375, 463, 372, 772, 622, 658, 565, 464, 269, 351, 166, 748, 297, 55, 683, 762, 106, 301, 61, 623, 629, 769, 541, 331, 243, 726, 612, 262, 223, 650, 604, 308, 210, 282, 572, 154, 80, 603, 418, 58, 60, 598, 430, 101, 217, 183, 463, 396, 170, 225, 45, 83, 706, 321, 654, 534, 305, 236, 228, 125, 786, 733, 180, 402, 32, 777, 605, 768, 671, 459, 371, 674, 363, 336, 785, 626, 264, 753, 3, 283, 44, 232, 501, 702, 590, 774, 491, 717, 158, 117, 200, 602, 505, 474, 219, 543, 214, 454, 798, 576, 355, 211, 680, 416, 714, 289, 205, 208, 307, 434, 275, 624, 74, 444, 410, 163, 254, 628, 542, 398, 465, 749, 750, 319, 525, 84, 700, 771, 551, 133, 218, 343, 546, 620, 775, 17, 63, 736, 311, 21, 377, 797, 593, 374, 293, 237, 739, 277, 123, 334, 693, 759, 165, 663, 199, 5, 631, 288, 428, 196, 451, 129, 488, 421, 112, 703, 340, 216, 368, 581, 213, 424, 594, 718, 22, 251, 328, 555, 19, 554, 184, 778, 711, 647, 316, ]
Best fitness: 45.1968
SEED: 26664

Solution Bins: 
Bin Number: 154
34855 32947 36563 31669 26125 38474 35508 38408 33013 27957 36347 37185 21604 29996 35342 16081 36300 38605 39589 26030 38495 39470 32522 27724 35621 33307 23736 36828 34402 36205 37898 32678 32582 39878 35845 32372 28411 22695 31363 29223 27842 24575 39600 39764 38690 31378 28160 31925 29792 36236 29082 33958 38832 39767 36771 38969 37305 37357 39659 33785 39562 36683 27926 39230 26712 31277 34128 34908 39359 34920 39979 37487 33888 36246 36701 29987 33353 33288 37633 26014 29231 33509 25879 34590 35663 35518 27900 31156 30576 39242 39010 39873 39778 37149 25166 38381 27934 26509 39611 34679 28434 34184 39179 38954 28403 37835 23646 38448 39514 32344 31948 37914 39754 36930 32155 39697 35384 32301 30439 39625 36978 35374 37950 33230 32358 38409 33476 32229 32378 19976 37435 28882 26850 36345 38322 39326 34432 30065 35592 39324 28284 33208 25079 29074 39548 38368 38212 34935 23219 39376 33298 36531 34661 38565 
Elapsed time: 331 s
----------------------------------------

Population size: 600
Problem dimension: 801
Lower bound: 
0 0 0 0 0 0 0 0 0 0 0 0 0 0 0 0 0 0 0 0 0 0 0 0 0 0 0 0 0 0 0 0 0 0 0 0 0 0 0 0 0 0 0 0 0 0 0 0 0 0 0 0 0 0 0 0 0 0 0 0 0 0 0 0 0 0 0 0 0 0 0 0 0 0 0 0 0 0 0 0 0 0 0 0 0 0 0 0 0 0 0 0 0 0 0 0 0 0 0 0 0 0 0 0 0 0 0 0 0 0 0 0 0 0 0 0 0 0 0 0 0 0 0 0 0 0 0 0 0 0 0 0 0 0 0 0 0 0 0 0 0 0 0 0 0 0 0 0 0 0 0 0 0 0 0 0 0 0 0 0 0 0 0 0 0 0 0 0 0 0 0 0 0 0 0 0 0 0 0 0 0 0 0 0 0 0 0 0 0 0 0 0 0 0 0 0 0 0 0 0 0 0 0 0 0 0 0 0 0 0 0 0 0 0 0 0 0 0 0 0 0 0 0 0 0 0 0 0 0 0 0 0 0 0 0 0 0 0 0 0 0 0 0 0 0 0 0 0 0 0 0 0 0 0 0 0 0 0 0 0 0 0 0 0 0 0 0 0 0 0 0 0 0 0 0 0 0 0 0 0 0 0 0 0 0 0 0 0 0 0 0 0 0 0 0 0 0 0 0 0 0 0 0 0 0 0 0 0 0 0 0 0 0 0 0 0 0 0 0 0 0 0 0 0 0 0 0 0 0 0 0 0 0 0 0 0 0 0 0 0 0 0 0 0 0 0 0 0 0 0 0 0 0 0 0 0 0 0 0 0 0 0 0 0 0 0 0 0 0 0 0 0 0 0 0 0 0 0 0 0 0 0 0 0 0 0 0 0 0 0 0 0 0 0 0 0 0 0 0 0 0 0 0 0 0 0 0 0 0 0 0 0 0 0 0 0 0 0 0 0 0 0 0 0 0 0 0 0 0 0 0 0 0 0 0 0 0 0 0 0 0 0 0 0 0 0 0 0 0 0 0 0 0 0 0 0 0 0 0 0 0 0 0 0 0 0 0 0 0 0 0 0 0 0 0 0 0 0 0 0 0 0 0 0 0 0 0 0 0 0 0 0 0 0 0 0 0 0 0 0 0 0 0 0 0 0 0 0 0 0 0 0 0 0 0 0 0 0 0 0 0 0 0 0 0 0 0 0 0 0 0 0 0 0 0 0 0 0 0 0 0 0 0 0 0 0 0 0 0 0 0 0 0 0 0 0 0 0 0 0 0 0 0 0 0 0 0 0 0 0 0 0 0 0 0 0 0 0 0 0 0 0 0 0 0 0 0 0 0 0 0 0 0 0 0 0 0 0 0 0 0 0 0 0 0 0 0 0 0 0 0 0 0 0 0 0 0 0 0 0 0 0 0 0 0 0 0 0 0 0 0 0 0 0 0 0 0 0 0 0 0 0 0 0 0 0 0 0 0 0 0 0 0 0 0 0 0 0 0 0 0 0 0 0 0 0 0 0 0 0 0 0 0 0 0 0 0 0 0 0 0 0 0 0 0 0 0 0 0 0 0 0 0 0 0 0 0 0 0 0 0 0 0 0 0 0 0 0 0 0 0 0 0 0 0 0 0 0 0 0 0 0 0 0 0 0 0 0 0 0 0 0 0 0 0 0 0 0 0 0 0 0 0 0 0 0 0 0 0 0 0 0 0 0 0 0 0 0 0 0 0 0 0 0 0 0 0 0 0 0 0 0 0 0 0 0 0 0 0 0 0 0 0 0 0 0 0 0 0 0 0 0 0 0 0 0 0 0 0 0 0 
Upper bound: 
800 800 800 800 800 800 800 800 800 800 800 800 800 800 800 800 800 800 800 800 800 800 800 800 800 800 800 800 800 800 800 800 800 800 800 800 800 800 800 800 800 800 800 800 800 800 800 800 800 800 800 800 800 800 800 800 800 800 800 800 800 800 800 800 800 800 800 800 800 800 800 800 800 800 800 800 800 800 800 800 800 800 800 800 800 800 800 800 800 800 800 800 800 800 800 800 800 800 800 800 800 800 800 800 800 800 800 800 800 800 800 800 800 800 800 800 800 800 800 800 800 800 800 800 800 800 800 800 800 800 800 800 800 800 800 800 800 800 800 800 800 800 800 800 800 800 800 800 800 800 800 800 800 800 800 800 800 800 800 800 800 800 800 800 800 800 800 800 800 800 800 800 800 800 800 800 800 800 800 800 800 800 800 800 800 800 800 800 800 800 800 800 800 800 800 800 800 800 800 800 800 800 800 800 800 800 800 800 800 800 800 800 800 800 800 800 800 800 800 800 800 800 800 800 800 800 800 800 800 800 800 800 800 800 800 800 800 800 800 800 800 800 800 800 800 800 800 800 800 800 800 800 800 800 800 800 800 800 800 800 800 800 800 800 800 800 800 800 800 800 800 800 800 800 800 800 800 800 800 800 800 800 800 800 800 800 800 800 800 800 800 800 800 800 800 800 800 800 800 800 800 800 800 800 800 800 800 800 800 800 800 800 800 800 800 800 800 800 800 800 800 800 800 800 800 800 800 800 800 800 800 800 800 800 800 800 800 800 800 800 800 800 800 800 800 800 800 800 800 800 800 800 800 800 800 800 800 800 800 800 800 800 800 800 800 800 800 800 800 800 800 800 800 800 800 800 800 800 800 800 800 800 800 800 800 800 800 800 800 800 800 800 800 800 800 800 800 800 800 800 800 800 800 800 800 800 800 800 800 800 800 800 800 800 800 800 800 800 800 800 800 800 800 800 800 800 800 800 800 800 800 800 800 800 800 800 800 800 800 800 800 800 800 800 800 800 800 800 800 800 800 800 800 800 800 800 800 800 800 800 800 800 800 800 800 800 800 800 800 800 800 800 800 800 800 800 800 800 800 800 800 800 800 800 800 800 800 800 800 800 800 800 800 800 800 800 800 800 800 800 800 800 800 800 800 800 800 800 800 800 800 800 800 800 800 800 800 800 800 800 800 800 800 800 800 800 800 800 800 800 800 800 800 800 800 800 800 800 800 800 800 800 800 800 800 800 800 800 800 800 800 800 800 800 800 800 800 800 800 800 800 800 800 800 800 800 800 800 800 800 800 800 800 800 800 800 800 800 800 800 800 800 800 800 800 800 800 800 800 800 800 800 800 800 800 800 800 800 800 800 800 800 800 800 800 800 800 800 800 800 800 800 800 800 800 800 800 800 800 800 800 800 800 800 800 800 800 800 800 800 800 800 800 800 800 800 800 800 800 800 800 800 800 800 800 800 800 800 800 800 800 800 800 800 800 800 800 800 800 800 800 800 800 800 800 800 800 800 800 800 800 800 800 800 800 800 800 800 800 800 800 800 800 800 800 800 800 800 800 800 800 800 800 800 800 800 800 800 800 800 800 800 800 800 800 800 800 800 800 800 800 800 800 800 800 800 800 800 800 800 800 800 800 800 800 800 800 800 800 800 800 800 800 800 800 800 800 800 800 800 800 800 800 800 800 800 800 800 800 800 800 800 800 800 800 800 800 800 800 800 800 800 800 800 800 800 800 800 800 800 800 800 800 800 800 800 800 800 800 800 800 800 800 800 800 800 800 800 800 800 800 800 800 800 800 800 800 800 800 800 800 
Weight factor: 0.8
Crossover rate: 0.9
Max iteration: 6000
Best solution: 
[606, 493, 611, 735, 38, 486, 152, 415, 489, 558, 795, 442, 209, 173, 170, 318, 472, 31, 371, 507, 713, 618, 120, 514, 23, 46, 665, 471, 231, 434, 601, 740, 138, 744, 484, 66, 614, 210, 384, 555, 568, 398, 205, 479, 28, 91, 459, 85, 594, 755, 232, 540, 168, 274, 372, 99, 382, 761, 780, 183, 145, 488, 389, 576, 7, 531, 604, 368, 141, 800, 245, 379, 409, 276, 161, 421, 642, 260, 764, 176, 621, 172, 722, 499, 1, 506, 148, 643, 408, 620, 546, 770, 617, 557, 93, 354, 25, 128, 356, 36, 154, 482, 748, 105, 201, 691, 255, 225, 630, 597, 200, 542, 204, 447, 114, 330, 199, 702, 452, 167, 647, 753, 626, 87, 143, 295, 692, 785, 685, 473, 50, 383, 412, 640, 511, 589, 733, 453, 680, 515, 650, 9, 516, 316, 336, 445, 234, 118, 393, 628, 681, 358, 374, 413, 78, 241, 324, 464, 534, 287, 679, 477, 285, 758, 492, 102, 348, 616, 69, 518, 347, 451, 98, 352, 288, 284, 116, 248, 690, 483, 615, 107, 595, 532, 480, 656, 51, 299, 593, 267, 544, 727, 579, 460, 90, 672, 244, 207, 737, 366, 328, 724, 404, 367, 720, 583, 549, 169, 577, 301, 505, 751, 343, 403, 273, 710, 783, 271, 153, 425, 406, 322, 603, 387, 14, 80, 461, 182, 782, 360, 44, 133, 257, 682, 222, 345, 184, 728, 443, 100, 64, 94, 164, 39, 83, 41, 394, 62, 277, 608, 192, 8, 146, 81, 600, 769, 129, 290, 62, 395, 474, 346, 190, 187, 569, 235, 259, 781, 705, 181, 738, 739, 510, 491, 77, 778, 171, 530, 644, 494, 233, 47, 693, 478, 661, 463, 675, 238, 513, 760, 457, 450, 444, 323, 563, 326, 298, 339, 726, 707, 635, 155, 754, 43, 303, 585, 703, 556, 390, 572, 139, 718, 411, 747, 392, 15, 422, 134, 696, 509, 448, 610, 71, 427, 388, 688, 552, 21, 669, 658, 376, 115, 156, 465, 648, 433, 147, 550, 537, 773, 481, 498, 521, 344, 528, 286, 529, 319, 220, 27, 110, 212, 689, 719, 428, 553, 789, 652, 292, 673, 788, 654, 103, 10, 40, 178, 32, 441, 580, 609, 435, 160, 575, 405, 449, 57, 750, 239, 508, 333, 60, 193, 196, 762, 338, 416, 224, 533, 57, 570, 223, 746, 48, 377, 16, 109, 619, 179, 466, 637, 564, 645, 162, 487, 211, 456, 700, 793, 35, 519, 500, 475, 89, 297, 18, 342, 420, 88, 357, 106, 351, 535, 633, 454, 24, 140, 149, 335, 302, 246, 334, 270, 683, 63, 524, 426, 632, 130, 543, 258, 321, 386, 240, 284, 125, 566, 582, 266, 625, 419, 699, 264, 745, 503, 254, 52, 418, 657, 772, 84, 5, 74, 716, 763, 698, 414, 218, 304, 730, 166, 438, 759, 151, 215, 123, 662, 697, 282, 117, 307, 263, 364, 590, 289, 706, 399, 729, 545, 766, 791, 711, 96, 272, 275, 734, 202, 185, 520, 124, 794, 430, 221, 664, 561, 188, 539, 3, 296, 34, 261, 95, 381, 268, 627, 440, 331, 649, 177, 0, 373, 270, 641, 293, 779, 340, 587, 629, 104, 749, 695, 317, 76, 361, 253, 605, 501, 441, 396, 655, 523, 19, 198, 262, 512, 191, 410, 708, 380, 29, 725, 659, 121, 446, 578, 159, 458, 771, 230, 432, 602, 522, 797, 237, 717, 79, 86, 468, 365, 565, 73, 22, 757, 709, 732, 135, 142, 792, 217, 58, 701, 584, 12, 150, 536, 723, 341, 768, 362, 663, 743, 721, 639, 256, 684, 349, 214, 363, 786, 327, 315, 402, 613, 325, 527, 216, 26, 784, 280, 131, 278, 437, 485, 194, 378, 517, 243, 581, 607, 407, 715, 52, 281, 653, 108, 671, 687, 305, 174, 667, 462, 197, 300, 714, 189, 401, 651, 694, 250, 476, 11, 359, 767, 227, 92, 397, 314, 731, 249, 567, 56, 45, 329, 229, 70, 111, 704, 588, 526, 359, 157, 186, 598, 55, 646, 309, 132, 439, 554, 736, 752, 369, 796, 596, 294, 126, 495, 586, 68, 502, 467, 37, 137, 622, 551, 308, 30, 72, 574, 350, 113, 310, 612, 790, 122, 33, 538, 469, 67, 180, 269, 101, 42, 623, 431, 787, 571, 636, 353, 208, 20, 798, 2, 54, 559, 175, 136, 666, 59, 631, 306, 417, 676, 226, 247, 496, 443, 670, 599, 283, 206, 195, 236, 423, 370, 355, 548, 279, 560, 504, 429, 686, 660, 756, 203, 13, 668, 573, 742, 265, 213, 119, 61, 375, 774, 674, 470, 799, 82, 242, 634, 775, 228, 332, 424, 18, 385, 741, 97, 65, 17, 165, 592, 49, 112, 163, 312, 391, 252, 765, 525, 337, 311, 219, 75, 497, 53, 490, 547, 4, 158, 677, 320, 313, 777, 591, 400, 638, 436, 291, 541, 678, ]
Best fitness: 48.4134
SEED: 20536

Solution Bins: 
Bin Number: 155
37637 35629 36968 39786 32117 35493 37251 31410 32844 26928 39172 35550 35348 23562 21936 29066 39329 33302 31975 28857 38766 27198 38091 31836 37752 38967 39126 39855 24347 32939 19709 38285 37062 37719 39297 39349 36188 37149 36700 30387 34206 35084 33936 25506 28287 31133 26709 27781 33044 36863 25112 38817 38766 38204 35272 26220 39385 39342 39800 35298 38671 36238 38515 26110 39404 38985 28021 30676 28828 27740 39093 38768 38200 35192 32026 34143 27471 35488 38703 37262 38818 36816 28060 32629 39459 36062 32223 29354 25827 33707 28412 37846 29626 39262 33177 37208 35906 33160 28422 38241 32308 37983 39087 38207 39819 38122 33925 33229 32797 27810 38827 27388 20977 30668 37480 35912 38253 37720 38796 36251 38908 37902 27921 26770 34549 35780 27307 35904 39796 26018 38790 38522 35816 37237 33534 39675 36718 28638 25963 39396 38527 39637 38298 33650 39534 38497 39556 38683 27395 25932 26180 34960 30177 36282 34100 
Elapsed time: 334 s
----------------------------------------

Population size: 600
Problem dimension: 801
Lower bound: 
0 0 0 0 0 0 0 0 0 0 0 0 0 0 0 0 0 0 0 0 0 0 0 0 0 0 0 0 0 0 0 0 0 0 0 0 0 0 0 0 0 0 0 0 0 0 0 0 0 0 0 0 0 0 0 0 0 0 0 0 0 0 0 0 0 0 0 0 0 0 0 0 0 0 0 0 0 0 0 0 0 0 0 0 0 0 0 0 0 0 0 0 0 0 0 0 0 0 0 0 0 0 0 0 0 0 0 0 0 0 0 0 0 0 0 0 0 0 0 0 0 0 0 0 0 0 0 0 0 0 0 0 0 0 0 0 0 0 0 0 0 0 0 0 0 0 0 0 0 0 0 0 0 0 0 0 0 0 0 0 0 0 0 0 0 0 0 0 0 0 0 0 0 0 0 0 0 0 0 0 0 0 0 0 0 0 0 0 0 0 0 0 0 0 0 0 0 0 0 0 0 0 0 0 0 0 0 0 0 0 0 0 0 0 0 0 0 0 0 0 0 0 0 0 0 0 0 0 0 0 0 0 0 0 0 0 0 0 0 0 0 0 0 0 0 0 0 0 0 0 0 0 0 0 0 0 0 0 0 0 0 0 0 0 0 0 0 0 0 0 0 0 0 0 0 0 0 0 0 0 0 0 0 0 0 0 0 0 0 0 0 0 0 0 0 0 0 0 0 0 0 0 0 0 0 0 0 0 0 0 0 0 0 0 0 0 0 0 0 0 0 0 0 0 0 0 0 0 0 0 0 0 0 0 0 0 0 0 0 0 0 0 0 0 0 0 0 0 0 0 0 0 0 0 0 0 0 0 0 0 0 0 0 0 0 0 0 0 0 0 0 0 0 0 0 0 0 0 0 0 0 0 0 0 0 0 0 0 0 0 0 0 0 0 0 0 0 0 0 0 0 0 0 0 0 0 0 0 0 0 0 0 0 0 0 0 0 0 0 0 0 0 0 0 0 0 0 0 0 0 0 0 0 0 0 0 0 0 0 0 0 0 0 0 0 0 0 0 0 0 0 0 0 0 0 0 0 0 0 0 0 0 0 0 0 0 0 0 0 0 0 0 0 0 0 0 0 0 0 0 0 0 0 0 0 0 0 0 0 0 0 0 0 0 0 0 0 0 0 0 0 0 0 0 0 0 0 0 0 0 0 0 0 0 0 0 0 0 0 0 0 0 0 0 0 0 0 0 0 0 0 0 0 0 0 0 0 0 0 0 0 0 0 0 0 0 0 0 0 0 0 0 0 0 0 0 0 0 0 0 0 0 0 0 0 0 0 0 0 0 0 0 0 0 0 0 0 0 0 0 0 0 0 0 0 0 0 0 0 0 0 0 0 0 0 0 0 0 0 0 0 0 0 0 0 0 0 0 0 0 0 0 0 0 0 0 0 0 0 0 0 0 0 0 0 0 0 0 0 0 0 0 0 0 0 0 0 0 0 0 0 0 0 0 0 0 0 0 0 0 0 0 0 0 0 0 0 0 0 0 0 0 0 0 0 0 0 0 0 0 0 0 0 0 0 0 0 0 0 0 0 0 0 0 0 0 0 0 0 0 0 0 0 0 0 0 0 0 0 0 0 0 0 0 0 0 0 0 0 0 0 0 0 0 0 0 0 0 0 0 0 0 0 0 0 0 0 0 0 0 0 0 0 0 0 0 0 0 0 0 0 0 0 0 0 0 0 0 0 0 0 0 0 0 0 0 0 0 0 0 0 0 0 0 0 0 0 0 0 0 0 0 0 0 0 0 0 0 0 0 0 0 0 0 0 0 0 0 0 0 0 0 0 0 0 0 0 0 0 0 0 
Upper bound: 
800 800 800 800 800 800 800 800 800 800 800 800 800 800 800 800 800 800 800 800 800 800 800 800 800 800 800 800 800 800 800 800 800 800 800 800 800 800 800 800 800 800 800 800 800 800 800 800 800 800 800 800 800 800 800 800 800 800 800 800 800 800 800 800 800 800 800 800 800 800 800 800 800 800 800 800 800 800 800 800 800 800 800 800 800 800 800 800 800 800 800 800 800 800 800 800 800 800 800 800 800 800 800 800 800 800 800 800 800 800 800 800 800 800 800 800 800 800 800 800 800 800 800 800 800 800 800 800 800 800 800 800 800 800 800 800 800 800 800 800 800 800 800 800 800 800 800 800 800 800 800 800 800 800 800 800 800 800 800 800 800 800 800 800 800 800 800 800 800 800 800 800 800 800 800 800 800 800 800 800 800 800 800 800 800 800 800 800 800 800 800 800 800 800 800 800 800 800 800 800 800 800 800 800 800 800 800 800 800 800 800 800 800 800 800 800 800 800 800 800 800 800 800 800 800 800 800 800 800 800 800 800 800 800 800 800 800 800 800 800 800 800 800 800 800 800 800 800 800 800 800 800 800 800 800 800 800 800 800 800 800 800 800 800 800 800 800 800 800 800 800 800 800 800 800 800 800 800 800 800 800 800 800 800 800 800 800 800 800 800 800 800 800 800 800 800 800 800 800 800 800 800 800 800 800 800 800 800 800 800 800 800 800 800 800 800 800 800 800 800 800 800 800 800 800 800 800 800 800 800 800 800 800 800 800 800 800 800 800 800 800 800 800 800 800 800 800 800 800 800 800 800 800 800 800 800 800 800 800 800 800 800 800 800 800 800 800 800 800 800 800 800 800 800 800 800 800 800 800 800 800 800 800 800 800 800 800 800 800 800 800 800 800 800 800 800 800 800 800 800 800 800 800 800 800 800 800 800 800 800 800 800 800 800 800 800 800 800 800 800 800 800 800 800 800 800 800 800 800 800 800 800 800 800 800 800 800 800 800 800 800 800 800 800 800 800 800 800 800 800 800 800 800 800 800 800 800 800 800 800 800 800 800 800 800 800 800 800 800 800 800 800 800 800 800 800 800 800 800 800 800 800 800 800 800 800 800 800 800 800 800 800 800 800 800 800 800 800 800 800 800 800 800 800 800 800 800 800 800 800 800 800 800 800 800 800 800 800 800 800 800 800 800 800 800 800 800 800 800 800 800 800 800 800 800 800 800 800 800 800 800 800 800 800 800 800 800 800 800 800 800 800 800 800 800 800 800 800 800 800 800 800 800 800 800 800 800 800 800 800 800 800 800 800 800 800 800 800 800 800 800 800 800 800 800 800 800 800 800 800 800 800 800 800 800 800 800 800 800 800 800 800 800 800 800 800 800 800 800 800 800 800 800 800 800 800 800 800 800 800 800 800 800 800 800 800 800 800 800 800 800 800 800 800 800 800 800 800 800 800 800 800 800 800 800 800 800 800 800 800 800 800 800 800 800 800 800 800 800 800 800 800 800 800 800 800 800 800 800 800 800 800 800 800 800 800 800 800 800 800 800 800 800 800 800 800 800 800 800 800 800 800 800 800 800 800 800 800 800 800 800 800 800 800 800 800 800 800 800 800 800 800 800 800 800 800 800 800 800 800 800 800 800 800 800 800 800 800 800 800 800 800 800 800 800 800 800 800 800 800 800 800 800 800 800 800 800 800 800 800 800 800 800 800 800 800 800 800 800 800 800 800 800 800 800 800 800 800 800 800 800 800 800 800 800 800 800 800 800 800 800 800 800 800 800 800 800 800 800 800 800 800 800 800 800 800 800 800 800 800 800 
Weight factor: 0.8
Crossover rate: 0.9
Max iteration: 6000
Best solution: 
[796, 145, 699, 379, 504, 726, 187, 46, 342, 47, 660, 41, 64, 25, 29, 377, 613, 553, 513, 274, 785, 425, 163, 178, 579, 294, 320, 244, 757, 626, 226, 479, 409, 24, 769, 441, 611, 255, 67, 518, 790, 316, 69, 369, 575, 283, 654, 282, 321, 526, 535, 427, 132, 407, 331, 33, 598, 549, 674, 398, 371, 117, 735, 548, 749, 94, 705, 93, 664, 115, 390, 502, 183, 433, 45, 106, 621, 373, 150, 9, 643, 362, 576, 690, 60, 34, 446, 391, 223, 561, 393, 116, 415, 642, 0, 628, 640, 458, 456, 428, 141, 426, 164, 309, 90, 352, 454, 66, 365, 217, 6, 775, 694, 202, 465, 108, 691, 213, 314, 43, 554, 421, 119, 581, 122, 530, 786, 147, 471, 297, 435, 252, 319, 742, 722, 388, 681, 556, 169, 385, 329, 772, 199, 658, 172, 418, 395, 167, 744, 313, 7, 505, 249, 120, 272, 752, 763, 443, 350, 521, 240, 127, 437, 703, 376, 583, 80, 236, 23, 584, 524, 599, 142, 774, 260, 51, 614, 262, 188, 731, 170, 729, 101, 1, 396, 143, 307, 39, 592, 720, 651, 27, 455, 468, 265, 541, 795, 131, 111, 511, 214, 738, 688, 459, 489, 572, 242, 220, 727, 463, 661, 464, 97, 37, 58, 268, 201, 685, 754, 128, 89, 209, 467, 474, 560, 197, 667, 360, 495, 625, 333, 44, 497, 159, 387, 704, 357, 261, 571, 144, 637, 566, 740, 750, 286, 193, 211, 124, 618, 638, 733, 461, 406, 492, 123, 563, 662, 562, 182, 161, 366, 341, 291, 631, 344, 473, 72, 195, 99, 14, 85, 787, 204, 534, 177, 730, 231, 508, 517, 457, 683, 635, 118, 612, 577, 32, 112, 292, 207, 78, 270, 380, 324, 484, 162, 191, 448, 381, 747, 673, 136, 725, 540, 493, 410, 462, 478, 368, 588, 434, 596, 75, 784, 383, 392, 235, 701, 793, 174, 475, 770, 30, 494, 424, 416, 737, 18, 432, 794, 480, 21, 797, 522, 301, 129, 595, 783, 205, 74, 290, 49, 629, 194, 597, 488, 672, 617, 317, 276, 53, 420, 309, 564, 340, 713, 776, 171, 778, 103, 225, 250, 639, 440, 62, 781, 700, 451, 718, 543, 95, 603, 622, 359, 140, 565, 708, 546, 86, 547, 138, 327, 602, 273, 179, 364, 669, 447, 322, 756, 404, 748, 641, 228, 702, 110, 325, 293, 758, 594, 251, 370, 160, 289, 63, 389, 633, 762, 121, 175, 532, 765, 515, 277, 721, 269, 609, 210, 310, 439, 113, 229, 234, 666, 267, 442, 133, 438, 12, 723, 648, 152, 573, 525, 507, 36, 619, 487, 671, 528, 782, 724, 356, 2, 54, 698, 300, 569, 616, 208, 56, 788, 538, 326, 422, 539, 232, 761, 230, 323, 196, 745, 644, 257, 551, 570, 190, 298, 26, 477, 647, 296, 221, 148, 216, 353, 70, 158, 646, 760, 496, 248, 523, 87, 491, 555, 215, 114, 544, 470, 156, 755, 42, 716, 697, 444, 590, 330, 413, 717, 149, 649, 436, 35, 780, 652, 500, 799, 304, 328, 567, 279, 184, 287, 466, 281, 585, 280, 520, 77, 582, 173, 529, 105, 382, 104, 498, 107, 711, 79, 318, 102, 545, 632, 715, 28, 243, 181, 218, 680, 241, 798, 682, 305, 384, 450, 791, 580, 266, 620, 536, 779, 714, 503, 476, 430, 8, 40, 52, 351, 550, 65, 403, 678, 665, 16, 76, 233, 510, 689, 636, 134, 509, 670, 92, 109, 176, 335, 677, 247, 308, 345, 206, 516, 452, 375, 610, 311, 696, 676, 800, 692, 608, 533, 568, 514, 512, 429, 746, 453, 363, 13, 481, 630, 706, 347, 600, 574, 472, 61, 400, 501, 135, 693, 288, 289, 499, 391, 712, 10, 5, 675, 527, 367, 146, 578, 125, 624, 17, 303, 679, 736, 337, 732, 139, 59, 227, 419, 401, 224, 734, 154, 431, 402, 686, 558, 589, 766, 165, 604, 771, 73, 310, 222, 200, 773, 587, 275, 91, 285, 50, 399, 84, 485, 153, 684, 709, 336, 394, 355, 284, 552, 707, 627, 361, 339, 15, 659, 192, 650, 256, 348, 155, 137, 601, 3, 186, 31, 607, 663, 695, 354, 48, 302, 332, 20, 71, 590, 11, 397, 559, 557, 728, 656, 753, 263, 687, 653, 531, 606, 253, 405, 19, 57, 378, 151, 490, 334, 591, 315, 254, 414, 759, 180, 166, 764, 445, 743, 486, 372, 605, 423, 22, 98, 239, 411, 81, 739, 586, 238, 245, 634, 694, 542, 615, 83, 768, 237, 792, 55, 408, 537, 482, 203, 4, 412, 469, 645, 271, 312, 483, 306, 386, 343, 710, 719, 212, 417, 767, 789, 130, 657, 374, 668, 449, 219, 346, 288, 259, 655, 506, 519, 82, 777, 189, 198, 246, 363, 88, 593, 751, 278, 460, 258, 358, 338, 168, 126, 295, 185, 38, 623, ]
Best fitness: 46.5519
SEED: 10811

Solution Bins: 
Bin Number: 157
35488 34987 28716 28052 30261 36362 39676 38816 39823 32134 35188 39586 37764 28081 35542 31864 32131 37184 36822 39626 37562 36597 37241 29744 30723 39089 27736 31735 39433 37428 34885 31389 39796 31573 39486 33890 16357 39944 24968 33664 39749 35365 28322 34261 29399 27838 36734 26924 38595 39784 30260 38527 37306 30720 37955 39259 26523 27468 27088 38880 27923 32624 30720 33732 31526 31752 39547 36779 38703 22224 38863 38697 32080 35441 38650 35579 39144 37430 34520 27965 39118 35897 33053 34136 39830 38183 34124 39906 38751 35519 38647 32804 37239 35181 27169 29360 35122 32015 35264 35612 36939 28408 31700 34659 30196 39823 17960 39764 39867 39801 36551 35025 24187 30651 32280 38597 39868 39630 39281 37630 37534 36450 39246 34070 29505 39839 38816 37426 39187 30351 36769 36635 23686 26802 23024 37241 36008 39728 38479 28149 34076 31831 38826 32505 23086 39848 31249 38792 37752 36830 38946 39189 34432 22312 35122 33253 36162 
Elapsed time: 335 s
----------------------------------------

Population size: 600
Problem dimension: 801
Lower bound: 
0 0 0 0 0 0 0 0 0 0 0 0 0 0 0 0 0 0 0 0 0 0 0 0 0 0 0 0 0 0 0 0 0 0 0 0 0 0 0 0 0 0 0 0 0 0 0 0 0 0 0 0 0 0 0 0 0 0 0 0 0 0 0 0 0 0 0 0 0 0 0 0 0 0 0 0 0 0 0 0 0 0 0 0 0 0 0 0 0 0 0 0 0 0 0 0 0 0 0 0 0 0 0 0 0 0 0 0 0 0 0 0 0 0 0 0 0 0 0 0 0 0 0 0 0 0 0 0 0 0 0 0 0 0 0 0 0 0 0 0 0 0 0 0 0 0 0 0 0 0 0 0 0 0 0 0 0 0 0 0 0 0 0 0 0 0 0 0 0 0 0 0 0 0 0 0 0 0 0 0 0 0 0 0 0 0 0 0 0 0 0 0 0 0 0 0 0 0 0 0 0 0 0 0 0 0 0 0 0 0 0 0 0 0 0 0 0 0 0 0 0 0 0 0 0 0 0 0 0 0 0 0 0 0 0 0 0 0 0 0 0 0 0 0 0 0 0 0 0 0 0 0 0 0 0 0 0 0 0 0 0 0 0 0 0 0 0 0 0 0 0 0 0 0 0 0 0 0 0 0 0 0 0 0 0 0 0 0 0 0 0 0 0 0 0 0 0 0 0 0 0 0 0 0 0 0 0 0 0 0 0 0 0 0 0 0 0 0 0 0 0 0 0 0 0 0 0 0 0 0 0 0 0 0 0 0 0 0 0 0 0 0 0 0 0 0 0 0 0 0 0 0 0 0 0 0 0 0 0 0 0 0 0 0 0 0 0 0 0 0 0 0 0 0 0 0 0 0 0 0 0 0 0 0 0 0 0 0 0 0 0 0 0 0 0 0 0 0 0 0 0 0 0 0 0 0 0 0 0 0 0 0 0 0 0 0 0 0 0 0 0 0 0 0 0 0 0 0 0 0 0 0 0 0 0 0 0 0 0 0 0 0 0 0 0 0 0 0 0 0 0 0 0 0 0 0 0 0 0 0 0 0 0 0 0 0 0 0 0 0 0 0 0 0 0 0 0 0 0 0 0 0 0 0 0 0 0 0 0 0 0 0 0 0 0 0 0 0 0 0 0 0 0 0 0 0 0 0 0 0 0 0 0 0 0 0 0 0 0 0 0 0 0 0 0 0 0 0 0 0 0 0 0 0 0 0 0 0 0 0 0 0 0 0 0 0 0 0 0 0 0 0 0 0 0 0 0 0 0 0 0 0 0 0 0 0 0 0 0 0 0 0 0 0 0 0 0 0 0 0 0 0 0 0 0 0 0 0 0 0 0 0 0 0 0 0 0 0 0 0 0 0 0 0 0 0 0 0 0 0 0 0 0 0 0 0 0 0 0 0 0 0 0 0 0 0 0 0 0 0 0 0 0 0 0 0 0 0 0 0 0 0 0 0 0 0 0 0 0 0 0 0 0 0 0 0 0 0 0 0 0 0 0 0 0 0 0 0 0 0 0 0 0 0 0 0 0 0 0 0 0 0 0 0 0 0 0 0 0 0 0 0 0 0 0 0 0 0 0 0 0 0 0 0 0 0 0 0 0 0 0 0 0 0 0 0 0 0 0 0 0 0 0 0 0 0 0 0 0 0 0 0 0 0 0 0 0 0 0 0 0 0 0 0 0 0 0 0 0 0 0 0 0 0 0 0 0 0 0 0 0 0 0 0 0 0 0 0 0 0 0 0 0 0 0 0 0 0 0 0 0 0 0 0 0 0 0 0 0 0 0 0 0 0 0 0 0 0 0 0 0 
Upper bound: 
800 800 800 800 800 800 800 800 800 800 800 800 800 800 800 800 800 800 800 800 800 800 800 800 800 800 800 800 800 800 800 800 800 800 800 800 800 800 800 800 800 800 800 800 800 800 800 800 800 800 800 800 800 800 800 800 800 800 800 800 800 800 800 800 800 800 800 800 800 800 800 800 800 800 800 800 800 800 800 800 800 800 800 800 800 800 800 800 800 800 800 800 800 800 800 800 800 800 800 800 800 800 800 800 800 800 800 800 800 800 800 800 800 800 800 800 800 800 800 800 800 800 800 800 800 800 800 800 800 800 800 800 800 800 800 800 800 800 800 800 800 800 800 800 800 800 800 800 800 800 800 800 800 800 800 800 800 800 800 800 800 800 800 800 800 800 800 800 800 800 800 800 800 800 800 800 800 800 800 800 800 800 800 800 800 800 800 800 800 800 800 800 800 800 800 800 800 800 800 800 800 800 800 800 800 800 800 800 800 800 800 800 800 800 800 800 800 800 800 800 800 800 800 800 800 800 800 800 800 800 800 800 800 800 800 800 800 800 800 800 800 800 800 800 800 800 800 800 800 800 800 800 800 800 800 800 800 800 800 800 800 800 800 800 800 800 800 800 800 800 800 800 800 800 800 800 800 800 800 800 800 800 800 800 800 800 800 800 800 800 800 800 800 800 800 800 800 800 800 800 800 800 800 800 800 800 800 800 800 800 800 800 800 800 800 800 800 800 800 800 800 800 800 800 800 800 800 800 800 800 800 800 800 800 800 800 800 800 800 800 800 800 800 800 800 800 800 800 800 800 800 800 800 800 800 800 800 800 800 800 800 800 800 800 800 800 800 800 800 800 800 800 800 800 800 800 800 800 800 800 800 800 800 800 800 800 800 800 800 800 800 800 800 800 800 800 800 800 800 800 800 800 800 800 800 800 800 800 800 800 800 800 800 800 800 800 800 800 800 800 800 800 800 800 800 800 800 800 800 800 800 800 800 800 800 800 800 800 800 800 800 800 800 800 800 800 800 800 800 800 800 800 800 800 800 800 800 800 800 800 800 800 800 800 800 800 800 800 800 800 800 800 800 800 800 800 800 800 800 800 800 800 800 800 800 800 800 800 800 800 800 800 800 800 800 800 800 800 800 800 800 800 800 800 800 800 800 800 800 800 800 800 800 800 800 800 800 800 800 800 800 800 800 800 800 800 800 800 800 800 800 800 800 800 800 800 800 800 800 800 800 800 800 800 800 800 800 800 800 800 800 800 800 800 800 800 800 800 800 800 800 800 800 800 800 800 800 800 800 800 800 800 800 800 800 800 800 800 800 800 800 800 800 800 800 800 800 800 800 800 800 800 800 800 800 800 800 800 800 800 800 800 800 800 800 800 800 800 800 800 800 800 800 800 800 800 800 800 800 800 800 800 800 800 800 800 800 800 800 800 800 800 800 800 800 800 800 800 800 800 800 800 800 800 800 800 800 800 800 800 800 800 800 800 800 800 800 800 800 800 800 800 800 800 800 800 800 800 800 800 800 800 800 800 800 800 800 800 800 800 800 800 800 800 800 800 800 800 800 800 800 800 800 800 800 800 800 800 800 800 800 800 800 800 800 800 800 800 800 800 800 800 800 800 800 800 800 800 800 800 800 800 800 800 800 800 800 800 800 800 800 800 800 800 800 800 800 800 800 800 800 800 800 800 800 800 800 800 800 800 800 800 800 800 800 800 800 800 800 800 800 800 800 800 800 800 800 800 800 800 800 800 800 800 800 800 800 800 800 800 800 800 800 800 800 800 800 800 800 800 800 800 800 800 800 800 800 800 800 800 800 
Weight factor: 0.8
Crossover rate: 0.9
Max iteration: 6000
Best solution: 
[7, 129, 53, 293, 441, 631, 355, 444, 68, 685, 629, 22, 321, 148, 232, 224, 527, 468, 300, 768, 147, 675, 98, 289, 773, 110, 155, 335, 420, 506, 694, 538, 452, 597, 663, 322, 214, 752, 735, 530, 383, 630, 156, 2, 347, 547, 333, 786, 212, 180, 285, 762, 171, 364, 789, 290, 707, 305, 267, 779, 708, 368, 368, 70, 721, 533, 511, 234, 240, 562, 248, 54, 14, 360, 158, 582, 521, 334, 318, 260, 246, 475, 652, 243, 414, 405, 63, 500, 737, 324, 64, 162, 769, 291, 767, 186, 251, 241, 722, 665, 485, 255, 168, 437, 710, 25, 478, 709, 389, 657, 327, 606, 118, 88, 419, 304, 523, 572, 504, 693, 264, 24, 173, 210, 199, 365, 313, 108, 453, 800, 235, 213, 536, 535, 384, 602, 684, 218, 628, 3, 713, 741, 353, 654, 13, 556, 705, 128, 585, 154, 512, 257, 430, 309, 340, 646, 203, 320, 96, 432, 690, 599, 439, 701, 731, 620, 686, 176, 115, 94, 285, 247, 294, 737, 423, 516, 223, 428, 43, 555, 391, 607, 688, 262, 144, 778, 275, 661, 625, 111, 483, 577, 787, 634, 80, 207, 583, 266, 565, 192, 77, 357, 57, 644, 308, 683, 651, 123, 273, 29, 697, 473, 403, 270, 495, 69, 605, 221, 526, 460, 455, 529, 90, 27, 736, 754, 153, 185, 570, 36, 366, 603, 601, 716, 165, 200, 92, 656, 278, 167, 127, 621, 604, 375, 32, 354, 611, 345, 493, 323, 4, 83, 474, 378, 543, 79, 413, 574, 51, 510, 557, 715, 796, 8, 594, 590, 205, 558, 35, 311, 659, 471, 60, 581, 373, 220, 664, 624, 19, 136, 757, 361, 467, 638, 194, 393, 397, 489, 250, 363, 454, 648, 699, 254, 720, 750, 692, 622, 196, 718, 435, 783, 678, 740, 643, 415, 299, 488, 230, 662, 714, 472, 11, 443, 331, 249, 647, 732, 412, 482, 124, 766, 580, 151, 712, 410, 481, 600, 696, 113, 38, 93, 20, 528, 126, 195, 670, 617, 544, 706, 458, 346, 633, 140, 609, 650, 479, 30, 202, 385, 109, 614, 0, 298, 95, 449, 671, 170, 283, 106, 798, 425, 667, 87, 15, 89, 576, 427, 31, 674, 111, 379, 619, 131, 792, 91, 6, 524, 593, 337, 225, 626, 390, 239, 554, 729, 613, 567, 101, 539, 553, 358, 682, 445, 100, 700, 781, 261, 369, 276, 447, 306, 515, 501, 465, 17, 592, 388, 314, 429, 668, 82, 462, 470, 676, 46, 359, 74, 130, 380, 728, 704, 764, 520, 618, 546, 702, 532, 794, 640, 286, 381, 236, 608, 771, 476, 81, 549, 711, 645, 135, 85, 367, 317, 382, 573, 237, 616, 287, 117, 344, 330, 342, 274, 687, 178, 436, 655, 61, 756, 362, 733, 438, 23, 301, 563, 505, 377, 189, 42, 122, 227, 21, 459, 464, 469, 161, 503, 748, 738, 26, 40, 679, 371, 33, 187, 409, 71, 461, 623, 263, 426, 157, 579, 487, 627, 758, 681, 448, 215, 399, 277, 183, 550, 450, 421, 508, 739, 584, 635, 269, 62, 329, 296, 525, 374, 72, 121, 404, 84, 12, 351, 107, 188, 376, 793, 302, 578, 744, 349, 551, 120, 137, 564, 571, 400, 152, 252, 382, 755, 197, 612, 401, 208, 402, 281, 223, 586, 116, 217, 312, 145, 595, 104, 328, 615, 726, 211, 745, 370, 229, 233, 271, 291, 416, 797, 284, 143, 326, 560, 484, 159, 394, 316, 209, 86, 37, 279, 669, 150, 386, 28, 717, 55, 10, 396, 177, 642, 492, 407, 784, 49, 339, 541, 724, 456, 589, 231, 730, 653, 41, 65, 514, 347, 672, 408, 256, 179, 486, 509, 222, 575, 280, 44, 243, 680, 244, 193, 238, 561, 310, 494, 785, 689, 149, 198, 587, 34, 596, 446, 497, 56, 141, 138, 431, 297, 259, 552, 134, 103, 727, 440, 566, 133, 649, 411, 16, 698, 763, 146, 491, 673, 105, 184, 518, 292, 47, 568, 392, 751, 522, 466, 636, 759, 206, 548, 125, 451, 569, 507, 142, 457, 598, 268, 163, 719, 540, 5, 288, 734, 775, 146, 228, 610, 76, 297, 782, 119, 742, 418, 160, 114, 226, 703, 502, 496, 777, 723, 295, 78, 303, 537, 66, 174, 788, 272, 190, 695, 242, 424, 166, 387, 75, 753, 1, 139, 338, 99, 59, 542, 417, 181, 191, 761, 67, 772, 258, 350, 765, 639, 307, 348, 534, 658, 434, 477, 169, 332, 531, 201, 398, 253, 219, 352, 499, 406, 52, 50, 315, 517, 776, 245, 588, 677, 9, 641, 770, 660, 637, 780, 743, 58, 725, 480, 39, 372, 336, 490, 591, 545, 746, 632, 282, 319, 341, 216, 513, 498, 175, 73, 45, 112, 378, 343, 799, 325, 433, 132, 442, 760, 422, 791, 691, 395, 666, 749, 356, 559, 97, 463, 774, ]
Best fitness: 46.0218
SEED: 14350

Solution Bins: 
Bin Number: 154
28392 38470 39808 36715 39512 39487 38516 39948 39751 31349 38676 36420 37528 39590 37755 34463 37169 32094 39720 35396 38921 37023 36806 38446 24054 37693 23182 34855 39268 27154 32698 31695 37833 38304 39047 37382 39814 32843 39812 33616 38512 37298 31898 39741 26176 39329 22150 37771 36403 20331 38719 39881 31364 39554 38658 30301 39426 32578 38382 28301 39266 38430 27787 30814 39922 33702 33028 37001 36848 32470 32956 33950 27200 38298 37365 32568 38640 35081 39402 33935 39525 21255 36475 33024 39183 36687 39898 38232 31727 25945 38971 32357 34752 37034 36528 38639 30097 27123 30978 34986 39049 35623 33795 34873 38548 30083 38150 26432 29295 38995 35833 39902 30430 28258 38708 37349 38075 39468 36732 36768 34665 23888 36050 39838 27730 38005 30620 37414 39972 39096 27718 37760 39381 29717 38672 39899 37198 34242 29046 33999 30570 28507 36170 37762 35221 39673 20310 36480 34034 34066 27280 39558 39929 36649 
Elapsed time: 351 s
----------------------------------------

