Population size: 600
Problem dimension: 202
Lower bound: 
0 0 0 0 0 0 0 0 0 0 0 0 0 0 0 0 0 0 0 0 0 0 0 0 0 0 0 0 0 0 0 0 0 0 0 0 0 0 0 0 0 0 0 0 0 0 0 0 0 0 0 0 0 0 0 0 0 0 0 0 0 0 0 0 0 0 0 0 0 0 0 0 0 0 0 0 0 0 0 0 0 0 0 0 0 0 0 0 0 0 0 0 0 0 0 0 0 0 0 0 0 0 0 0 0 0 0 0 0 0 0 0 0 0 0 0 0 0 0 0 0 0 0 0 0 0 0 0 0 0 0 0 0 0 0 0 0 0 0 0 0 0 0 0 0 0 0 0 0 0 0 0 0 0 0 0 0 0 0 0 0 0 0 0 0 0 0 0 0 0 0 0 0 0 0 0 0 0 0 0 0 0 0 0 0 0 0 0 0 0 0 0 0 0 0 0 0 0 0 0 0 0 
Upper bound: 
201 201 201 201 201 201 201 201 201 201 201 201 201 201 201 201 201 201 201 201 201 201 201 201 201 201 201 201 201 201 201 201 201 201 201 201 201 201 201 201 201 201 201 201 201 201 201 201 201 201 201 201 201 201 201 201 201 201 201 201 201 201 201 201 201 201 201 201 201 201 201 201 201 201 201 201 201 201 201 201 201 201 201 201 201 201 201 201 201 201 201 201 201 201 201 201 201 201 201 201 201 201 201 201 201 201 201 201 201 201 201 201 201 201 201 201 201 201 201 201 201 201 201 201 201 201 201 201 201 201 201 201 201 201 201 201 201 201 201 201 201 201 201 201 201 201 201 201 201 201 201 201 201 201 201 201 201 201 201 201 201 201 201 201 201 201 201 201 201 201 201 201 201 201 201 201 201 201 201 201 201 201 201 201 201 201 201 201 201 201 201 201 201 201 201 201 201 201 201 201 201 201 
Weight factor: 0.8
Crossover rate: 0.9
Max iteration: 6000
Best solution: 
[71, 40, 47, 7, 137, 127, 201, 20, 99, 22, 44, 120, 33, 139, 27, 9, 126, 70, 98, 56, 36, 8, 141, 187, 79, 200, 166, 19, 121, 101, 25, 111, 24, 176, 105, 181, 117, 60, 165, 63, 39, 168, 93, 64, 161, 32, 130, 170, 157, 166, 90, 138, 147, 54, 89, 124, 61, 86, 152, 134, 173, 160, 2, 154, 102, 74, 135, 196, 84, 11, 1, 0, 18, 12, 112, 163, 113, 153, 146, 80, 172, 114, 57, 162, 35, 96, 179, 193, 15, 116, 145, 97, 199, 69, 81, 67, 17, 109, 21, 110, 195, 92, 88, 185, 159, 100, 194, 45, 42, 143, 115, 150, 58, 188, 46, 82, 10, 103, 129, 106, 133, 184, 128, 87, 31, 23, 75, 189, 192, 118, 107, 182, 51, 43, 178, 122, 180, 30, 77, 140, 16, 125, 5, 198, 53, 171, 155, 94, 68, 95, 38, 48, 37, 151, 156, 78, 149, 6, 127, 83, 186, 52, 142, 66, 169, 26, 123, 131, 119, 91, 34, 41, 3, 132, 13, 148, 59, 73, 136, 197, 183, 55, 104, 108, 28, 4, 164, 190, 158, 29, 76, 49, 14, 85, 50, 62, 167, 177, 175, 174, 144, 191, ]
Best fitness: 8.04166
SEED: 23

Solution Bins: 
Bin Number: 44
976 1572 2405 1910 2240 2378 1941 2348 2344 2303 2259 2400 2440 2388 2411 2443 2204 1970 2347 2456 2392 2277 2412 2411 2352 2356 2362 1907 2448 2226 2448 2229 2287 1971 2302 2431 2430 2345 2402 2455 2401 2434 2399 2250 
Elapsed time: 112 s


----------------------------------------

