Population size: 600
Problem dimension: 50
Lower bound: 
0 0 0 0 0 0 0 0 0 0 0 0 0 0 0 0 0 0 0 0 0 0 0 0 0 0 0 0 0 0 0 0 0 0 0 0 0 0 0 0 0 0 0 0 0 0 0 0 0 0 
Upper bound: 
49 49 49 49 49 49 49 49 49 49 49 49 49 49 49 49 49 49 49 49 49 49 49 49 49 49 49 49 49 49 49 49 49 49 49 49 49 49 49 49 49 49 49 49 49 49 49 49 49 49 
Weight factor: 0.8
Crossover rate: 0.9
Max iteration: 6000
Best solution: 
[47, 43, 5, 20, 32, 16, 22, 33, 23, 4, 17, 29, 15, 46, 49, 3, 26, 45, 27, 28, 7, 44, 39, 10, 24, 42, 37, 18, 1, 31, 14, 6, 40, 8, 21, 12, 38, 13, 9, 34, 0, 25, 41, 36, 35, 19, 30, 11, 2, 48, ]
Best fitness: 1.07604
SEED: 14646

Solution Bins: 
Bin Number: 14
116 118 110 119 108 115 120 118 119 107 110 119 116 118 
Elapsed time: 35 s
----------------------------------------

Population size: 600
Problem dimension: 50
Lower bound: 
0 0 0 0 0 0 0 0 0 0 0 0 0 0 0 0 0 0 0 0 0 0 0 0 0 0 0 0 0 0 0 0 0 0 0 0 0 0 0 0 0 0 0 0 0 0 0 0 0 0 
Upper bound: 
49 49 49 49 49 49 49 49 49 49 49 49 49 49 49 49 49 49 49 49 49 49 49 49 49 49 49 49 49 49 49 49 49 49 49 49 49 49 49 49 49 49 49 49 49 49 49 49 49 49 
Weight factor: 0.8
Crossover rate: 0.9
Max iteration: 6000
Best solution: 
[3, 21, 13, 37, 23, 0, 41, 8, 14, 31, 28, 1, 24, 48, 38, 12, 19, 25, 47, 45, 36, 5, 39, 7, 2, 20, 27, 18, 40, 6, 49, 46, 17, 32, 9, 15, 30, 10, 4, 43, 11, 33, 42, 29, 16, 34, 22, 44, 35, 26, ]
Best fitness: 1.43556
SEED: 15114

Solution Bins: 
Bin Number: 15
98 106 119 119 99 119 118 117 120 120 118 119 109 108 119 
Elapsed time: 35 s
----------------------------------------

Population size: 600
Problem dimension: 50
Lower bound: 
0 0 0 0 0 0 0 0 0 0 0 0 0 0 0 0 0 0 0 0 0 0 0 0 0 0 0 0 0 0 0 0 0 0 0 0 0 0 0 0 0 0 0 0 0 0 0 0 0 0 
Upper bound: 
49 49 49 49 49 49 49 49 49 49 49 49 49 49 49 49 49 49 49 49 49 49 49 49 49 49 49 49 49 49 49 49 49 49 49 49 49 49 49 49 49 49 49 49 49 49 49 49 49 49 
Weight factor: 0.8
Crossover rate: 0.9
Max iteration: 6000
Best solution: 
[0, 22, 15, 38, 26, 43, 10, 39, 31, 34, 8, 4, 32, 24, 7, 3, 21, 40, 9, 27, 18, 30, 29, 28, 19, 11, 45, 36, 16, 6, 44, 14, 37, 12, 47, 2, 48, 25, 41, 1, 20, 5, 49, 42, 46, 17, 33, 13, 35, 23, ]
Best fitness: 1.46778
SEED: 9635

Solution Bins: 
Bin Number: 15
100 104 120 119 111 98 107 118 120 120 119 116 118 118 118 
Elapsed time: 35 s
----------------------------------------

Population size: 600
Problem dimension: 50
Lower bound: 
0 0 0 0 0 0 0 0 0 0 0 0 0 0 0 0 0 0 0 0 0 0 0 0 0 0 0 0 0 0 0 0 0 0 0 0 0 0 0 0 0 0 0 0 0 0 0 0 0 0 
Upper bound: 
49 49 49 49 49 49 49 49 49 49 49 49 49 49 49 49 49 49 49 49 49 49 49 49 49 49 49 49 49 49 49 49 49 49 49 49 49 49 49 49 49 49 49 49 49 49 49 49 49 49 
Weight factor: 0.8
Crossover rate: 0.9
Max iteration: 6000
Best solution: 
[18, 35, 12, 2, 8, 17, 37, 43, 5, 32, 27, 48, 3, 15, 42, 38, 49, 13, 39, 9, 47, 6, 1, 24, 30, 20, 31, 28, 36, 41, 45, 11, 29, 23, 21, 26, 25, 0, 7, 40, 22, 33, 19, 16, 34, 46, 14, 4, 44, 10, ]
Best fitness: 1.49146
SEED: 20681

Solution Bins: 
Bin Number: 14
108 98 118 109 120 117 99 115 118 113 119 116 115 120 
Elapsed time: 35 s
----------------------------------------

Population size: 600
Problem dimension: 50
Lower bound: 
0 0 0 0 0 0 0 0 0 0 0 0 0 0 0 0 0 0 0 0 0 0 0 0 0 0 0 0 0 0 0 0 0 0 0 0 0 0 0 0 0 0 0 0 0 0 0 0 0 0 
Upper bound: 
49 49 49 49 49 49 49 49 49 49 49 49 49 49 49 49 49 49 49 49 49 49 49 49 49 49 49 49 49 49 49 49 49 49 49 49 49 49 49 49 49 49 49 49 49 49 49 49 49 49 
Weight factor: 0.8
Crossover rate: 0.9
Max iteration: 6000
Best solution: 
[47, 22, 35, 20, 37, 39, 26, 18, 25, 28, 16, 34, 42, 23, 8, 12, 38, 48, 10, 13, 33, 2, 41, 49, 31, 27, 0, 17, 30, 7, 1, 45, 9, 29, 14, 5, 40, 24, 21, 6, 11, 32, 15, 19, 44, 4, 46, 36, 3, 43, ]
Best fitness: 1.40347
SEED: 7412

Solution Bins: 
Bin Number: 14
113 120 110 119 119 118 120 119 111 120 91 92 118 118 
Elapsed time: 35 s
----------------------------------------

Population size: 600
Problem dimension: 50
Lower bound: 
0 0 0 0 0 0 0 0 0 0 0 0 0 0 0 0 0 0 0 0 0 0 0 0 0 0 0 0 0 0 0 0 0 0 0 0 0 0 0 0 0 0 0 0 0 0 0 0 0 0 
Upper bound: 
49 49 49 49 49 49 49 49 49 49 49 49 49 49 49 49 49 49 49 49 49 49 49 49 49 49 49 49 49 49 49 49 49 49 49 49 49 49 49 49 49 49 49 49 49 49 49 49 49 49 
Weight factor: 0.8
Crossover rate: 0.9
Max iteration: 6000
Best solution: 
[14, 35, 49, 8, 0, 26, 33, 15, 24, 2, 5, 3, 44, 19, 41, 37, 22, 18, 31, 23, 1, 46, 36, 16, 9, 6, 40, 11, 43, 21, 39, 47, 7, 48, 38, 10, 12, 17, 30, 29, 27, 42, 28, 25, 32, 13, 4, 34, 20, 45, ]
Best fitness: 1.30438
SEED: 25674

Solution Bins: 
Bin Number: 14
111 100 116 98 112 118 112 117 119 117 120 119 118 120 
Elapsed time: 35 s
----------------------------------------

Population size: 600
Problem dimension: 50
Lower bound: 
0 0 0 0 0 0 0 0 0 0 0 0 0 0 0 0 0 0 0 0 0 0 0 0 0 0 0 0 0 0 0 0 0 0 0 0 0 0 0 0 0 0 0 0 0 0 0 0 0 0 
Upper bound: 
49 49 49 49 49 49 49 49 49 49 49 49 49 49 49 49 49 49 49 49 49 49 49 49 49 49 49 49 49 49 49 49 49 49 49 49 49 49 49 49 49 49 49 49 49 49 49 49 49 49 
Weight factor: 0.8
Crossover rate: 0.9
Max iteration: 6000
Best solution: 
[46, 40, 17, 18, 42, 2, 35, 22, 30, 7, 5, 1, 26, 25, 24, 6, 39, 31, 10, 38, 47, 33, 19, 28, 41, 32, 13, 12, 36, 8, 3, 37, 11, 23, 14, 29, 0, 49, 34, 9, 20, 27, 21, 16, 48, 4, 44, 15, 45, 43, ]
Best fitness: 1.09042
SEED: 3249

Solution Bins: 
Bin Number: 15
107 113 114 93 119 120 120 120 120 117 110 120 120 119 118 
Elapsed time: 35 s
----------------------------------------

Population size: 600
Problem dimension: 50
Lower bound: 
0 0 0 0 0 0 0 0 0 0 0 0 0 0 0 0 0 0 0 0 0 0 0 0 0 0 0 0 0 0 0 0 0 0 0 0 0 0 0 0 0 0 0 0 0 0 0 0 0 0 
Upper bound: 
49 49 49 49 49 49 49 49 49 49 49 49 49 49 49 49 49 49 49 49 49 49 49 49 49 49 49 49 49 49 49 49 49 49 49 49 49 49 49 49 49 49 49 49 49 49 49 49 49 49 
Weight factor: 0.8
Crossover rate: 0.9
Max iteration: 6000
Best solution: 
[26, 38, 4, 36, 49, 15, 0, 13, 33, 25, 43, 44, 12, 45, 32, 14, 29, 2, 10, 48, 41, 46, 3, 30, 18, 9, 34, 47, 16, 7, 19, 28, 17, 42, 35, 20, 23, 6, 40, 39, 31, 21, 1, 27, 22, 5, 8, 37, 24, 11, ]
Best fitness: 1.06056
SEED: 21107

Solution Bins: 
Bin Number: 14
92 109 118 117 120 115 118 119 120 120 119 113 119 113 
Elapsed time: 35 s
----------------------------------------

Population size: 600
Problem dimension: 50
Lower bound: 
0 0 0 0 0 0 0 0 0 0 0 0 0 0 0 0 0 0 0 0 0 0 0 0 0 0 0 0 0 0 0 0 0 0 0 0 0 0 0 0 0 0 0 0 0 0 0 0 0 0 
Upper bound: 
49 49 49 49 49 49 49 49 49 49 49 49 49 49 49 49 49 49 49 49 49 49 49 49 49 49 49 49 49 49 49 49 49 49 49 49 49 49 49 49 49 49 49 49 49 49 49 49 49 49 
Weight factor: 0.8
Crossover rate: 0.9
Max iteration: 6000
Best solution: 
[12, 47, 38, 5, 19, 31, 8, 1, 41, 2, 35, 11, 32, 44, 3, 6, 30, 14, 36, 37, 9, 7, 10, 40, 42, 16, 15, 45, 13, 25, 27, 23, 29, 20, 4, 46, 33, 22, 0, 26, 28, 18, 17, 39, 43, 21, 34, 48, 49, 24, ]
Best fitness: 1.42743
SEED: 21949

Solution Bins: 
Bin Number: 14
119 117 118 115 112 120 113 120 83 113 115 120 109 113 
Elapsed time: 35 s
----------------------------------------

Population size: 600
Problem dimension: 50
Lower bound: 
0 0 0 0 0 0 0 0 0 0 0 0 0 0 0 0 0 0 0 0 0 0 0 0 0 0 0 0 0 0 0 0 0 0 0 0 0 0 0 0 0 0 0 0 0 0 0 0 0 0 
Upper bound: 
49 49 49 49 49 49 49 49 49 49 49 49 49 49 49 49 49 49 49 49 49 49 49 49 49 49 49 49 49 49 49 49 49 49 49 49 49 49 49 49 49 49 49 49 49 49 49 49 49 49 
Weight factor: 0.8
Crossover rate: 0.9
Max iteration: 6000
Best solution: 
[44, 16, 40, 24, 0, 21, 11, 47, 38, 27, 30, 17, 23, 5, 2, 14, 29, 46, 43, 26, 32, 48, 22, 45, 36, 10, 35, 8, 13, 12, 34, 3, 6, 39, 19, 25, 33, 9, 41, 49, 1, 4, 15, 31, 28, 42, 20, 37, 7, 18, ]
Best fitness: 1.41285
SEED: 23009

Solution Bins: 
Bin Number: 15
112 100 119 119 93 120 120 115 118 116 120 105 119 118 115 
Elapsed time: 34 s
----------------------------------------

Population size: 600
Problem dimension: 50
Lower bound: 
0 0 0 0 0 0 0 0 0 0 0 0 0 0 0 0 0 0 0 0 0 0 0 0 0 0 0 0 0 0 0 0 0 0 0 0 0 0 0 0 0 0 0 0 0 0 0 0 0 0 
Upper bound: 
49 49 49 49 49 49 49 49 49 49 49 49 49 49 49 49 49 49 49 49 49 49 49 49 49 49 49 49 49 49 49 49 49 49 49 49 49 49 49 49 49 49 49 49 49 49 49 49 49 49 
Weight factor: 0.8
Crossover rate: 0.9
Max iteration: 6000
Best solution: 
[28, 22, 5, 42, 14, 37, 12, 35, 8, 40, 9, 43, 45, 13, 18, 33, 25, 44, 39, 10, 36, 1, 24, 29, 15, 32, 48, 49, 17, 34, 23, 46, 11, 38, 16, 2, 31, 47, 0, 7, 20, 30, 19, 26, 27, 6, 41, 3, 21, 4, ]
Best fitness: 1.52035
SEED: 16478

Solution Bins: 
Bin Number: 15
116 120 118 106 115 120 99 119 120 119 98 109 115 112 117 
Elapsed time: 35 s
----------------------------------------

Population size: 600
Problem dimension: 50
Lower bound: 
0 0 0 0 0 0 0 0 0 0 0 0 0 0 0 0 0 0 0 0 0 0 0 0 0 0 0 0 0 0 0 0 0 0 0 0 0 0 0 0 0 0 0 0 0 0 0 0 0 0 
Upper bound: 
49 49 49 49 49 49 49 49 49 49 49 49 49 49 49 49 49 49 49 49 49 49 49 49 49 49 49 49 49 49 49 49 49 49 49 49 49 49 49 49 49 49 49 49 49 49 49 49 49 49 
Weight factor: 0.8
Crossover rate: 0.9
Max iteration: 6000
Best solution: 
[35, 19, 10, 16, 33, 39, 22, 28, 25, 40, 5, 14, 2, 46, 7, 43, 1, 49, 45, 13, 32, 6, 0, 3, 11, 37, 21, 12, 36, 26, 15, 31, 23, 17, 30, 4, 42, 18, 38, 9, 20, 27, 44, 48, 8, 41, 47, 34, 29, 24, ]
Best fitness: 1.3184
SEED: 7516

Solution Bins: 
Bin Number: 15
108 116 116 120 107 114 120 100 110 114 118 119 118 120 117 
Elapsed time: 35 s
----------------------------------------

Population size: 600
Problem dimension: 50
Lower bound: 
0 0 0 0 0 0 0 0 0 0 0 0 0 0 0 0 0 0 0 0 0 0 0 0 0 0 0 0 0 0 0 0 0 0 0 0 0 0 0 0 0 0 0 0 0 0 0 0 0 0 
Upper bound: 
49 49 49 49 49 49 49 49 49 49 49 49 49 49 49 49 49 49 49 49 49 49 49 49 49 49 49 49 49 49 49 49 49 49 49 49 49 49 49 49 49 49 49 49 49 49 49 49 49 49 
Weight factor: 0.8
Crossover rate: 0.9
Max iteration: 6000
Best solution: 
[34, 8, 13, 27, 23, 7, 43, 48, 41, 12, 11, 33, 14, 3, 32, 21, 0, 40, 6, 39, 38, 15, 42, 5, 37, 36, 31, 17, 4, 24, 16, 30, 26, 9, 35, 22, 46, 1, 19, 45, 47, 2, 49, 25, 29, 20, 44, 28, 18, 10, ]
Best fitness: 1.00597
SEED: 22896

Solution Bins: 
Bin Number: 15
119 118 119 117 113 119 119 117 95 119 118 108 120 115 120 
Elapsed time: 35 s
----------------------------------------

Population size: 600
Problem dimension: 50
Lower bound: 
0 0 0 0 0 0 0 0 0 0 0 0 0 0 0 0 0 0 0 0 0 0 0 0 0 0 0 0 0 0 0 0 0 0 0 0 0 0 0 0 0 0 0 0 0 0 0 0 0 0 
Upper bound: 
49 49 49 49 49 49 49 49 49 49 49 49 49 49 49 49 49 49 49 49 49 49 49 49 49 49 49 49 49 49 49 49 49 49 49 49 49 49 49 49 49 49 49 49 49 49 49 49 49 49 
Weight factor: 0.8
Crossover rate: 0.9
Max iteration: 6000
Best solution: 
[5, 44, 1, 13, 31, 37, 30, 21, 6, 29, 14, 3, 49, 32, 15, 24, 9, 39, 48, 7, 38, 19, 17, 4, 41, 16, 23, 27, 2, 0, 45, 28, 33, 18, 8, 46, 10, 40, 25, 11, 34, 22, 12, 35, 43, 36, 47, 42, 26, 20, ]
Best fitness: 1.21736
SEED: 24253

Solution Bins: 
Bin Number: 15
107 120 114 120 119 117 103 114 118 112 115 114 116 115 120 
Elapsed time: 35 s
----------------------------------------

Population size: 600
Problem dimension: 50
Lower bound: 
0 0 0 0 0 0 0 0 0 0 0 0 0 0 0 0 0 0 0 0 0 0 0 0 0 0 0 0 0 0 0 0 0 0 0 0 0 0 0 0 0 0 0 0 0 0 0 0 0 0 
Upper bound: 
49 49 49 49 49 49 49 49 49 49 49 49 49 49 49 49 49 49 49 49 49 49 49 49 49 49 49 49 49 49 49 49 49 49 49 49 49 49 49 49 49 49 49 49 49 49 49 49 49 49 
Weight factor: 0.8
Crossover rate: 0.9
Max iteration: 6000
Best solution: 
[47, 37, 30, 43, 42, 19, 32, 13, 16, 12, 35, 2, 33, 20, 5, 3, 21, 39, 44, 11, 7, 28, 24, 10, 31, 17, 22, 27, 23, 15, 14, 41, 40, 4, 34, 49, 18, 9, 25, 38, 45, 48, 6, 1, 46, 26, 8, 36, 29, 0, ]
Best fitness: 1.27
SEED: 18986

Solution Bins: 
Bin Number: 14
119 120 115 112 98 119 114 118 118 118 110 114 108 117 
Elapsed time: 35 s
----------------------------------------

Population size: 600
Problem dimension: 50
Lower bound: 
0 0 0 0 0 0 0 0 0 0 0 0 0 0 0 0 0 0 0 0 0 0 0 0 0 0 0 0 0 0 0 0 0 0 0 0 0 0 0 0 0 0 0 0 0 0 0 0 0 0 
Upper bound: 
49 49 49 49 49 49 49 49 49 49 49 49 49 49 49 49 49 49 49 49 49 49 49 49 49 49 49 49 49 49 49 49 49 49 49 49 49 49 49 49 49 49 49 49 49 49 49 49 49 49 
Weight factor: 0.8
Crossover rate: 0.9
Max iteration: 6000
Best solution: 
[19, 43, 37, 8, 39, 44, 11, 23, 1, 24, 34, 9, 2, 13, 31, 16, 38, 27, 42, 41, 5, 18, 30, 3, 14, 29, 7, 17, 36, 45, 47, 25, 26, 0, 32, 33, 40, 15, 4, 22, 28, 21, 6, 49, 35, 46, 20, 10, 12, 48, ]
Best fitness: 0.988611
SEED: 24088

Solution Bins: 
Bin Number: 14
117 119 99 119 120 120 118 120 120 119 119 95 116 115 
Elapsed time: 35 s
----------------------------------------

Population size: 600
Problem dimension: 50
Lower bound: 
0 0 0 0 0 0 0 0 0 0 0 0 0 0 0 0 0 0 0 0 0 0 0 0 0 0 0 0 0 0 0 0 0 0 0 0 0 0 0 0 0 0 0 0 0 0 0 0 0 0 
Upper bound: 
49 49 49 49 49 49 49 49 49 49 49 49 49 49 49 49 49 49 49 49 49 49 49 49 49 49 49 49 49 49 49 49 49 49 49 49 49 49 49 49 49 49 49 49 49 49 49 49 49 49 
Weight factor: 0.8
Crossover rate: 0.9
Max iteration: 6000
Best solution: 
[8, 35, 9, 32, 13, 18, 28, 24, 7, 17, 30, 21, 44, 26, 40, 41, 29, 45, 16, 38, 0, 34, 10, 5, 2, 25, 48, 1, 15, 3, 47, 46, 22, 49, 33, 14, 4, 11, 42, 43, 36, 6, 39, 12, 19, 37, 31, 27, 20, 23, ]
Best fitness: 1.38333
SEED: 1828

Solution Bins: 
Bin Number: 15
118 120 114 119 119 116 117 98 108 116 118 106 120 103 120 
Elapsed time: 35 s
----------------------------------------

Population size: 600
Problem dimension: 50
Lower bound: 
0 0 0 0 0 0 0 0 0 0 0 0 0 0 0 0 0 0 0 0 0 0 0 0 0 0 0 0 0 0 0 0 0 0 0 0 0 0 0 0 0 0 0 0 0 0 0 0 0 0 
Upper bound: 
49 49 49 49 49 49 49 49 49 49 49 49 49 49 49 49 49 49 49 49 49 49 49 49 49 49 49 49 49 49 49 49 49 49 49 49 49 49 49 49 49 49 49 49 49 49 49 49 49 49 
Weight factor: 0.8
Crossover rate: 0.9
Max iteration: 6000
Best solution: 
[13, 31, 17, 28, 20, 25, 30, 15, 8, 45, 1, 0, 42, 5, 19, 29, 14, 36, 18, 37, 44, 38, 4, 24, 48, 23, 35, 27, 2, 12, 10, 34, 7, 46, 39, 49, 16, 21, 26, 43, 32, 22, 40, 6, 33, 3, 41, 11, 47, 9, ]
Best fitness: 1.57521
SEED: 26411

Solution Bins: 
Bin Number: 15
120 117 119 111 108 120 117 95 112 98 117 109 120 119 117 
Elapsed time: 35 s
----------------------------------------

Population size: 600
Problem dimension: 50
Lower bound: 
0 0 0 0 0 0 0 0 0 0 0 0 0 0 0 0 0 0 0 0 0 0 0 0 0 0 0 0 0 0 0 0 0 0 0 0 0 0 0 0 0 0 0 0 0 0 0 0 0 0 
Upper bound: 
49 49 49 49 49 49 49 49 49 49 49 49 49 49 49 49 49 49 49 49 49 49 49 49 49 49 49 49 49 49 49 49 49 49 49 49 49 49 49 49 49 49 49 49 49 49 49 49 49 49 
Weight factor: 0.8
Crossover rate: 0.9
Max iteration: 6000
Best solution: 
[49, 3, 11, 42, 38, 16, 9, 45, 46, 34, 36, 41, 5, 35, 18, 2, 32, 13, 20, 17, 44, 37, 23, 19, 30, 10, 39, 6, 8, 40, 47, 12, 0, 33, 31, 48, 27, 25, 26, 7, 28, 22, 14, 15, 29, 4, 1, 43, 24, 21, ]
Best fitness: 1.27451
SEED: 22659

Solution Bins: 
Bin Number: 14
99 119 116 108 120 118 118 120 113 101 119 116 119 113 
Elapsed time: 35 s
----------------------------------------

Population size: 600
Problem dimension: 50
Lower bound: 
0 0 0 0 0 0 0 0 0 0 0 0 0 0 0 0 0 0 0 0 0 0 0 0 0 0 0 0 0 0 0 0 0 0 0 0 0 0 0 0 0 0 0 0 0 0 0 0 0 0 
Upper bound: 
49 49 49 49 49 49 49 49 49 49 49 49 49 49 49 49 49 49 49 49 49 49 49 49 49 49 49 49 49 49 49 49 49 49 49 49 49 49 49 49 49 49 49 49 49 49 49 49 49 49 
Weight factor: 0.8
Crossover rate: 0.9
Max iteration: 6000
Best solution: 
[20, 27, 7, 3, 41, 25, 48, 0, 22, 49, 38, 31, 35, 9, 46, 5, 43, 16, 30, 15, 4, 28, 18, 24, 39, 42, 36, 34, 11, 37, 12, 23, 8, 40, 45, 26, 13, 32, 19, 44, 2, 10, 33, 17, 1, 14, 29, 21, 6, 47, ]
Best fitness: 0.710417
SEED: 10085

Solution Bins: 
Bin Number: 14
120 117 109 119 116 119 120 119 110 119 120 112 116 120 
Elapsed time: 35 s
----------------------------------------

