Population size: 600
Problem dimension: 201
Lower bound: 
0 0 0 0 0 0 0 0 0 0 0 0 0 0 0 0 0 0 0 0 0 0 0 0 0 0 0 0 0 0 0 0 0 0 0 0 0 0 0 0 0 0 0 0 0 0 0 0 0 0 0 0 0 0 0 0 0 0 0 0 0 0 0 0 0 0 0 0 0 0 0 0 0 0 0 0 0 0 0 0 0 0 0 0 0 0 0 0 0 0 0 0 0 0 0 0 0 0 0 0 0 0 0 0 0 0 0 0 0 0 0 0 0 0 0 0 0 0 0 0 0 0 0 0 0 0 0 0 0 0 0 0 0 0 0 0 0 0 0 0 0 0 0 0 0 0 0 0 0 0 0 0 0 0 0 0 0 0 0 0 0 0 0 0 0 0 0 0 0 0 0 0 0 0 0 0 0 0 0 0 0 0 0 0 0 0 0 0 0 0 0 0 0 0 0 0 0 0 0 0 0 
Upper bound: 
200 200 200 200 200 200 200 200 200 200 200 200 200 200 200 200 200 200 200 200 200 200 200 200 200 200 200 200 200 200 200 200 200 200 200 200 200 200 200 200 200 200 200 200 200 200 200 200 200 200 200 200 200 200 200 200 200 200 200 200 200 200 200 200 200 200 200 200 200 200 200 200 200 200 200 200 200 200 200 200 200 200 200 200 200 200 200 200 200 200 200 200 200 200 200 200 200 200 200 200 200 200 200 200 200 200 200 200 200 200 200 200 200 200 200 200 200 200 200 200 200 200 200 200 200 200 200 200 200 200 200 200 200 200 200 200 200 200 200 200 200 200 200 200 200 200 200 200 200 200 200 200 200 200 200 200 200 200 200 200 200 200 200 200 200 200 200 200 200 200 200 200 200 200 200 200 200 200 200 200 200 200 200 200 200 200 200 200 200 200 200 200 200 200 200 200 200 200 200 200 200 
Weight factor: 0.8
Crossover rate: 0.9
Max iteration: 6000
Best solution: 
[156, 93, 108, 117, 76, 42, 115, 158, 193, 133, 45, 154, 9, 123, 11, 24, 72, 116, 143, 92, 29, 164, 168, 63, 196, 66, 7, 160, 125, 71, 77, 37, 121, 55, 84, 35, 58, 114, 86, 171, 23, 104, 44, 132, 151, 109, 129, 46, 18, 177, 70, 118, 138, 73, 140, 153, 3, 74, 113, 30, 159, 167, 99, 141, 166, 40, 60, 12, 150, 135, 8, 149, 5, 105, 120, 21, 188, 145, 14, 155, 28, 122, 163, 36, 98, 89, 184, 131, 2, 130, 182, 200, 16, 174, 47, 17, 119, 22, 64, 102, 142, 85, 33, 198, 103, 39, 4, 148, 101, 78, 195, 81, 186, 13, 57, 146, 90, 124, 26, 128, 1, 31, 162, 181, 10, 161, 75, 191, 49, 111, 110, 41, 199, 183, 197, 152, 175, 83, 32, 180, 107, 165, 170, 178, 43, 173, 50, 176, 91, 67, 62, 145, 65, 106, 38, 187, 136, 59, 194, 15, 190, 172, 127, 157, 87, 94, 144, 68, 25, 20, 147, 6, 97, 112, 52, 54, 114, 96, 53, 185, 61, 189, 80, 48, 169, 100, 34, 88, 126, 137, 51, 82, 0, 19, 56, 69, 95, 134, 192, 179, 139, ]
Best fitness: 7.93291
SEED: 32583

Solution Bins: 
Bin Number: 43
2352 2421 2350 1999 2448 2154 2424 2394 2355 2250 2439 2316 2402 1961 2394 2318 2418 2331 1431 2366 2296 2391 2233 2220 2429 2452 2374 2443 999 2432 2233 2400 1963 2438 2397 2091 2431 2408 2432 2372 1736 2206 2397 
Elapsed time: 108 s
----------------------------------------

Population size: 600
Problem dimension: 201
Lower bound: 
0 0 0 0 0 0 0 0 0 0 0 0 0 0 0 0 0 0 0 0 0 0 0 0 0 0 0 0 0 0 0 0 0 0 0 0 0 0 0 0 0 0 0 0 0 0 0 0 0 0 0 0 0 0 0 0 0 0 0 0 0 0 0 0 0 0 0 0 0 0 0 0 0 0 0 0 0 0 0 0 0 0 0 0 0 0 0 0 0 0 0 0 0 0 0 0 0 0 0 0 0 0 0 0 0 0 0 0 0 0 0 0 0 0 0 0 0 0 0 0 0 0 0 0 0 0 0 0 0 0 0 0 0 0 0 0 0 0 0 0 0 0 0 0 0 0 0 0 0 0 0 0 0 0 0 0 0 0 0 0 0 0 0 0 0 0 0 0 0 0 0 0 0 0 0 0 0 0 0 0 0 0 0 0 0 0 0 0 0 0 0 0 0 0 0 0 0 0 0 0 0 
Upper bound: 
200 200 200 200 200 200 200 200 200 200 200 200 200 200 200 200 200 200 200 200 200 200 200 200 200 200 200 200 200 200 200 200 200 200 200 200 200 200 200 200 200 200 200 200 200 200 200 200 200 200 200 200 200 200 200 200 200 200 200 200 200 200 200 200 200 200 200 200 200 200 200 200 200 200 200 200 200 200 200 200 200 200 200 200 200 200 200 200 200 200 200 200 200 200 200 200 200 200 200 200 200 200 200 200 200 200 200 200 200 200 200 200 200 200 200 200 200 200 200 200 200 200 200 200 200 200 200 200 200 200 200 200 200 200 200 200 200 200 200 200 200 200 200 200 200 200 200 200 200 200 200 200 200 200 200 200 200 200 200 200 200 200 200 200 200 200 200 200 200 200 200 200 200 200 200 200 200 200 200 200 200 200 200 200 200 200 200 200 200 200 200 200 200 200 200 200 200 200 200 200 200 
Weight factor: 0.8
Crossover rate: 0.9
Max iteration: 6000
Best solution: 
[127, 21, 144, 159, 96, 0, 38, 22, 189, 128, 155, 12, 37, 121, 18, 109, 54, 40, 45, 94, 10, 184, 57, 105, 102, 181, 143, 52, 77, 196, 73, 78, 84, 185, 15, 66, 59, 103, 142, 171, 119, 27, 81, 16, 120, 149, 51, 98, 24, 87, 35, 99, 48, 14, 164, 23, 167, 165, 163, 31, 141, 30, 194, 187, 108, 186, 42, 173, 176, 101, 13, 118, 6, 79, 43, 134, 39, 112, 123, 17, 7, 8, 89, 50, 150, 157, 65, 111, 19, 162, 122, 91, 158, 179, 178, 72, 166, 148, 137, 41, 33, 183, 117, 55, 80, 88, 75, 11, 95, 36, 63, 170, 151, 153, 130, 29, 47, 46, 177, 147, 82, 20, 160, 195, 44, 25, 182, 175, 145, 69, 68, 70, 135, 2, 191, 3, 154, 58, 74, 133, 124, 146, 90, 9, 67, 115, 156, 1, 61, 85, 172, 114, 169, 125, 4, 138, 190, 192, 131, 113, 86, 132, 83, 152, 53, 193, 104, 161, 140, 56, 188, 5, 71, 97, 107, 116, 49, 129, 100, 139, 64, 198, 62, 180, 92, 77, 76, 168, 106, 110, 174, 32, 136, 34, 93, 60, 126, 199, 26, 197, 200, ]
Best fitness: 7.43678
SEED: 28167

Solution Bins: 
Bin Number: 44
2446 2206 2320 2007 1859 2166 2435 2456 2401 2259 2419 2444 2438 2258 2152 2267 2416 2390 2431 2392 2146 2437 2376 2433 2160 2241 2295 2390 1782 2077 2151 2202 2350 2100 1510 2455 2452 2117 2246 2335 1973 2405 2328 2336 
Elapsed time: 108 s
----------------------------------------

Population size: 600
Problem dimension: 201
Lower bound: 
0 0 0 0 0 0 0 0 0 0 0 0 0 0 0 0 0 0 0 0 0 0 0 0 0 0 0 0 0 0 0 0 0 0 0 0 0 0 0 0 0 0 0 0 0 0 0 0 0 0 0 0 0 0 0 0 0 0 0 0 0 0 0 0 0 0 0 0 0 0 0 0 0 0 0 0 0 0 0 0 0 0 0 0 0 0 0 0 0 0 0 0 0 0 0 0 0 0 0 0 0 0 0 0 0 0 0 0 0 0 0 0 0 0 0 0 0 0 0 0 0 0 0 0 0 0 0 0 0 0 0 0 0 0 0 0 0 0 0 0 0 0 0 0 0 0 0 0 0 0 0 0 0 0 0 0 0 0 0 0 0 0 0 0 0 0 0 0 0 0 0 0 0 0 0 0 0 0 0 0 0 0 0 0 0 0 0 0 0 0 0 0 0 0 0 0 0 0 0 0 0 
Upper bound: 
200 200 200 200 200 200 200 200 200 200 200 200 200 200 200 200 200 200 200 200 200 200 200 200 200 200 200 200 200 200 200 200 200 200 200 200 200 200 200 200 200 200 200 200 200 200 200 200 200 200 200 200 200 200 200 200 200 200 200 200 200 200 200 200 200 200 200 200 200 200 200 200 200 200 200 200 200 200 200 200 200 200 200 200 200 200 200 200 200 200 200 200 200 200 200 200 200 200 200 200 200 200 200 200 200 200 200 200 200 200 200 200 200 200 200 200 200 200 200 200 200 200 200 200 200 200 200 200 200 200 200 200 200 200 200 200 200 200 200 200 200 200 200 200 200 200 200 200 200 200 200 200 200 200 200 200 200 200 200 200 200 200 200 200 200 200 200 200 200 200 200 200 200 200 200 200 200 200 200 200 200 200 200 200 200 200 200 200 200 200 200 200 200 200 200 200 200 200 200 200 200 
Weight factor: 0.8
Crossover rate: 0.9
Max iteration: 6000
Best solution: 
[76, 129, 45, 149, 198, 63, 134, 165, 194, 136, 172, 112, 195, 14, 144, 4, 61, 142, 192, 83, 99, 80, 168, 151, 181, 7, 58, 2, 24, 115, 21, 49, 135, 187, 11, 96, 18, 106, 90, 8, 176, 92, 113, 16, 1, 22, 103, 39, 56, 109, 185, 100, 29, 102, 26, 163, 193, 122, 140, 47, 132, 3, 148, 25, 53, 114, 19, 66, 154, 15, 33, 175, 6, 131, 59, 27, 179, 200, 186, 118, 146, 32, 147, 36, 71, 182, 43, 85, 86, 117, 137, 68, 82, 141, 77, 184, 88, 183, 105, 153, 40, 9, 123, 107, 28, 91, 55, 196, 62, 116, 95, 128, 42, 197, 12, 191, 173, 64, 189, 121, 130, 78, 155, 84, 120, 51, 5, 75, 30, 169, 98, 54, 150, 89, 41, 119, 152, 38, 110, 188, 158, 13, 37, 143, 162, 111, 159, 10, 17, 156, 52, 79, 133, 139, 94, 101, 190, 81, 20, 170, 87, 138, 57, 125, 124, 126, 50, 104, 167, 160, 67, 60, 97, 180, 123, 166, 177, 157, 174, 35, 199, 65, 108, 70, 164, 74, 31, 75, 46, 171, 0, 73, 93, 48, 178, 161, 34, 72, 145, 127, 69, ]
Best fitness: 7.61049
SEED: 17646

Solution Bins: 
Bin Number: 45
1078 2421 2336 2414 2146 2198 2310 2322 2441 2196 2398 2417 2417 2456 2234 2035 2334 2158 2442 2437 1871 2422 2288 2153 2392 2444 2418 2194 2440 2174 2440 2455 2435 2395 2114 2353 2051 2314 2092 2448 2424 2395 2436 2206 2339 
Elapsed time: 107 s
----------------------------------------

Population size: 600
Problem dimension: 201
Lower bound: 
0 0 0 0 0 0 0 0 0 0 0 0 0 0 0 0 0 0 0 0 0 0 0 0 0 0 0 0 0 0 0 0 0 0 0 0 0 0 0 0 0 0 0 0 0 0 0 0 0 0 0 0 0 0 0 0 0 0 0 0 0 0 0 0 0 0 0 0 0 0 0 0 0 0 0 0 0 0 0 0 0 0 0 0 0 0 0 0 0 0 0 0 0 0 0 0 0 0 0 0 0 0 0 0 0 0 0 0 0 0 0 0 0 0 0 0 0 0 0 0 0 0 0 0 0 0 0 0 0 0 0 0 0 0 0 0 0 0 0 0 0 0 0 0 0 0 0 0 0 0 0 0 0 0 0 0 0 0 0 0 0 0 0 0 0 0 0 0 0 0 0 0 0 0 0 0 0 0 0 0 0 0 0 0 0 0 0 0 0 0 0 0 0 0 0 0 0 0 0 0 0 
Upper bound: 
200 200 200 200 200 200 200 200 200 200 200 200 200 200 200 200 200 200 200 200 200 200 200 200 200 200 200 200 200 200 200 200 200 200 200 200 200 200 200 200 200 200 200 200 200 200 200 200 200 200 200 200 200 200 200 200 200 200 200 200 200 200 200 200 200 200 200 200 200 200 200 200 200 200 200 200 200 200 200 200 200 200 200 200 200 200 200 200 200 200 200 200 200 200 200 200 200 200 200 200 200 200 200 200 200 200 200 200 200 200 200 200 200 200 200 200 200 200 200 200 200 200 200 200 200 200 200 200 200 200 200 200 200 200 200 200 200 200 200 200 200 200 200 200 200 200 200 200 200 200 200 200 200 200 200 200 200 200 200 200 200 200 200 200 200 200 200 200 200 200 200 200 200 200 200 200 200 200 200 200 200 200 200 200 200 200 200 200 200 200 200 200 200 200 200 200 200 200 200 200 200 
Weight factor: 0.8
Crossover rate: 0.9
Max iteration: 6000
Best solution: 
[75, 110, 65, 131, 130, 96, 166, 178, 114, 67, 24, 183, 88, 113, 140, 70, 198, 136, 66, 27, 158, 32, 159, 1, 137, 9, 145, 63, 22, 117, 148, 3, 50, 73, 30, 102, 141, 43, 186, 37, 60, 189, 86, 111, 49, 104, 115, 87, 195, 173, 167, 99, 146, 181, 26, 128, 72, 179, 62, 8, 138, 4, 163, 10, 143, 36, 54, 147, 108, 98, 61, 120, 160, 101, 129, 185, 94, 194, 144, 21, 57, 17, 33, 55, 82, 154, 199, 162, 157, 124, 97, 78, 13, 112, 100, 52, 2, 59, 118, 153, 106, 127, 53, 187, 47, 12, 41, 123, 31, 34, 103, 35, 126, 174, 152, 196, 84, 83, 133, 64, 80, 91, 69, 81, 85, 142, 156, 107, 74, 18, 89, 172, 92, 79, 116, 76, 122, 151, 161, 38, 40, 169, 180, 23, 93, 200, 171, 16, 121, 95, 48, 135, 44, 182, 197, 5, 184, 149, 15, 20, 192, 175, 176, 51, 90, 39, 46, 19, 42, 155, 6, 134, 109, 119, 56, 190, 150, 164, 170, 7, 193, 125, 77, 105, 177, 28, 188, 132, 68, 58, 165, 0, 25, 96, 168, 139, 191, 29, 71, 14, 45, ]
Best fitness: 8.19159
SEED: 12982

Solution Bins: 
Bin Number: 45
2320 2334 2438 1961 2308 2264 2386 2431 2410 2356 2423 2412 2380 2274 2023 2419 2116 1974 2386 1563 2412 2417 1616 1972 2241 2139 2340 2305 2425 2231 2045 2382 1773 2430 2107 2325 1964 2280 2431 2440 2424 2382 2455 2040 2058 
Elapsed time: 107 s
----------------------------------------

Population size: 600
Problem dimension: 201
Lower bound: 
0 0 0 0 0 0 0 0 0 0 0 0 0 0 0 0 0 0 0 0 0 0 0 0 0 0 0 0 0 0 0 0 0 0 0 0 0 0 0 0 0 0 0 0 0 0 0 0 0 0 0 0 0 0 0 0 0 0 0 0 0 0 0 0 0 0 0 0 0 0 0 0 0 0 0 0 0 0 0 0 0 0 0 0 0 0 0 0 0 0 0 0 0 0 0 0 0 0 0 0 0 0 0 0 0 0 0 0 0 0 0 0 0 0 0 0 0 0 0 0 0 0 0 0 0 0 0 0 0 0 0 0 0 0 0 0 0 0 0 0 0 0 0 0 0 0 0 0 0 0 0 0 0 0 0 0 0 0 0 0 0 0 0 0 0 0 0 0 0 0 0 0 0 0 0 0 0 0 0 0 0 0 0 0 0 0 0 0 0 0 0 0 0 0 0 0 0 0 0 0 0 
Upper bound: 
200 200 200 200 200 200 200 200 200 200 200 200 200 200 200 200 200 200 200 200 200 200 200 200 200 200 200 200 200 200 200 200 200 200 200 200 200 200 200 200 200 200 200 200 200 200 200 200 200 200 200 200 200 200 200 200 200 200 200 200 200 200 200 200 200 200 200 200 200 200 200 200 200 200 200 200 200 200 200 200 200 200 200 200 200 200 200 200 200 200 200 200 200 200 200 200 200 200 200 200 200 200 200 200 200 200 200 200 200 200 200 200 200 200 200 200 200 200 200 200 200 200 200 200 200 200 200 200 200 200 200 200 200 200 200 200 200 200 200 200 200 200 200 200 200 200 200 200 200 200 200 200 200 200 200 200 200 200 200 200 200 200 200 200 200 200 200 200 200 200 200 200 200 200 200 200 200 200 200 200 200 200 200 200 200 200 200 200 200 200 200 200 200 200 200 200 200 200 200 200 200 
Weight factor: 0.8
Crossover rate: 0.9
Max iteration: 6000
Best solution: 
[71, 78, 33, 111, 153, 50, 80, 177, 38, 196, 120, 146, 150, 198, 193, 19, 106, 35, 24, 124, 104, 184, 144, 189, 54, 29, 172, 17, 166, 25, 3, 134, 162, 84, 118, 107, 10, 49, 183, 157, 163, 154, 135, 1, 99, 148, 44, 57, 90, 32, 36, 42, 97, 18, 178, 115, 185, 28, 6, 81, 98, 187, 168, 114, 89, 41, 23, 109, 170, 74, 48, 88, 160, 173, 16, 188, 62, 110, 15, 199, 12, 116, 27, 0, 37, 60, 64, 65, 126, 145, 133, 194, 46, 73, 31, 200, 100, 40, 119, 9, 103, 179, 122, 14, 140, 152, 190, 8, 86, 117, 192, 26, 131, 22, 113, 21, 53, 96, 182, 102, 66, 195, 130, 56, 68, 105, 72, 69, 17, 108, 47, 181, 7, 176, 169, 34, 167, 67, 92, 20, 45, 161, 95, 164, 83, 125, 93, 76, 82, 30, 13, 61, 55, 197, 87, 171, 11, 59, 137, 136, 121, 149, 5, 43, 91, 101, 158, 77, 123, 63, 39, 52, 138, 79, 112, 155, 129, 141, 85, 186, 159, 70, 180, 191, 132, 174, 156, 2, 175, 51, 143, 94, 58, 165, 142, 139, 4, 75, 151, 79, 127, ]
Best fitness: 8.00171
SEED: 15894

Solution Bins: 
Bin Number: 43
1726 2094 2407 2203 2414 2142 2396 1522 2149 2330 2435 2235 2315 2405 2425 2391 1710 2434 2206 2259 2216 2349 2438 2398 2296 2436 2324 2395 2375 2432 2348 1717 2347 2442 2060 2152 2066 2293 2429 2425 2448 2454 2451 
Elapsed time: 107 s
----------------------------------------

Population size: 600
Problem dimension: 201
Lower bound: 
0 0 0 0 0 0 0 0 0 0 0 0 0 0 0 0 0 0 0 0 0 0 0 0 0 0 0 0 0 0 0 0 0 0 0 0 0 0 0 0 0 0 0 0 0 0 0 0 0 0 0 0 0 0 0 0 0 0 0 0 0 0 0 0 0 0 0 0 0 0 0 0 0 0 0 0 0 0 0 0 0 0 0 0 0 0 0 0 0 0 0 0 0 0 0 0 0 0 0 0 0 0 0 0 0 0 0 0 0 0 0 0 0 0 0 0 0 0 0 0 0 0 0 0 0 0 0 0 0 0 0 0 0 0 0 0 0 0 0 0 0 0 0 0 0 0 0 0 0 0 0 0 0 0 0 0 0 0 0 0 0 0 0 0 0 0 0 0 0 0 0 0 0 0 0 0 0 0 0 0 0 0 0 0 0 0 0 0 0 0 0 0 0 0 0 0 0 0 0 0 0 
Upper bound: 
200 200 200 200 200 200 200 200 200 200 200 200 200 200 200 200 200 200 200 200 200 200 200 200 200 200 200 200 200 200 200 200 200 200 200 200 200 200 200 200 200 200 200 200 200 200 200 200 200 200 200 200 200 200 200 200 200 200 200 200 200 200 200 200 200 200 200 200 200 200 200 200 200 200 200 200 200 200 200 200 200 200 200 200 200 200 200 200 200 200 200 200 200 200 200 200 200 200 200 200 200 200 200 200 200 200 200 200 200 200 200 200 200 200 200 200 200 200 200 200 200 200 200 200 200 200 200 200 200 200 200 200 200 200 200 200 200 200 200 200 200 200 200 200 200 200 200 200 200 200 200 200 200 200 200 200 200 200 200 200 200 200 200 200 200 200 200 200 200 200 200 200 200 200 200 200 200 200 200 200 200 200 200 200 200 200 200 200 200 200 200 200 200 200 200 200 200 200 200 200 200 
Weight factor: 0.8
Crossover rate: 0.9
Max iteration: 6000
Best solution: 
[197, 124, 31, 16, 180, 151, 164, 80, 57, 74, 80, 89, 67, 59, 68, 54, 49, 68, 83, 110, 118, 176, 171, 145, 36, 189, 58, 33, 116, 35, 173, 128, 62, 102, 28, 76, 143, 119, 107, 95, 184, 7, 191, 11, 135, 181, 46, 91, 29, 18, 160, 99, 34, 101, 111, 194, 70, 196, 133, 170, 134, 158, 146, 45, 26, 19, 47, 174, 165, 90, 32, 149, 140, 10, 23, 114, 169, 37, 41, 30, 162, 100, 150, 188, 9, 167, 183, 193, 129, 106, 22, 112, 92, 108, 104, 73, 14, 79, 71, 153, 131, 168, 155, 86, 120, 186, 163, 44, 20, 96, 198, 27, 94, 87, 51, 25, 4, 63, 38, 126, 117, 12, 190, 93, 78, 105, 154, 179, 147, 50, 175, 121, 200, 123, 40, 64, 136, 6, 148, 77, 53, 61, 156, 21, 142, 192, 85, 15, 138, 8, 81, 52, 182, 55, 69, 132, 144, 66, 2, 75, 166, 84, 139, 103, 17, 82, 42, 3, 195, 159, 0, 13, 43, 97, 172, 152, 5, 130, 113, 177, 72, 88, 187, 56, 65, 98, 115, 185, 122, 137, 24, 199, 127, 125, 141, 60, 109, 48, 161, 39, 157, ]
Best fitness: 7.27154
SEED: 22847

Solution Bins: 
Bin Number: 42
2111 2415 2392 2439 2185 2059 2136 2066 2400 2370 2441 2364 2182 1852 2347 2430 2175 2448 2328 2381 2425 2279 2090 2429 2182 2188 2313 2201 2329 2358 2238 2260 2228 2272 2367 2361 2432 2336 2427 2232 2452 2378 
Elapsed time: 107 s
----------------------------------------

Population size: 600
Problem dimension: 201
Lower bound: 
0 0 0 0 0 0 0 0 0 0 0 0 0 0 0 0 0 0 0 0 0 0 0 0 0 0 0 0 0 0 0 0 0 0 0 0 0 0 0 0 0 0 0 0 0 0 0 0 0 0 0 0 0 0 0 0 0 0 0 0 0 0 0 0 0 0 0 0 0 0 0 0 0 0 0 0 0 0 0 0 0 0 0 0 0 0 0 0 0 0 0 0 0 0 0 0 0 0 0 0 0 0 0 0 0 0 0 0 0 0 0 0 0 0 0 0 0 0 0 0 0 0 0 0 0 0 0 0 0 0 0 0 0 0 0 0 0 0 0 0 0 0 0 0 0 0 0 0 0 0 0 0 0 0 0 0 0 0 0 0 0 0 0 0 0 0 0 0 0 0 0 0 0 0 0 0 0 0 0 0 0 0 0 0 0 0 0 0 0 0 0 0 0 0 0 0 0 0 0 0 0 
Upper bound: 
200 200 200 200 200 200 200 200 200 200 200 200 200 200 200 200 200 200 200 200 200 200 200 200 200 200 200 200 200 200 200 200 200 200 200 200 200 200 200 200 200 200 200 200 200 200 200 200 200 200 200 200 200 200 200 200 200 200 200 200 200 200 200 200 200 200 200 200 200 200 200 200 200 200 200 200 200 200 200 200 200 200 200 200 200 200 200 200 200 200 200 200 200 200 200 200 200 200 200 200 200 200 200 200 200 200 200 200 200 200 200 200 200 200 200 200 200 200 200 200 200 200 200 200 200 200 200 200 200 200 200 200 200 200 200 200 200 200 200 200 200 200 200 200 200 200 200 200 200 200 200 200 200 200 200 200 200 200 200 200 200 200 200 200 200 200 200 200 200 200 200 200 200 200 200 200 200 200 200 200 200 200 200 200 200 200 200 200 200 200 200 200 200 200 200 200 200 200 200 200 200 
Weight factor: 0.8
Crossover rate: 0.9
Max iteration: 6000
Best solution: 
[183, 142, 52, 199, 91, 40, 157, 64, 121, 200, 184, 160, 78, 35, 39, 13, 125, 36, 123, 154, 44, 90, 190, 66, 133, 138, 118, 21, 9, 23, 102, 43, 156, 46, 155, 55, 72, 0, 103, 20, 71, 153, 3, 47, 6, 65, 112, 38, 126, 187, 63, 74, 162, 57, 178, 166, 111, 179, 141, 167, 124, 54, 85, 120, 68, 174, 186, 139, 105, 113, 101, 30, 32, 198, 72, 143, 96, 79, 193, 26, 1, 28, 176, 17, 15, 110, 25, 172, 7, 188, 95, 49, 119, 18, 182, 61, 128, 2, 79, 97, 29, 73, 67, 171, 75, 8, 161, 137, 175, 62, 80, 16, 151, 131, 147, 34, 14, 129, 31, 117, 181, 27, 76, 132, 136, 169, 70, 164, 77, 127, 145, 194, 69, 116, 100, 149, 180, 92, 185, 130, 87, 168, 165, 150, 99, 45, 51, 115, 159, 170, 41, 22, 197, 24, 88, 177, 50, 148, 58, 195, 144, 5, 56, 109, 158, 122, 173, 53, 191, 84, 140, 152, 48, 107, 94, 11, 12, 192, 19, 114, 82, 86, 33, 106, 108, 83, 163, 93, 135, 146, 104, 98, 59, 89, 42, 60, 189, 81, 134, 10, 37, ]
Best fitness: 7.71941
SEED: 23964

Solution Bins: 
Bin Number: 43
2327 2333 1710 2387 2402 2116 2310 2406 2454 2316 2158 2431 2423 2425 2081 2338 2395 2204 2038 2407 2171 2018 2446 2371 1962 2339 2226 2449 2406 2440 2361 2090 1926 2404 2348 2372 2327 2074 2366 2448 2237 2401 2220 
Elapsed time: 107 s
----------------------------------------

Population size: 600
Problem dimension: 201
Lower bound: 
0 0 0 0 0 0 0 0 0 0 0 0 0 0 0 0 0 0 0 0 0 0 0 0 0 0 0 0 0 0 0 0 0 0 0 0 0 0 0 0 0 0 0 0 0 0 0 0 0 0 0 0 0 0 0 0 0 0 0 0 0 0 0 0 0 0 0 0 0 0 0 0 0 0 0 0 0 0 0 0 0 0 0 0 0 0 0 0 0 0 0 0 0 0 0 0 0 0 0 0 0 0 0 0 0 0 0 0 0 0 0 0 0 0 0 0 0 0 0 0 0 0 0 0 0 0 0 0 0 0 0 0 0 0 0 0 0 0 0 0 0 0 0 0 0 0 0 0 0 0 0 0 0 0 0 0 0 0 0 0 0 0 0 0 0 0 0 0 0 0 0 0 0 0 0 0 0 0 0 0 0 0 0 0 0 0 0 0 0 0 0 0 0 0 0 0 0 0 0 0 0 
Upper bound: 
200 200 200 200 200 200 200 200 200 200 200 200 200 200 200 200 200 200 200 200 200 200 200 200 200 200 200 200 200 200 200 200 200 200 200 200 200 200 200 200 200 200 200 200 200 200 200 200 200 200 200 200 200 200 200 200 200 200 200 200 200 200 200 200 200 200 200 200 200 200 200 200 200 200 200 200 200 200 200 200 200 200 200 200 200 200 200 200 200 200 200 200 200 200 200 200 200 200 200 200 200 200 200 200 200 200 200 200 200 200 200 200 200 200 200 200 200 200 200 200 200 200 200 200 200 200 200 200 200 200 200 200 200 200 200 200 200 200 200 200 200 200 200 200 200 200 200 200 200 200 200 200 200 200 200 200 200 200 200 200 200 200 200 200 200 200 200 200 200 200 200 200 200 200 200 200 200 200 200 200 200 200 200 200 200 200 200 200 200 200 200 200 200 200 200 200 200 200 200 200 200 
Weight factor: 0.8
Crossover rate: 0.9
Max iteration: 6000
Best solution: 
[164, 3, 56, 59, 172, 155, 118, 104, 171, 84, 110, 130, 52, 141, 21, 189, 183, 73, 32, 53, 158, 78, 173, 119, 29, 95, 23, 28, 116, 46, 85, 38, 36, 92, 168, 177, 44, 9, 94, 181, 87, 197, 112, 103, 178, 97, 142, 71, 132, 184, 67, 69, 99, 22, 6, 100, 169, 134, 50, 174, 193, 163, 108, 37, 2, 122, 63, 117, 162, 7, 30, 131, 195, 66, 47, 81, 191, 102, 93, 80, 64, 187, 176, 194, 196, 147, 160, 11, 34, 159, 126, 70, 188, 190, 148, 98, 143, 154, 19, 40, 109, 68, 27, 139, 83, 14, 77, 120, 76, 91, 96, 41, 82, 199, 121, 62, 161, 8, 15, 57, 13, 113, 55, 200, 89, 43, 45, 107, 74, 135, 90, 157, 54, 79, 150, 125, 72, 185, 186, 48, 20, 1, 136, 153, 10, 33, 166, 198, 179, 31, 140, 127, 138, 129, 5, 170, 0, 144, 105, 60, 149, 124, 123, 12, 75, 182, 145, 152, 114, 106, 18, 111, 16, 58, 26, 115, 39, 61, 156, 65, 101, 42, 137, 17, 51, 175, 86, 25, 4, 88, 133, 180, 146, 35, 151, 165, 167, 49, 24, 192, 128, ]
Best fitness: 7.003
SEED: 26090

Solution Bins: 
Bin Number: 44
2286 2335 2320 961 2368 2398 2189 2411 2421 2280 2422 2436 2438 2277 1941 2072 2348 2410 2366 2388 2139 2023 2058 2301 2372 2036 2444 2317 2264 2109 1947 2438 2413 2412 2354 1928 2023 2426 2222 2373 1894 2268 2188 2442 
Elapsed time: 107 s
----------------------------------------

Population size: 600
Problem dimension: 201
Lower bound: 
0 0 0 0 0 0 0 0 0 0 0 0 0 0 0 0 0 0 0 0 0 0 0 0 0 0 0 0 0 0 0 0 0 0 0 0 0 0 0 0 0 0 0 0 0 0 0 0 0 0 0 0 0 0 0 0 0 0 0 0 0 0 0 0 0 0 0 0 0 0 0 0 0 0 0 0 0 0 0 0 0 0 0 0 0 0 0 0 0 0 0 0 0 0 0 0 0 0 0 0 0 0 0 0 0 0 0 0 0 0 0 0 0 0 0 0 0 0 0 0 0 0 0 0 0 0 0 0 0 0 0 0 0 0 0 0 0 0 0 0 0 0 0 0 0 0 0 0 0 0 0 0 0 0 0 0 0 0 0 0 0 0 0 0 0 0 0 0 0 0 0 0 0 0 0 0 0 0 0 0 0 0 0 0 0 0 0 0 0 0 0 0 0 0 0 0 0 0 0 0 0 
Upper bound: 
200 200 200 200 200 200 200 200 200 200 200 200 200 200 200 200 200 200 200 200 200 200 200 200 200 200 200 200 200 200 200 200 200 200 200 200 200 200 200 200 200 200 200 200 200 200 200 200 200 200 200 200 200 200 200 200 200 200 200 200 200 200 200 200 200 200 200 200 200 200 200 200 200 200 200 200 200 200 200 200 200 200 200 200 200 200 200 200 200 200 200 200 200 200 200 200 200 200 200 200 200 200 200 200 200 200 200 200 200 200 200 200 200 200 200 200 200 200 200 200 200 200 200 200 200 200 200 200 200 200 200 200 200 200 200 200 200 200 200 200 200 200 200 200 200 200 200 200 200 200 200 200 200 200 200 200 200 200 200 200 200 200 200 200 200 200 200 200 200 200 200 200 200 200 200 200 200 200 200 200 200 200 200 200 200 200 200 200 200 200 200 200 200 200 200 200 200 200 200 200 200 
Weight factor: 0.8
Crossover rate: 0.9
Max iteration: 6000
Best solution: 
[118, 200, 0, 167, 119, 18, 56, 175, 53, 90, 198, 146, 191, 149, 8, 34, 184, 157, 123, 187, 136, 49, 143, 159, 189, 121, 26, 7, 124, 133, 82, 177, 70, 24, 140, 162, 151, 40, 59, 9, 180, 170, 144, 122, 74, 79, 94, 130, 77, 15, 110, 2, 88, 117, 60, 125, 160, 176, 128, 193, 142, 182, 115, 20, 156, 116, 196, 30, 158, 171, 148, 126, 67, 99, 64, 131, 134, 114, 45, 101, 108, 100, 75, 41, 17, 6, 80, 44, 102, 154, 185, 186, 51, 188, 199, 104, 149, 39, 86, 111, 58, 38, 11, 3, 72, 93, 73, 4, 57, 92, 65, 98, 27, 62, 120, 54, 112, 153, 31, 14, 132, 42, 63, 145, 81, 163, 61, 37, 173, 89, 48, 52, 85, 137, 168, 190, 5, 197, 172, 84, 87, 43, 195, 103, 165, 152, 178, 139, 155, 32, 141, 1, 35, 50, 21, 95, 194, 181, 174, 68, 91, 13, 127, 22, 129, 96, 33, 166, 109, 12, 135, 23, 169, 47, 164, 97, 66, 78, 83, 138, 19, 147, 10, 16, 46, 25, 106, 28, 71, 55, 76, 29, 107, 179, 113, 150, 161, 192, 105, 183, 69, ]
Best fitness: 7.33714
SEED: 2049

Solution Bins: 
Bin Number: 44
334 2380 2447 2422 2440 2258 2101 2400 2425 2036 2198 2446 2437 2440 2343 2354 1974 2401 2443 2356 2074 2349 2005 2381 2237 2268 2213 2434 2376 2310 2354 2392 2204 1558 2353 2402 2306 2193 2406 2300 2014 2362 2386 2352 
Elapsed time: 107 s
----------------------------------------

Population size: 600
Problem dimension: 201
Lower bound: 
0 0 0 0 0 0 0 0 0 0 0 0 0 0 0 0 0 0 0 0 0 0 0 0 0 0 0 0 0 0 0 0 0 0 0 0 0 0 0 0 0 0 0 0 0 0 0 0 0 0 0 0 0 0 0 0 0 0 0 0 0 0 0 0 0 0 0 0 0 0 0 0 0 0 0 0 0 0 0 0 0 0 0 0 0 0 0 0 0 0 0 0 0 0 0 0 0 0 0 0 0 0 0 0 0 0 0 0 0 0 0 0 0 0 0 0 0 0 0 0 0 0 0 0 0 0 0 0 0 0 0 0 0 0 0 0 0 0 0 0 0 0 0 0 0 0 0 0 0 0 0 0 0 0 0 0 0 0 0 0 0 0 0 0 0 0 0 0 0 0 0 0 0 0 0 0 0 0 0 0 0 0 0 0 0 0 0 0 0 0 0 0 0 0 0 0 0 0 0 0 0 
Upper bound: 
200 200 200 200 200 200 200 200 200 200 200 200 200 200 200 200 200 200 200 200 200 200 200 200 200 200 200 200 200 200 200 200 200 200 200 200 200 200 200 200 200 200 200 200 200 200 200 200 200 200 200 200 200 200 200 200 200 200 200 200 200 200 200 200 200 200 200 200 200 200 200 200 200 200 200 200 200 200 200 200 200 200 200 200 200 200 200 200 200 200 200 200 200 200 200 200 200 200 200 200 200 200 200 200 200 200 200 200 200 200 200 200 200 200 200 200 200 200 200 200 200 200 200 200 200 200 200 200 200 200 200 200 200 200 200 200 200 200 200 200 200 200 200 200 200 200 200 200 200 200 200 200 200 200 200 200 200 200 200 200 200 200 200 200 200 200 200 200 200 200 200 200 200 200 200 200 200 200 200 200 200 200 200 200 200 200 200 200 200 200 200 200 200 200 200 200 200 200 200 200 200 
Weight factor: 0.8
Crossover rate: 0.9
Max iteration: 6000
Best solution: 
[11, 120, 139, 160, 45, 177, 53, 98, 141, 132, 180, 52, 33, 97, 70, 9, 68, 54, 151, 108, 43, 16, 81, 83, 84, 179, 155, 36, 103, 104, 171, 71, 133, 46, 40, 170, 91, 2, 18, 162, 6, 30, 106, 44, 136, 77, 78, 95, 60, 27, 26, 25, 157, 41, 73, 153, 161, 150, 65, 159, 22, 173, 192, 90, 125, 87, 166, 85, 199, 28, 56, 74, 186, 17, 113, 118, 63, 156, 197, 137, 200, 101, 12, 29, 110, 57, 10, 154, 8, 143, 105, 102, 39, 176, 130, 73, 49, 66, 0, 121, 152, 100, 119, 185, 79, 172, 96, 13, 134, 67, 75, 116, 131, 191, 59, 190, 187, 142, 168, 129, 93, 80, 174, 99, 164, 34, 7, 198, 86, 127, 128, 62, 4, 167, 20, 183, 135, 94, 50, 89, 169, 64, 35, 92, 23, 124, 19, 158, 47, 165, 148, 117, 123, 76, 182, 107, 194, 188, 15, 195, 126, 178, 144, 163, 48, 88, 32, 115, 193, 38, 61, 114, 112, 51, 14, 3, 184, 111, 146, 140, 55, 58, 181, 138, 5, 31, 21, 122, 24, 69, 82, 147, 145, 37, 42, 149, 109, 175, 72, 1, 189, ]
Best fitness: 8.03835
SEED: 16168

Solution Bins: 
Bin Number: 43
2360 1749 2454 1521 2439 2140 2383 2252 2392 2070 2297 2330 1849 2011 2355 2431 2320 2283 2062 1832 2414 2282 2432 2206 2409 2442 2454 2426 2416 2287 2271 2341 2348 2262 2165 2222 2007 2058 2188 2422 2220 2018 2340 
Elapsed time: 107 s
----------------------------------------

Population size: 600
Problem dimension: 201
Lower bound: 
0 0 0 0 0 0 0 0 0 0 0 0 0 0 0 0 0 0 0 0 0 0 0 0 0 0 0 0 0 0 0 0 0 0 0 0 0 0 0 0 0 0 0 0 0 0 0 0 0 0 0 0 0 0 0 0 0 0 0 0 0 0 0 0 0 0 0 0 0 0 0 0 0 0 0 0 0 0 0 0 0 0 0 0 0 0 0 0 0 0 0 0 0 0 0 0 0 0 0 0 0 0 0 0 0 0 0 0 0 0 0 0 0 0 0 0 0 0 0 0 0 0 0 0 0 0 0 0 0 0 0 0 0 0 0 0 0 0 0 0 0 0 0 0 0 0 0 0 0 0 0 0 0 0 0 0 0 0 0 0 0 0 0 0 0 0 0 0 0 0 0 0 0 0 0 0 0 0 0 0 0 0 0 0 0 0 0 0 0 0 0 0 0 0 0 0 0 0 0 0 0 
Upper bound: 
200 200 200 200 200 200 200 200 200 200 200 200 200 200 200 200 200 200 200 200 200 200 200 200 200 200 200 200 200 200 200 200 200 200 200 200 200 200 200 200 200 200 200 200 200 200 200 200 200 200 200 200 200 200 200 200 200 200 200 200 200 200 200 200 200 200 200 200 200 200 200 200 200 200 200 200 200 200 200 200 200 200 200 200 200 200 200 200 200 200 200 200 200 200 200 200 200 200 200 200 200 200 200 200 200 200 200 200 200 200 200 200 200 200 200 200 200 200 200 200 200 200 200 200 200 200 200 200 200 200 200 200 200 200 200 200 200 200 200 200 200 200 200 200 200 200 200 200 200 200 200 200 200 200 200 200 200 200 200 200 200 200 200 200 200 200 200 200 200 200 200 200 200 200 200 200 200 200 200 200 200 200 200 200 200 200 200 200 200 200 200 200 200 200 200 200 200 200 200 200 200 
Weight factor: 0.8
Crossover rate: 0.9
Max iteration: 6000
Best solution: 
[139, 119, 129, 51, 145, 195, 40, 11, 178, 69, 169, 82, 52, 190, 5, 94, 73, 130, 192, 56, 8, 35, 43, 183, 101, 140, 59, 122, 58, 4, 20, 120, 134, 0, 191, 187, 7, 135, 47, 29, 115, 128, 176, 116, 14, 15, 77, 144, 68, 123, 193, 30, 18, 114, 166, 64, 28, 157, 118, 161, 34, 50, 185, 165, 79, 3, 149, 162, 21, 27, 60, 153, 67, 31, 104, 188, 170, 186, 93, 167, 160, 148, 81, 25, 189, 63, 72, 80, 12, 171, 155, 147, 41, 110, 182, 74, 177, 65, 138, 71, 53, 9, 168, 143, 184, 54, 84, 146, 117, 57, 200, 16, 39, 175, 172, 13, 141, 6, 98, 159, 100, 96, 83, 196, 173, 10, 97, 36, 108, 17, 181, 137, 42, 1, 136, 103, 92, 163, 37, 48, 55, 88, 113, 32, 164, 38, 151, 112, 19, 179, 180, 142, 106, 124, 66, 125, 198, 70, 22, 112, 62, 85, 87, 126, 158, 45, 75, 46, 109, 23, 105, 91, 111, 86, 89, 90, 156, 61, 111, 197, 132, 49, 174, 33, 44, 2, 150, 76, 194, 99, 131, 154, 95, 199, 24, 107, 133, 152, 102, 121, 78, ]
Best fitness: 8.09634
SEED: 5661

Solution Bins: 
Bin Number: 42
2444 2138 2344 1718 2132 2414 1556 2437 2430 2448 2414 2286 2428 2387 2443 2184 2380 2335 2143 2408 2433 2402 2447 1732 1854 2330 2017 2268 2230 2404 2428 2432 2347 2326 2316 1712 2436 2390 2446 2269 1660 2448 
Elapsed time: 107 s
----------------------------------------

