Population size: 600
Problem dimension: 801
Lower bound: 
0 0 0 0 0 0 0 0 0 0 0 0 0 0 0 0 0 0 0 0 0 0 0 0 0 0 0 0 0 0 0 0 0 0 0 0 0 0 0 0 0 0 0 0 0 0 0 0 0 0 0 0 0 0 0 0 0 0 0 0 0 0 0 0 0 0 0 0 0 0 0 0 0 0 0 0 0 0 0 0 0 0 0 0 0 0 0 0 0 0 0 0 0 0 0 0 0 0 0 0 0 0 0 0 0 0 0 0 0 0 0 0 0 0 0 0 0 0 0 0 0 0 0 0 0 0 0 0 0 0 0 0 0 0 0 0 0 0 0 0 0 0 0 0 0 0 0 0 0 0 0 0 0 0 0 0 0 0 0 0 0 0 0 0 0 0 0 0 0 0 0 0 0 0 0 0 0 0 0 0 0 0 0 0 0 0 0 0 0 0 0 0 0 0 0 0 0 0 0 0 0 0 0 0 0 0 0 0 0 0 0 0 0 0 0 0 0 0 0 0 0 0 0 0 0 0 0 0 0 0 0 0 0 0 0 0 0 0 0 0 0 0 0 0 0 0 0 0 0 0 0 0 0 0 0 0 0 0 0 0 0 0 0 0 0 0 0 0 0 0 0 0 0 0 0 0 0 0 0 0 0 0 0 0 0 0 0 0 0 0 0 0 0 0 0 0 0 0 0 0 0 0 0 0 0 0 0 0 0 0 0 0 0 0 0 0 0 0 0 0 0 0 0 0 0 0 0 0 0 0 0 0 0 0 0 0 0 0 0 0 0 0 0 0 0 0 0 0 0 0 0 0 0 0 0 0 0 0 0 0 0 0 0 0 0 0 0 0 0 0 0 0 0 0 0 0 0 0 0 0 0 0 0 0 0 0 0 0 0 0 0 0 0 0 0 0 0 0 0 0 0 0 0 0 0 0 0 0 0 0 0 0 0 0 0 0 0 0 0 0 0 0 0 0 0 0 0 0 0 0 0 0 0 0 0 0 0 0 0 0 0 0 0 0 0 0 0 0 0 0 0 0 0 0 0 0 0 0 0 0 0 0 0 0 0 0 0 0 0 0 0 0 0 0 0 0 0 0 0 0 0 0 0 0 0 0 0 0 0 0 0 0 0 0 0 0 0 0 0 0 0 0 0 0 0 0 0 0 0 0 0 0 0 0 0 0 0 0 0 0 0 0 0 0 0 0 0 0 0 0 0 0 0 0 0 0 0 0 0 0 0 0 0 0 0 0 0 0 0 0 0 0 0 0 0 0 0 0 0 0 0 0 0 0 0 0 0 0 0 0 0 0 0 0 0 0 0 0 0 0 0 0 0 0 0 0 0 0 0 0 0 0 0 0 0 0 0 0 0 0 0 0 0 0 0 0 0 0 0 0 0 0 0 0 0 0 0 0 0 0 0 0 0 0 0 0 0 0 0 0 0 0 0 0 0 0 0 0 0 0 0 0 0 0 0 0 0 0 0 0 0 0 0 0 0 0 0 0 0 0 0 0 0 0 0 0 0 0 0 0 0 0 0 0 0 0 0 0 0 0 0 0 0 0 0 0 0 0 0 0 0 0 0 0 0 0 0 0 0 0 0 0 0 0 0 0 0 0 0 0 0 0 0 0 0 0 0 0 0 0 0 0 0 0 0 0 0 0 0 0 0 0 0 0 0 0 0 0 0 0 0 0 0 0 0 0 0 0 0 0 0 0 0 0 0 0 0 0 0 0 0 0 0 0 0 0 0 0 0 0 0 0 0 0 0 0 0 0 0 0 0 0 0 0 0 0 0 0 0 0 0 0 0 0 0 0 0 0 0 0 0 
Upper bound: 
800 800 800 800 800 800 800 800 800 800 800 800 800 800 800 800 800 800 800 800 800 800 800 800 800 800 800 800 800 800 800 800 800 800 800 800 800 800 800 800 800 800 800 800 800 800 800 800 800 800 800 800 800 800 800 800 800 800 800 800 800 800 800 800 800 800 800 800 800 800 800 800 800 800 800 800 800 800 800 800 800 800 800 800 800 800 800 800 800 800 800 800 800 800 800 800 800 800 800 800 800 800 800 800 800 800 800 800 800 800 800 800 800 800 800 800 800 800 800 800 800 800 800 800 800 800 800 800 800 800 800 800 800 800 800 800 800 800 800 800 800 800 800 800 800 800 800 800 800 800 800 800 800 800 800 800 800 800 800 800 800 800 800 800 800 800 800 800 800 800 800 800 800 800 800 800 800 800 800 800 800 800 800 800 800 800 800 800 800 800 800 800 800 800 800 800 800 800 800 800 800 800 800 800 800 800 800 800 800 800 800 800 800 800 800 800 800 800 800 800 800 800 800 800 800 800 800 800 800 800 800 800 800 800 800 800 800 800 800 800 800 800 800 800 800 800 800 800 800 800 800 800 800 800 800 800 800 800 800 800 800 800 800 800 800 800 800 800 800 800 800 800 800 800 800 800 800 800 800 800 800 800 800 800 800 800 800 800 800 800 800 800 800 800 800 800 800 800 800 800 800 800 800 800 800 800 800 800 800 800 800 800 800 800 800 800 800 800 800 800 800 800 800 800 800 800 800 800 800 800 800 800 800 800 800 800 800 800 800 800 800 800 800 800 800 800 800 800 800 800 800 800 800 800 800 800 800 800 800 800 800 800 800 800 800 800 800 800 800 800 800 800 800 800 800 800 800 800 800 800 800 800 800 800 800 800 800 800 800 800 800 800 800 800 800 800 800 800 800 800 800 800 800 800 800 800 800 800 800 800 800 800 800 800 800 800 800 800 800 800 800 800 800 800 800 800 800 800 800 800 800 800 800 800 800 800 800 800 800 800 800 800 800 800 800 800 800 800 800 800 800 800 800 800 800 800 800 800 800 800 800 800 800 800 800 800 800 800 800 800 800 800 800 800 800 800 800 800 800 800 800 800 800 800 800 800 800 800 800 800 800 800 800 800 800 800 800 800 800 800 800 800 800 800 800 800 800 800 800 800 800 800 800 800 800 800 800 800 800 800 800 800 800 800 800 800 800 800 800 800 800 800 800 800 800 800 800 800 800 800 800 800 800 800 800 800 800 800 800 800 800 800 800 800 800 800 800 800 800 800 800 800 800 800 800 800 800 800 800 800 800 800 800 800 800 800 800 800 800 800 800 800 800 800 800 800 800 800 800 800 800 800 800 800 800 800 800 800 800 800 800 800 800 800 800 800 800 800 800 800 800 800 800 800 800 800 800 800 800 800 800 800 800 800 800 800 800 800 800 800 800 800 800 800 800 800 800 800 800 800 800 800 800 800 800 800 800 800 800 800 800 800 800 800 800 800 800 800 800 800 800 800 800 800 800 800 800 800 800 800 800 800 800 800 800 800 800 800 800 800 800 800 800 800 800 800 800 800 800 800 800 800 800 800 800 800 800 800 800 800 800 800 800 800 800 800 800 800 800 800 800 800 800 800 800 800 800 800 800 800 800 800 800 800 800 800 800 800 800 800 800 800 800 800 800 800 800 800 800 800 800 800 800 800 800 800 800 800 800 800 800 800 800 800 800 800 800 800 800 800 800 800 800 800 800 800 800 800 800 800 800 800 800 800 800 800 800 800 800 800 800 800 800 800 800 800 800 800 800 800 800 800 800 800 800 800 800 800 800 800 800 
Weight factor: 0.8
Crossover rate: 0.9
Max iteration: 6000
Best solution: 
[632, 505, 766, 719, 191, 125, 249, 562, 311, 14, 481, 180, 792, 453, 352, 539, 9, 203, 564, 781, 224, 667, 704, 610, 192, 461, 80, 557, 772, 445, 421, 415, 673, 61, 694, 29, 614, 45, 476, 111, 426, 584, 322, 371, 391, 360, 604, 126, 794, 67, 648, 729, 662, 624, 419, 666, 669, 101, 186, 262, 349, 646, 750, 400, 79, 722, 274, 373, 407, 97, 161, 164, 67, 678, 438, 795, 38, 312, 52, 283, 228, 26, 18, 703, 127, 47, 211, 592, 486, 737, 510, 194, 217, 386, 345, 622, 740, 417, 651, 406, 619, 245, 784, 699, 254, 343, 344, 623, 567, 21, 235, 366, 786, 301, 448, 390, 581, 502, 31, 534, 478, 359, 271, 242, 555, 121, 660, 174, 55, 607, 499, 72, 103, 659, 489, 473, 316, 744, 477, 707, 24, 389, 515, 371, 483, 307, 514, 341, 590, 591, 536, 693, 177, 700, 142, 718, 263, 440, 745, 50, 133, 110, 78, 756, 154, 645, 323, 213, 11, 412, 575, 46, 233, 285, 682, 597, 96, 291, 12, 357, 490, 187, 403, 23, 430, 376, 354, 627, 333, 434, 128, 247, 491, 347, 615, 399, 93, 463, 34, 15, 361, 86, 595, 527, 184, 393, 208, 691, 89, 374, 155, 793, 413, 743, 652, 295, 454, 317, 414, 739, 248, 44, 460, 496, 544, 671, 16, 48, 512, 753, 222, 716, 751, 57, 238, 452, 680, 337, 636, 2, 545, 258, 8, 733, 204, 504, 548, 91, 762, 633, 465, 300, 552, 296, 162, 65, 66, 582, 462, 149, 747, 100, 723, 775, 276, 583, 28, 526, 199, 395, 442, 71, 324, 94, 107, 117, 635, 457, 594, 396, 616, 320, 334, 148, 738, 104, 790, 43, 459, 378, 340, 267, 732, 275, 596, 683, 163, 760, 458, 193, 577, 207, 547, 641, 17, 99, 437, 625, 171, 644, 497, 474, 702, 785, 178, 472, 75, 321, 688, 338, 418, 331, 657, 157, 234, 800, 281, 169, 777, 160, 613, 405, 82, 444, 223, 7, 468, 631, 106, 532, 5, 198, 402, 382, 414, 374, 383, 214, 530, 314, 467, 257, 221, 298, 728, 640, 742, 367, 392, 479, 76, 150, 796, 449, 689, 170, 746, 752, 574, 108, 227, 49, 237, 464, 95, 710, 315, 609, 219, 594, 709, 470, 759, 540, 776, 528, 736, 358, 165, 787, 77, 780, 600, 506, 524, 377, 424, 304, 328, 244, 643, 60, 385, 88, 289, 456, 182, 585, 279, 212, 22, 41, 379, 451, 541, 375, 642, 529, 175, 200, 138, 310, 602, 469, 605, 621, 531, 411, 556, 336, 687, 665, 119, 724, 535, 135, 152, 618, 520, 763, 196, 90, 675, 715, 0, 112, 521, 351, 589, 239, 684, 455, 350, 4, 303, 252, 368, 695, 495, 185, 264, 240, 313, 725, 63, 637, 380, 553, 370, 433, 340, 679, 606, 507, 202, 229, 151, 561, 482, 487, 513, 543, 260, 798, 146, 672, 696, 517, 550, 172, 436, 13, 27, 215, 56, 422, 668, 441, 297, 339, 570, 565, 10, 73, 292, 32, 64, 634, 617, 83, 638, 748, 573, 167, 384, 129, 181, 195, 713, 278, 325, 734, 516, 358, 280, 519, 206, 409, 708, 398, 537, 59, 620, 84, 173, 209, 731, 33, 145, 309, 253, 655, 124, 302, 664, 509, 30, 120, 332, 727, 416, 327, 525, 284, 653, 139, 782, 566, 603, 318, 268, 439, 156, 147, 230, 308, 538, 394, 765, 309, 569, 656, 485, 608, 51, 698, 250, 218, 74, 40, 498, 690, 554, 137, 122, 488, 261, 650, 430, 397, 593, 599, 601, 319, 330, 282, 774, 364, 85, 256, 225, 717, 362, 299, 410, 266, 277, 447, 711, 272, 356, 358, 714, 629, 6, 1, 87, 626, 293, 37, 705, 679, 425, 408, 255, 681, 503, 685, 114, 115, 522, 42, 246, 288, 484, 706, 143, 431, 363, 348, 697, 630, 226, 639, 69, 768, 388, 188, 270, 730, 109, 769, 658, 535, 542, 53, 494, 501, 168, 571, 183, 612, 797, 231, 381, 290, 778, 779, 273, 306, 533, 618, 493, 783, 446, 123, 387, 197, 220, 598, 236, 131, 563, 701, 773, 761, 755, 265, 335, 677, 580, 326, 579, 492, 549, 500, 134, 98, 649, 216, 429, 587, 205, 365, 305, 176, 404, 287, 432, 353, 20, 153, 232, 39, 511, 757, 201, 35, 560, 423, 140, 159, 754, 372, 588, 210, 767, 749, 113, 661, 70, 523, 3, 686, 179, 578, 401, 721, 568, 558, 130, 676, 251, 428, 788, 628, 141, 294, 158, 546, 81, 25, 102, 586, 741, 647, 19, 355, 799, 136, 427, 572, 189, 692, 735, 480, 286, 450, 105, 369, 712, 494, 726, 241, 342, 789, 466, 576, 132, 471, 770, 54, 118, 329, 475, 259, 720, 517, 68, 674, 58, 166, 116, 663, 435, 551, 670, 758, 346, 443, 243, ]
Best fitness: 52.2158
SEED: 30140

Solution Bins: 
Bin Number: 180
28073 29018 31110 30888 25404 30707 14441 29980 29594 29061 31570 28336 29246 24658 24470 28222 28021 27558 19812 28909 27623 31011 26140 31527 29997 30337 25417 29021 28870 27280 21691 30208 30982 20998 25490 27692 30635 6449 30828 28088 28252 31149 29685 28973 30313 28159 31124 27441 30873 30241 31324 31398 25039 31540 18140 27649 28000 27379 30849 15682 30098 27292 26692 30898 22582 27434 30589 31074 26444 30602 28260 28365 30309 31044 31226 23976 31013 28404 26731 31238 27415 29828 29283 27592 31013 31163 31366 29086 30942 28484 26924 28872 21212 27720 15874 22118 26516 31090 29500 28428 28938 30978 26060 26960 28041 31590 19804 29839 30846 28244 20625 30857 27272 27916 31058 29869 23549 31084 29916 31280 23944 28566 26470 13804 25951 28877 29847 25073 30698 29687 20561 30824 27396 30970 30222 26968 26714 31174 28480 28434 12048 31310 28854 29087 30135 29667 28802 31105 30741 26198 26497 31501 31183 21826 29954 28814 27567 27470 9788 27148 24873 31250 29824 25188 30536 31022 31198 30342 30985 26834 28040 31398 31612 20190 28585 31205 28100 30878 28388 31100 
Elapsed time: 331 s
----------------------------------------

Population size: 600
Problem dimension: 801
Lower bound: 
0 0 0 0 0 0 0 0 0 0 0 0 0 0 0 0 0 0 0 0 0 0 0 0 0 0 0 0 0 0 0 0 0 0 0 0 0 0 0 0 0 0 0 0 0 0 0 0 0 0 0 0 0 0 0 0 0 0 0 0 0 0 0 0 0 0 0 0 0 0 0 0 0 0 0 0 0 0 0 0 0 0 0 0 0 0 0 0 0 0 0 0 0 0 0 0 0 0 0 0 0 0 0 0 0 0 0 0 0 0 0 0 0 0 0 0 0 0 0 0 0 0 0 0 0 0 0 0 0 0 0 0 0 0 0 0 0 0 0 0 0 0 0 0 0 0 0 0 0 0 0 0 0 0 0 0 0 0 0 0 0 0 0 0 0 0 0 0 0 0 0 0 0 0 0 0 0 0 0 0 0 0 0 0 0 0 0 0 0 0 0 0 0 0 0 0 0 0 0 0 0 0 0 0 0 0 0 0 0 0 0 0 0 0 0 0 0 0 0 0 0 0 0 0 0 0 0 0 0 0 0 0 0 0 0 0 0 0 0 0 0 0 0 0 0 0 0 0 0 0 0 0 0 0 0 0 0 0 0 0 0 0 0 0 0 0 0 0 0 0 0 0 0 0 0 0 0 0 0 0 0 0 0 0 0 0 0 0 0 0 0 0 0 0 0 0 0 0 0 0 0 0 0 0 0 0 0 0 0 0 0 0 0 0 0 0 0 0 0 0 0 0 0 0 0 0 0 0 0 0 0 0 0 0 0 0 0 0 0 0 0 0 0 0 0 0 0 0 0 0 0 0 0 0 0 0 0 0 0 0 0 0 0 0 0 0 0 0 0 0 0 0 0 0 0 0 0 0 0 0 0 0 0 0 0 0 0 0 0 0 0 0 0 0 0 0 0 0 0 0 0 0 0 0 0 0 0 0 0 0 0 0 0 0 0 0 0 0 0 0 0 0 0 0 0 0 0 0 0 0 0 0 0 0 0 0 0 0 0 0 0 0 0 0 0 0 0 0 0 0 0 0 0 0 0 0 0 0 0 0 0 0 0 0 0 0 0 0 0 0 0 0 0 0 0 0 0 0 0 0 0 0 0 0 0 0 0 0 0 0 0 0 0 0 0 0 0 0 0 0 0 0 0 0 0 0 0 0 0 0 0 0 0 0 0 0 0 0 0 0 0 0 0 0 0 0 0 0 0 0 0 0 0 0 0 0 0 0 0 0 0 0 0 0 0 0 0 0 0 0 0 0 0 0 0 0 0 0 0 0 0 0 0 0 0 0 0 0 0 0 0 0 0 0 0 0 0 0 0 0 0 0 0 0 0 0 0 0 0 0 0 0 0 0 0 0 0 0 0 0 0 0 0 0 0 0 0 0 0 0 0 0 0 0 0 0 0 0 0 0 0 0 0 0 0 0 0 0 0 0 0 0 0 0 0 0 0 0 0 0 0 0 0 0 0 0 0 0 0 0 0 0 0 0 0 0 0 0 0 0 0 0 0 0 0 0 0 0 0 0 0 0 0 0 0 0 0 0 0 0 0 0 0 0 0 0 0 0 0 0 0 0 0 0 0 0 0 0 0 0 0 0 0 0 0 0 0 0 0 0 0 0 0 0 0 0 0 0 0 0 0 0 0 0 0 0 0 0 0 0 0 0 0 0 0 0 0 0 0 0 0 0 0 0 0 0 0 0 0 0 0 0 0 0 0 0 0 0 0 0 0 0 0 0 0 0 0 0 0 0 0 0 0 0 0 0 0 0 0 0 0 0 0 0 0 0 0 0 0 0 0 0 0 0 0 0 0 0 0 0 0 
Upper bound: 
800 800 800 800 800 800 800 800 800 800 800 800 800 800 800 800 800 800 800 800 800 800 800 800 800 800 800 800 800 800 800 800 800 800 800 800 800 800 800 800 800 800 800 800 800 800 800 800 800 800 800 800 800 800 800 800 800 800 800 800 800 800 800 800 800 800 800 800 800 800 800 800 800 800 800 800 800 800 800 800 800 800 800 800 800 800 800 800 800 800 800 800 800 800 800 800 800 800 800 800 800 800 800 800 800 800 800 800 800 800 800 800 800 800 800 800 800 800 800 800 800 800 800 800 800 800 800 800 800 800 800 800 800 800 800 800 800 800 800 800 800 800 800 800 800 800 800 800 800 800 800 800 800 800 800 800 800 800 800 800 800 800 800 800 800 800 800 800 800 800 800 800 800 800 800 800 800 800 800 800 800 800 800 800 800 800 800 800 800 800 800 800 800 800 800 800 800 800 800 800 800 800 800 800 800 800 800 800 800 800 800 800 800 800 800 800 800 800 800 800 800 800 800 800 800 800 800 800 800 800 800 800 800 800 800 800 800 800 800 800 800 800 800 800 800 800 800 800 800 800 800 800 800 800 800 800 800 800 800 800 800 800 800 800 800 800 800 800 800 800 800 800 800 800 800 800 800 800 800 800 800 800 800 800 800 800 800 800 800 800 800 800 800 800 800 800 800 800 800 800 800 800 800 800 800 800 800 800 800 800 800 800 800 800 800 800 800 800 800 800 800 800 800 800 800 800 800 800 800 800 800 800 800 800 800 800 800 800 800 800 800 800 800 800 800 800 800 800 800 800 800 800 800 800 800 800 800 800 800 800 800 800 800 800 800 800 800 800 800 800 800 800 800 800 800 800 800 800 800 800 800 800 800 800 800 800 800 800 800 800 800 800 800 800 800 800 800 800 800 800 800 800 800 800 800 800 800 800 800 800 800 800 800 800 800 800 800 800 800 800 800 800 800 800 800 800 800 800 800 800 800 800 800 800 800 800 800 800 800 800 800 800 800 800 800 800 800 800 800 800 800 800 800 800 800 800 800 800 800 800 800 800 800 800 800 800 800 800 800 800 800 800 800 800 800 800 800 800 800 800 800 800 800 800 800 800 800 800 800 800 800 800 800 800 800 800 800 800 800 800 800 800 800 800 800 800 800 800 800 800 800 800 800 800 800 800 800 800 800 800 800 800 800 800 800 800 800 800 800 800 800 800 800 800 800 800 800 800 800 800 800 800 800 800 800 800 800 800 800 800 800 800 800 800 800 800 800 800 800 800 800 800 800 800 800 800 800 800 800 800 800 800 800 800 800 800 800 800 800 800 800 800 800 800 800 800 800 800 800 800 800 800 800 800 800 800 800 800 800 800 800 800 800 800 800 800 800 800 800 800 800 800 800 800 800 800 800 800 800 800 800 800 800 800 800 800 800 800 800 800 800 800 800 800 800 800 800 800 800 800 800 800 800 800 800 800 800 800 800 800 800 800 800 800 800 800 800 800 800 800 800 800 800 800 800 800 800 800 800 800 800 800 800 800 800 800 800 800 800 800 800 800 800 800 800 800 800 800 800 800 800 800 800 800 800 800 800 800 800 800 800 800 800 800 800 800 800 800 800 800 800 800 800 800 800 800 800 800 800 800 800 800 800 800 800 800 800 800 800 800 800 800 800 800 800 800 800 800 800 800 800 800 800 800 800 800 800 800 800 800 800 800 800 800 800 800 800 800 800 800 800 800 800 800 800 800 800 800 800 800 800 800 800 800 800 800 800 800 800 800 800 800 800 800 800 800 800 800 800 800 800 800 800 800 800 800 800 800 800 800 800 
Weight factor: 0.8
Crossover rate: 0.9
Max iteration: 6000
Best solution: 
[356, 585, 317, 783, 132, 604, 172, 188, 49, 493, 578, 709, 145, 390, 661, 455, 144, 622, 685, 475, 185, 447, 481, 340, 405, 291, 490, 385, 102, 548, 79, 461, 140, 591, 163, 727, 254, 649, 50, 540, 452, 620, 703, 304, 382, 614, 83, 311, 215, 82, 360, 486, 214, 310, 499, 92, 413, 146, 666, 181, 753, 312, 441, 358, 546, 570, 675, 641, 492, 71, 443, 533, 635, 245, 564, 148, 682, 67, 497, 426, 786, 555, 537, 619, 190, 565, 642, 567, 630, 65, 560, 116, 771, 165, 335, 396, 253, 109, 341, 646, 349, 307, 698, 402, 423, 30, 136, 97, 648, 22, 425, 88, 607, 1, 98, 72, 85, 126, 121, 743, 584, 137, 114, 769, 480, 724, 189, 337, 663, 128, 275, 258, 591, 403, 606, 355, 14, 280, 244, 727, 174, 38, 454, 227, 673, 574, 469, 457, 418, 575, 298, 78, 773, 331, 722, 522, 369, 596, 790, 168, 796, 478, 459, 203, 458, 728, 627, 595, 659, 75, 131, 477, 204, 31, 110, 195, 711, 53, 251, 669, 489, 336, 427, 305, 634, 770, 333, 752, 26, 68, 664, 294, 797, 464, 271, 541, 760, 767, 695, 702, 626, 143, 529, 119, 58, 684, 264, 17, 0, 27, 589, 91, 738, 170, 518, 668, 534, 41, 235, 795, 375, 532, 557, 431, 34, 603, 151, 421, 397, 206, 504, 571, 586, 800, 192, 720, 80, 624, 384, 683, 689, 510, 344, 774, 186, 765, 29, 70, 322, 592, 725, 419, 558, 652, 766, 681, 394, 141, 707, 763, 55, 24, 18, 716, 11, 554, 569, 201, 404, 28, 772, 508, 52, 282, 512, 113, 328, 519, 256, 450, 414, 437, 368, 676, 754, 87, 587, 387, 42, 127, 527, 37, 3, 550, 226, 360, 731, 662, 597, 692, 129, 551, 778, 740, 7, 32, 210, 40, 247, 491, 462, 366, 638, 221, 507, 782, 187, 645, 745, 566, 56, 416, 290, 325, 162, 25, 211, 449, 191, 573, 511, 234, 381, 737, 149, 173, 103, 485, 86, 265, 670, 261, 216, 2, 494, 757, 520, 448, 228, 43, 36, 498, 552, 679, 434, 768, 130, 729, 435, 530, 351, 315, 383, 193, 348, 506, 279, 359, 483, 713, 715, 656, 647, 572, 309, 303, 343, 212, 476, 559, 417, 295, 39, 791, 334, 610, 205, 467, 400, 787, 633, 167, 289, 354, 561, 218, 124, 513, 101, 581, 115, 502, 788, 260, 660, 296, 422, 81, 629, 134, 526, 9, 365, 266, 751, 718, 276, 524, 147, 535, 391, 243, 420, 658, 95, 330, 252, 644, 357, 538, 123, 451, 594, 77, 694, 249, 316, 643, 756, 466, 66, 734, 158, 16, 13, 260, 528, 640, 775, 733, 342, 521, 667, 209, 623, 153, 47, 133, 749, 411, 429, 602, 236, 99, 436, 378, 73, 250, 631, 332, 46, 125, 274, 465, 379, 440, 353, 12, 739, 688, 717, 224, 399, 576, 714, 706, 639, 183, 517, 671, 297, 395, 370, 708, 430, 74, 156, 628, 742, 242, 268, 363, 286, 672, 700, 612, 611, 169, 531, 302, 237, 579, 292, 392, 329, 362, 300, 178, 59, 117, 618, 562, 20, 154, 784, 691, 543, 326, 222, 500, 199, 621, 299, 605, 389, 198, 460, 798, 414, 161, 64, 637, 593, 428, 347, 364, 625, 263, 687, 246, 350, 721, 746, 445, 166, 35, 747, 479, 176, 208, 152, 293, 155, 200, 799, 112, 549, 518, 44, 238, 321, 488, 230, 45, 598, 232, 57, 453, 106, 10, 591, 248, 456, 371, 313, 777, 515, 712, 217, 272, 240, 632, 505, 764, 761, 792, 525, 175, 111, 545, 762, 377, 241, 171, 744, 735, 314, 269, 410, 182, 697, 608, 794, 61, 651, 376, 96, 284, 412, 776, 580, 270, 442, 468, 5, 138, 674, 93, 577, 160, 710, 23, 207, 636, 615, 723, 319, 15, 495, 308, 318, 789, 259, 701, 693, 444, 257, 120, 164, 273, 283, 21, 60, 200, 446, 539, 432, 118, 704, 94, 142, 719, 122, 90, 373, 514, 231, 108, 732, 398, 609, 616, 288, 793, 301, 196, 8, 84, 401, 501, 380, 408, 320, 582, 409, 327, 339, 653, 267, 202, 179, 503, 600, 69, 374, 323, 213, 599, 705, 62, 759, 655, 553, 471, 367, 361, 438, 393, 388, 588, 536, 220, 547, 516, 415, 736, 139, 177, 487, 219, 509, 779, 19, 33, 690, 750, 758, 755, 542, 407, 345, 454, 409, 677, 583, 785, 470, 654, 568, 696, 239, 523, 76, 406, 730, 281, 265, 346, 180, 617, 463, 650, 472, 54, 197, 372, 741, 278, 686, 352, 159, 262, 277, 780, 287, 306, 482, 89, 613, 439, 285, 474, 433, 184, 6, 100, 229, 678, 63, 223, 699, 657, 726, 748, 157, 48, 496, 473, 563, 225, 665, 435, 233, 51, 680, 338, 544, 556, 781, 715, 601, ]
Best fitness: 50.9079
SEED: 20094

Solution Bins: 
Bin Number: 179
17617 25414 30789 31228 30942 30272 24733 29358 26684 17552 24900 30099 30150 29845 26037 29614 27309 31324 31022 30467 26584 28446 30668 27926 27644 31236 28434 27280 25585 27490 27430 26505 30094 30264 31566 26506 19718 29183 31545 25110 26190 28270 27406 28629 31407 30524 28328 28152 29550 31301 29891 29238 31077 26908 19037 28510 25078 28870 28859 31078 31070 29039 31208 29972 27696 30483 31399 28946 27916 27724 13962 29990 24320 28040 31273 31206 29774 31446 28432 27076 30938 31044 28135 30979 31380 20335 30948 30981 29063 31056 30555 28224 31050 30914 31433 31508 31065 29207 28031 28158 30864 22478 27623 30011 9749 26450 25652 19771 31490 30275 26396 30752 30262 31236 24283 27460 31264 12016 26420 29005 29326 20903 30425 28472 23784 24912 24613 31432 30204 29109 31314 29790 23126 31284 31012 26786 28470 30871 26616 27620 26140 26950 24380 31311 30485 25951 24799 27412 10640 27448 26520 28252 29902 28332 28894 29892 28050 14511 31214 30387 28170 25896 27293 30518 30831 29952 27098 29440 27548 26038 28705 13129 24522 28392 20668 23136 30761 26948 28431 
Elapsed time: 336 s
----------------------------------------

Population size: 600
Problem dimension: 801
Lower bound: 
0 0 0 0 0 0 0 0 0 0 0 0 0 0 0 0 0 0 0 0 0 0 0 0 0 0 0 0 0 0 0 0 0 0 0 0 0 0 0 0 0 0 0 0 0 0 0 0 0 0 0 0 0 0 0 0 0 0 0 0 0 0 0 0 0 0 0 0 0 0 0 0 0 0 0 0 0 0 0 0 0 0 0 0 0 0 0 0 0 0 0 0 0 0 0 0 0 0 0 0 0 0 0 0 0 0 0 0 0 0 0 0 0 0 0 0 0 0 0 0 0 0 0 0 0 0 0 0 0 0 0 0 0 0 0 0 0 0 0 0 0 0 0 0 0 0 0 0 0 0 0 0 0 0 0 0 0 0 0 0 0 0 0 0 0 0 0 0 0 0 0 0 0 0 0 0 0 0 0 0 0 0 0 0 0 0 0 0 0 0 0 0 0 0 0 0 0 0 0 0 0 0 0 0 0 0 0 0 0 0 0 0 0 0 0 0 0 0 0 0 0 0 0 0 0 0 0 0 0 0 0 0 0 0 0 0 0 0 0 0 0 0 0 0 0 0 0 0 0 0 0 0 0 0 0 0 0 0 0 0 0 0 0 0 0 0 0 0 0 0 0 0 0 0 0 0 0 0 0 0 0 0 0 0 0 0 0 0 0 0 0 0 0 0 0 0 0 0 0 0 0 0 0 0 0 0 0 0 0 0 0 0 0 0 0 0 0 0 0 0 0 0 0 0 0 0 0 0 0 0 0 0 0 0 0 0 0 0 0 0 0 0 0 0 0 0 0 0 0 0 0 0 0 0 0 0 0 0 0 0 0 0 0 0 0 0 0 0 0 0 0 0 0 0 0 0 0 0 0 0 0 0 0 0 0 0 0 0 0 0 0 0 0 0 0 0 0 0 0 0 0 0 0 0 0 0 0 0 0 0 0 0 0 0 0 0 0 0 0 0 0 0 0 0 0 0 0 0 0 0 0 0 0 0 0 0 0 0 0 0 0 0 0 0 0 0 0 0 0 0 0 0 0 0 0 0 0 0 0 0 0 0 0 0 0 0 0 0 0 0 0 0 0 0 0 0 0 0 0 0 0 0 0 0 0 0 0 0 0 0 0 0 0 0 0 0 0 0 0 0 0 0 0 0 0 0 0 0 0 0 0 0 0 0 0 0 0 0 0 0 0 0 0 0 0 0 0 0 0 0 0 0 0 0 0 0 0 0 0 0 0 0 0 0 0 0 0 0 0 0 0 0 0 0 0 0 0 0 0 0 0 0 0 0 0 0 0 0 0 0 0 0 0 0 0 0 0 0 0 0 0 0 0 0 0 0 0 0 0 0 0 0 0 0 0 0 0 0 0 0 0 0 0 0 0 0 0 0 0 0 0 0 0 0 0 0 0 0 0 0 0 0 0 0 0 0 0 0 0 0 0 0 0 0 0 0 0 0 0 0 0 0 0 0 0 0 0 0 0 0 0 0 0 0 0 0 0 0 0 0 0 0 0 0 0 0 0 0 0 0 0 0 0 0 0 0 0 0 0 0 0 0 0 0 0 0 0 0 0 0 0 0 0 0 0 0 0 0 0 0 0 0 0 0 0 0 0 0 0 0 0 0 0 0 0 0 0 0 0 0 0 0 0 0 0 0 0 0 0 0 0 0 0 0 0 0 0 0 0 0 0 0 0 0 0 0 0 0 0 0 0 0 0 0 0 0 0 0 0 0 0 0 0 0 0 0 0 0 0 0 0 0 0 0 0 0 0 0 0 0 0 0 0 0 0 0 0 0 0 0 0 0 0 0 0 0 0 0 0 0 0 
Upper bound: 
800 800 800 800 800 800 800 800 800 800 800 800 800 800 800 800 800 800 800 800 800 800 800 800 800 800 800 800 800 800 800 800 800 800 800 800 800 800 800 800 800 800 800 800 800 800 800 800 800 800 800 800 800 800 800 800 800 800 800 800 800 800 800 800 800 800 800 800 800 800 800 800 800 800 800 800 800 800 800 800 800 800 800 800 800 800 800 800 800 800 800 800 800 800 800 800 800 800 800 800 800 800 800 800 800 800 800 800 800 800 800 800 800 800 800 800 800 800 800 800 800 800 800 800 800 800 800 800 800 800 800 800 800 800 800 800 800 800 800 800 800 800 800 800 800 800 800 800 800 800 800 800 800 800 800 800 800 800 800 800 800 800 800 800 800 800 800 800 800 800 800 800 800 800 800 800 800 800 800 800 800 800 800 800 800 800 800 800 800 800 800 800 800 800 800 800 800 800 800 800 800 800 800 800 800 800 800 800 800 800 800 800 800 800 800 800 800 800 800 800 800 800 800 800 800 800 800 800 800 800 800 800 800 800 800 800 800 800 800 800 800 800 800 800 800 800 800 800 800 800 800 800 800 800 800 800 800 800 800 800 800 800 800 800 800 800 800 800 800 800 800 800 800 800 800 800 800 800 800 800 800 800 800 800 800 800 800 800 800 800 800 800 800 800 800 800 800 800 800 800 800 800 800 800 800 800 800 800 800 800 800 800 800 800 800 800 800 800 800 800 800 800 800 800 800 800 800 800 800 800 800 800 800 800 800 800 800 800 800 800 800 800 800 800 800 800 800 800 800 800 800 800 800 800 800 800 800 800 800 800 800 800 800 800 800 800 800 800 800 800 800 800 800 800 800 800 800 800 800 800 800 800 800 800 800 800 800 800 800 800 800 800 800 800 800 800 800 800 800 800 800 800 800 800 800 800 800 800 800 800 800 800 800 800 800 800 800 800 800 800 800 800 800 800 800 800 800 800 800 800 800 800 800 800 800 800 800 800 800 800 800 800 800 800 800 800 800 800 800 800 800 800 800 800 800 800 800 800 800 800 800 800 800 800 800 800 800 800 800 800 800 800 800 800 800 800 800 800 800 800 800 800 800 800 800 800 800 800 800 800 800 800 800 800 800 800 800 800 800 800 800 800 800 800 800 800 800 800 800 800 800 800 800 800 800 800 800 800 800 800 800 800 800 800 800 800 800 800 800 800 800 800 800 800 800 800 800 800 800 800 800 800 800 800 800 800 800 800 800 800 800 800 800 800 800 800 800 800 800 800 800 800 800 800 800 800 800 800 800 800 800 800 800 800 800 800 800 800 800 800 800 800 800 800 800 800 800 800 800 800 800 800 800 800 800 800 800 800 800 800 800 800 800 800 800 800 800 800 800 800 800 800 800 800 800 800 800 800 800 800 800 800 800 800 800 800 800 800 800 800 800 800 800 800 800 800 800 800 800 800 800 800 800 800 800 800 800 800 800 800 800 800 800 800 800 800 800 800 800 800 800 800 800 800 800 800 800 800 800 800 800 800 800 800 800 800 800 800 800 800 800 800 800 800 800 800 800 800 800 800 800 800 800 800 800 800 800 800 800 800 800 800 800 800 800 800 800 800 800 800 800 800 800 800 800 800 800 800 800 800 800 800 800 800 800 800 800 800 800 800 800 800 800 800 800 800 800 800 800 800 800 800 800 800 800 800 800 800 800 800 800 800 800 800 800 800 800 800 800 800 800 800 800 800 800 800 800 800 800 800 800 800 800 800 800 800 800 800 800 800 800 800 800 800 800 800 800 800 800 800 800 800 800 800 800 800 800 800 800 800 800 
Weight factor: 0.8
Crossover rate: 0.9
Max iteration: 6000
Best solution: 
[38, 199, 359, 142, 440, 539, 341, 409, 264, 675, 590, 723, 232, 520, 461, 483, 571, 448, 743, 136, 537, 47, 450, 618, 174, 393, 475, 207, 742, 58, 433, 227, 617, 516, 637, 79, 56, 127, 169, 367, 563, 570, 262, 674, 480, 373, 736, 778, 150, 603, 724, 9, 384, 768, 348, 791, 663, 243, 530, 792, 121, 78, 656, 261, 104, 420, 629, 466, 275, 713, 321, 588, 454, 253, 101, 434, 218, 55, 418, 385, 734, 400, 715, 540, 347, 69, 175, 601, 515, 755, 235, 773, 11, 160, 276, 73, 471, 230, 87, 213, 20, 484, 120, 284, 195, 215, 155, 4, 501, 85, 349, 145, 356, 7, 413, 109, 363, 639, 293, 797, 752, 269, 201, 788, 75, 645, 133, 704, 244, 717, 308, 594, 789, 259, 200, 572, 671, 534, 325, 747, 432, 94, 764, 488, 190, 535, 93, 226, 36, 771, 188, 106, 691, 33, 599, 375, 636, 740, 498, 491, 394, 436, 399, 453, 787, 476, 714, 327, 24, 60, 389, 701, 181, 612, 3, 746, 335, 378, 320, 775, 304, 392, 165, 497, 677, 577, 532, 339, 271, 660, 212, 157, 732, 519, 166, 167, 97, 296, 382, 268, 745, 750, 624, 41, 784, 105, 427, 37, 431, 587, 345, 633, 711, 635, 533, 683, 541, 332, 179, 686, 552, 511, 185, 67, 177, 361, 469, 186, 707, 408, 377, 100, 282, 279, 362, 467, 255, 141, 223, 91, 152, 22, 371, 92, 265, 53, 565, 74, 759, 460, 766, 337, 346, 351, 650, 608, 628, 702, 211, 5, 252, 115, 761, 591, 477, 664, 642, 758, 68, 489, 32, 630, 647, 273, 649, 13, 661, 684, 442, 456, 419, 562, 799, 682, 600, 513, 314, 422, 236, 669, 678, 103, 162, 129, 125, 772, 310, 398, 372, 77, 25, 294, 412, 153, 627, 146, 39, 605, 623, 84, 228, 638, 366, 670, 509, 161, 783, 114, 753, 86, 50, 441, 708, 407, 132, 81, 95, 248, 281, 274, 720, 21, 769, 23, 154, 241, 495, 652, 597, 543, 749, 148, 655, 499, 790, 538, 324, 313, 319, 131, 545, 641, 680, 571, 439, 307, 206, 123, 280, 342, 744, 163, 298, 712, 716, 263, 429, 272, 247, 333, 383, 151, 117, 727, 425, 147, 72, 368, 672, 270, 390, 96, 52, 507, 451, 718, 43, 424, 242, 531, 224, 257, 266, 240, 507, 27, 421, 6, 573, 698, 329, 500, 786, 455, 360, 490, 344, 376, 343, 302, 653, 613, 485, 158, 246, 305, 651, 254, 729, 168, 8, 178, 350, 506, 462, 738, 705, 779, 693, 648, 220, 312, 118, 49, 583, 57, 654, 444, 748, 15, 695, 524, 620, 697, 626, 777, 277, 166, 112, 728, 107, 598, 10, 725, 267, 189, 381, 616, 544, 130, 607, 238, 606, 458, 576, 292, 437, 596, 567, 387, 689, 149, 386, 578, 632, 438, 359, 579, 338, 517, 430, 205, 555, 581, 668, 560, 457, 604, 222, 795, 548, 395, 134, 529, 66, 625, 194, 515, 525, 630, 202, 283, 131, 156, 65, 514, 357, 336, 621, 237, 568, 781, 793, 446, 493, 173, 510, 31, 774, 665, 82, 229, 706, 464, 554, 610, 311, 692, 726, 388, 323, 459, 193, 404, 631, 176, 221, 40, 719, 566, 410, 602, 776, 614, 710, 785, 542, 322, 657, 416, 300, 119, 401, 526, 396, 138, 61, 217, 126, 470, 417, 553, 305, 586, 328, 301, 59, 508, 29, 64, 487, 108, 722, 512, 354, 303, 330, 17, 690, 369, 666, 763, 249, 90, 527, 756, 355, 331, 184, 609, 18, 353, 595, 317, 546, 289, 449, 285, 585, 124, 286, 45, 688, 733, 233, 426, 89, 209, 0, 494, 187, 406, 110, 662, 309, 397, 423, 622, 80, 492, 51, 219, 208, 34, 171, 443, 19, 518, 656, 481, 250, 659, 782, 559, 196, 741, 1, 564, 290, 326, 192, 315, 592, 681, 214, 76, 128, 667, 737, 172, 709, 70, 316, 800, 770, 796, 391, 180, 643, 611, 757, 42, 589, 258, 26, 767, 780, 557, 528, 556, 676, 581, 721, 558, 405, 376, 580, 288, 415, 203, 468, 646, 754, 473, 99, 364, 135, 452, 183, 137, 482, 210, 122, 260, 28, 370, 447, 245, 402, 549, 658, 14, 182, 116, 474, 685, 798, 751, 61, 522, 63, 739, 113, 765, 593, 472, 561, 403, 735, 445, 574, 521, 365, 465, 204, 139, 569, 463, 547, 504, 144, 239, 2, 478, 225, 297, 703, 334, 48, 234, 502, 679, 71, 550, 694, 291, 428, 287, 231, 83, 486, 619, 102, 88, 536, 143, 62, 687, 54, 696, 582, 299, 414, 46, 159, 634, 98, 640, 380, 584, 700, 575, 615, 191, 140, 411, 306, 731, 352, 699, 256, 533, 505, 374, 503, 30, 794, 12, 44, 197, 295, 435, 318, 730, 340, 760, 358, 164, 762, 111, 551, ]
Best fitness: 51.377
SEED: 32359

Solution Bins: 
Bin Number: 185
27781 31373 30542 31602 28608 28949 25412 29226 27522 30294 29045 30368 29569 28108 30885 31280 30598 27542 21168 28707 28834 12840 23271 20976 29280 22484 24613 30038 31520 30921 25937 28683 30928 27488 31504 28624 19912 23390 30168 30909 28052 30995 22964 29784 26802 28024 24368 31500 31094 29565 28982 29882 28627 26501 21345 25162 26767 28072 26766 29486 30128 28404 31554 29015 30148 31096 29231 28236 25538 21200 28040 30776 30276 30774 27194 31566 30390 26686 25552 28618 26610 24906 31612 31248 19652 31601 30907 31018 27280 19461 30530 28384 20594 29832 30986 30992 29782 15490 28515 25028 30340 27770 26024 30126 29559 16068 26836 30434 29609 26850 31425 30550 28348 29324 31213 28728 25520 30261 30040 30092 28517 24153 31271 23784 30364 31092 12882 27407 29113 31526 30902 30233 24296 25890 17599 29453 28031 27318 29125 31197 28438 27772 21270 30819 21313 27986 28294 31010 31076 23057 27129 28032 30946 29824 31169 31276 30585 31412 23438 24629 15812 27571 31472 31136 30808 31295 30716 28133 28432 31013 27611 31189 27605 31516 29548 28220 17335 25627 12052 29915 29414 31264 27668 31377 31302 
Elapsed time: 332 s
----------------------------------------

Population size: 600
Problem dimension: 801
Lower bound: 
0 0 0 0 0 0 0 0 0 0 0 0 0 0 0 0 0 0 0 0 0 0 0 0 0 0 0 0 0 0 0 0 0 0 0 0 0 0 0 0 0 0 0 0 0 0 0 0 0 0 0 0 0 0 0 0 0 0 0 0 0 0 0 0 0 0 0 0 0 0 0 0 0 0 0 0 0 0 0 0 0 0 0 0 0 0 0 0 0 0 0 0 0 0 0 0 0 0 0 0 0 0 0 0 0 0 0 0 0 0 0 0 0 0 0 0 0 0 0 0 0 0 0 0 0 0 0 0 0 0 0 0 0 0 0 0 0 0 0 0 0 0 0 0 0 0 0 0 0 0 0 0 0 0 0 0 0 0 0 0 0 0 0 0 0 0 0 0 0 0 0 0 0 0 0 0 0 0 0 0 0 0 0 0 0 0 0 0 0 0 0 0 0 0 0 0 0 0 0 0 0 0 0 0 0 0 0 0 0 0 0 0 0 0 0 0 0 0 0 0 0 0 0 0 0 0 0 0 0 0 0 0 0 0 0 0 0 0 0 0 0 0 0 0 0 0 0 0 0 0 0 0 0 0 0 0 0 0 0 0 0 0 0 0 0 0 0 0 0 0 0 0 0 0 0 0 0 0 0 0 0 0 0 0 0 0 0 0 0 0 0 0 0 0 0 0 0 0 0 0 0 0 0 0 0 0 0 0 0 0 0 0 0 0 0 0 0 0 0 0 0 0 0 0 0 0 0 0 0 0 0 0 0 0 0 0 0 0 0 0 0 0 0 0 0 0 0 0 0 0 0 0 0 0 0 0 0 0 0 0 0 0 0 0 0 0 0 0 0 0 0 0 0 0 0 0 0 0 0 0 0 0 0 0 0 0 0 0 0 0 0 0 0 0 0 0 0 0 0 0 0 0 0 0 0 0 0 0 0 0 0 0 0 0 0 0 0 0 0 0 0 0 0 0 0 0 0 0 0 0 0 0 0 0 0 0 0 0 0 0 0 0 0 0 0 0 0 0 0 0 0 0 0 0 0 0 0 0 0 0 0 0 0 0 0 0 0 0 0 0 0 0 0 0 0 0 0 0 0 0 0 0 0 0 0 0 0 0 0 0 0 0 0 0 0 0 0 0 0 0 0 0 0 0 0 0 0 0 0 0 0 0 0 0 0 0 0 0 0 0 0 0 0 0 0 0 0 0 0 0 0 0 0 0 0 0 0 0 0 0 0 0 0 0 0 0 0 0 0 0 0 0 0 0 0 0 0 0 0 0 0 0 0 0 0 0 0 0 0 0 0 0 0 0 0 0 0 0 0 0 0 0 0 0 0 0 0 0 0 0 0 0 0 0 0 0 0 0 0 0 0 0 0 0 0 0 0 0 0 0 0 0 0 0 0 0 0 0 0 0 0 0 0 0 0 0 0 0 0 0 0 0 0 0 0 0 0 0 0 0 0 0 0 0 0 0 0 0 0 0 0 0 0 0 0 0 0 0 0 0 0 0 0 0 0 0 0 0 0 0 0 0 0 0 0 0 0 0 0 0 0 0 0 0 0 0 0 0 0 0 0 0 0 0 0 0 0 0 0 0 0 0 0 0 0 0 0 0 0 0 0 0 0 0 0 0 0 0 0 0 0 0 0 0 0 0 0 0 0 0 0 0 0 0 0 0 0 0 0 0 0 0 0 0 0 0 0 0 0 0 0 0 0 0 0 0 0 0 0 0 0 0 0 0 0 0 0 0 0 0 0 0 0 0 0 0 0 0 0 0 0 0 0 0 0 0 0 0 0 0 0 0 0 0 0 0 0 0 0 0 0 
Upper bound: 
800 800 800 800 800 800 800 800 800 800 800 800 800 800 800 800 800 800 800 800 800 800 800 800 800 800 800 800 800 800 800 800 800 800 800 800 800 800 800 800 800 800 800 800 800 800 800 800 800 800 800 800 800 800 800 800 800 800 800 800 800 800 800 800 800 800 800 800 800 800 800 800 800 800 800 800 800 800 800 800 800 800 800 800 800 800 800 800 800 800 800 800 800 800 800 800 800 800 800 800 800 800 800 800 800 800 800 800 800 800 800 800 800 800 800 800 800 800 800 800 800 800 800 800 800 800 800 800 800 800 800 800 800 800 800 800 800 800 800 800 800 800 800 800 800 800 800 800 800 800 800 800 800 800 800 800 800 800 800 800 800 800 800 800 800 800 800 800 800 800 800 800 800 800 800 800 800 800 800 800 800 800 800 800 800 800 800 800 800 800 800 800 800 800 800 800 800 800 800 800 800 800 800 800 800 800 800 800 800 800 800 800 800 800 800 800 800 800 800 800 800 800 800 800 800 800 800 800 800 800 800 800 800 800 800 800 800 800 800 800 800 800 800 800 800 800 800 800 800 800 800 800 800 800 800 800 800 800 800 800 800 800 800 800 800 800 800 800 800 800 800 800 800 800 800 800 800 800 800 800 800 800 800 800 800 800 800 800 800 800 800 800 800 800 800 800 800 800 800 800 800 800 800 800 800 800 800 800 800 800 800 800 800 800 800 800 800 800 800 800 800 800 800 800 800 800 800 800 800 800 800 800 800 800 800 800 800 800 800 800 800 800 800 800 800 800 800 800 800 800 800 800 800 800 800 800 800 800 800 800 800 800 800 800 800 800 800 800 800 800 800 800 800 800 800 800 800 800 800 800 800 800 800 800 800 800 800 800 800 800 800 800 800 800 800 800 800 800 800 800 800 800 800 800 800 800 800 800 800 800 800 800 800 800 800 800 800 800 800 800 800 800 800 800 800 800 800 800 800 800 800 800 800 800 800 800 800 800 800 800 800 800 800 800 800 800 800 800 800 800 800 800 800 800 800 800 800 800 800 800 800 800 800 800 800 800 800 800 800 800 800 800 800 800 800 800 800 800 800 800 800 800 800 800 800 800 800 800 800 800 800 800 800 800 800 800 800 800 800 800 800 800 800 800 800 800 800 800 800 800 800 800 800 800 800 800 800 800 800 800 800 800 800 800 800 800 800 800 800 800 800 800 800 800 800 800 800 800 800 800 800 800 800 800 800 800 800 800 800 800 800 800 800 800 800 800 800 800 800 800 800 800 800 800 800 800 800 800 800 800 800 800 800 800 800 800 800 800 800 800 800 800 800 800 800 800 800 800 800 800 800 800 800 800 800 800 800 800 800 800 800 800 800 800 800 800 800 800 800 800 800 800 800 800 800 800 800 800 800 800 800 800 800 800 800 800 800 800 800 800 800 800 800 800 800 800 800 800 800 800 800 800 800 800 800 800 800 800 800 800 800 800 800 800 800 800 800 800 800 800 800 800 800 800 800 800 800 800 800 800 800 800 800 800 800 800 800 800 800 800 800 800 800 800 800 800 800 800 800 800 800 800 800 800 800 800 800 800 800 800 800 800 800 800 800 800 800 800 800 800 800 800 800 800 800 800 800 800 800 800 800 800 800 800 800 800 800 800 800 800 800 800 800 800 800 800 800 800 800 800 800 800 800 800 800 800 800 800 800 800 800 800 800 800 800 800 800 800 800 800 800 800 800 800 800 800 800 800 800 800 800 800 800 800 800 800 800 800 800 800 800 800 800 800 800 800 800 800 800 800 800 800 800 800 800 800 800 800 800 800 800 
Weight factor: 0.8
Crossover rate: 0.9
Max iteration: 6000
Best solution: 
[424, 512, 678, 329, 589, 408, 618, 345, 152, 537, 677, 671, 707, 426, 210, 360, 65, 451, 233, 348, 349, 647, 791, 564, 265, 354, 124, 127, 102, 559, 786, 529, 295, 25, 530, 121, 267, 363, 304, 171, 148, 412, 80, 643, 680, 104, 721, 251, 373, 306, 638, 307, 586, 733, 520, 81, 644, 157, 123, 784, 343, 319, 501, 192, 732, 227, 459, 718, 422, 139, 323, 457, 263, 666, 23, 169, 752, 47, 51, 670, 440, 59, 576, 458, 41, 549, 187, 270, 792, 455, 604, 380, 686, 87, 435, 735, 143, 622, 166, 632, 153, 346, 7, 502, 488, 372, 342, 345, 689, 782, 575, 709, 430, 556, 33, 55, 505, 783, 29, 212, 308, 22, 287, 706, 378, 480, 788, 310, 237, 715, 514, 42, 411, 583, 298, 535, 781, 279, 142, 534, 183, 757, 637, 274, 57, 9, 532, 691, 684, 352, 510, 473, 404, 427, 624, 478, 12, 269, 719, 258, 319, 519, 10, 340, 415, 543, 413, 181, 366, 180, 338, 128, 175, 84, 777, 398, 585, 471, 508, 224, 694, 261, 3, 447, 138, 522, 496, 651, 24, 492, 727, 793, 418, 198, 50, 713, 273, 540, 489, 665, 184, 490, 497, 602, 332, 747, 377, 362, 725, 779, 663, 623, 228, 375, 293, 322, 625, 416, 528, 573, 406, 252, 698, 479, 524, 385, 89, 191, 636, 581, 368, 202, 133, 196, 751, 370, 626, 28, 692, 790, 593, 208, 767, 369, 291, 20, 146, 383, 245, 547, 414, 16, 498, 163, 386, 776, 523, 597, 365, 219, 762, 119, 69, 38, 66, 402, 563, 401, 487, 395, 773, 417, 76, 149, 736, 562, 699, 545, 548, 155, 204, 88, 432, 96, 2, 525, 101, 13, 697, 74, 174, 789, 120, 39, 673, 700, 391, 567, 1, 771, 162, 179, 79, 410, 650, 276, 606, 361, 95, 63, 745, 186, 78, 460, 114, 453, 614, 454, 200, 141, 764, 742, 436, 612, 462, 605, 225, 595, 542, 557, 321, 240, 676, 262, 431, 716, 71, 43, 339, 598, 494, 113, 717, 126, 485, 316, 658, 250, 271, 296, 464, 317, 371, 177, 242, 566, 396, 90, 190, 381, 533, 207, 156, 590, 154, 359, 669, 280, 314, 48, 167, 260, 243, 297, 160, 27, 77, 83, 756, 394, 775, 627, 511, 681, 443, 517, 468, 277, 334, 147, 336, 392, 741, 546, 188, 272, 54, 526, 551, 445, 746, 109, 159, 724, 221, 429, 351, 795, 438, 176, 731, 613, 235, 538, 140, 659, 518, 503, 189, 254, 569, 599, 31, 320, 103, 275, 11, 244, 608, 425, 193, 539, 4, 296, 229, 70, 714, 420, 144, 64, 30, 760, 506, 91, 312, 335, 268, 256, 387, 182, 482, 509, 302, 628, 527, 544, 290, 661, 236, 695, 561, 125, 255, 390, 115, 108, 165, 14, 0, 785, 288, 37, 797, 740, 206, 347, 283, 216, 168, 94, 97, 441, 36, 555, 504, 259, 619, 60, 529, 18, 755, 350, 710, 711, 52, 610, 687, 85, 753, 136, 40, 476, 729, 765, 170, 649, 693, 201, 570, 465, 591, 218, 672, 440, 328, 463, 434, 374, 353, 5, 403, 648, 461, 326, 421, 135, 565, 572, 247, 529, 356, 787, 282, 553, 388, 194, 26, 645, 305, 558, 439, 580, 285, 116, 552, 675, 376, 728, 481, 257, 749, 179, 399, 629, 419, 452, 642, 369, 652, 331, 379, 393, 560, 643, 220, 178, 499, 531, 430, 392, 397, 318, 620, 185, 772, 674, 241, 311, 615, 99, 49, 337, 383, 611, 601, 450, 239, 423, 545, 603, 53, 444, 129, 409, 248, 107, 516, 660, 106, 758, 631, 730, 6, 726, 607, 15, 313, 667, 588, 668, 382, 195, 702, 62, 161, 164, 355, 118, 582, 234, 355, 664, 720, 112, 86, 158, 491, 17, 67, 617, 58, 596, 696, 8, 484, 98, 579, 750, 712, 456, 472, 630, 357, 296, 46, 634, 683, 770, 130, 405, 217, 646, 389, 122, 657, 521, 325, 466, 536, 341, 428, 100, 568, 704, 213, 474, 111, 294, 246, 609, 796, 679, 205, 690, 723, 303, 286, 748, 211, 61, 132, 483, 475, 734, 333, 655, 215, 231, 571, 639, 577, 798, 358, 299, 592, 82, 703, 763, 226, 209, 324, 131, 223, 500, 437, 621, 199, 754, 495, 587, 705, 507, 449, 266, 574, 93, 616, 467, 203, 794, 578, 541, 344, 656, 134, 292, 45, 102, 515, 774, 137, 769, 685, 682, 249, 278, 584, 766, 433, 407, 550, 73, 641, 19, 44, 477, 800, 446, 701, 35, 470, 151, 232, 117, 222, 56, 594, 309, 633, 105, 737, 739, 367, 448, 264, 289, 688, 738, 165, 92, 486, 799, 653, 708, 172, 635, 197, 600, 330, 364, 768, 281, 744, 654, 554, 110, 32, 284, 513, 759, 640, 743, 780, 214, 75, 301, 355, 493, 442, 722, 384, ]
Best fitness: 49.2542
SEED: 658

Solution Bins: 
Bin Number: 175
31004 30724 31202 31523 25738 31598 30690 29084 29738 29034 31564 25620 19484 29333 28929 24904 28487 29184 29992 25113 31094 25995 31385 30558 31002 30916 31236 31294 26743 27760 27504 31085 29691 31106 11662 29584 25545 27564 28829 28418 31168 31288 27127 20548 31450 31169 29848 26893 30719 30123 30523 28096 30232 27538 31300 26014 27781 25672 30687 24613 31120 31164 29020 24295 29402 30906 23592 26110 28026 30756 30973 31499 31144 20764 27678 31509 31037 29058 25002 30917 26100 28044 24368 28265 28014 27614 28175 25073 31160 30270 30757 25186 29996 28804 25812 31255 26456 28290 30840 30142 30325 31482 30060 28955 31288 28404 31470 24420 28886 28631 18453 24356 30564 22112 31401 31122 25954 30751 28407 28286 22600 30919 30168 30246 29450 30548 28722 30449 30182 27592 30215 31236 30378 30152 31460 28159 31436 27400 30857 28913 26956 31396 30960 31568 25801 28036 27058 30084 27092 30593 23478 27407 16164 30572 29857 29858 28424 28666 31145 26386 27645 30915 25532 29194 8182 28457 26030 29008 28782 31508 31222 25160 31474 27916 26443 
Elapsed time: 341 s
----------------------------------------

Population size: 600
Problem dimension: 801
Lower bound: 
0 0 0 0 0 0 0 0 0 0 0 0 0 0 0 0 0 0 0 0 0 0 0 0 0 0 0 0 0 0 0 0 0 0 0 0 0 0 0 0 0 0 0 0 0 0 0 0 0 0 0 0 0 0 0 0 0 0 0 0 0 0 0 0 0 0 0 0 0 0 0 0 0 0 0 0 0 0 0 0 0 0 0 0 0 0 0 0 0 0 0 0 0 0 0 0 0 0 0 0 0 0 0 0 0 0 0 0 0 0 0 0 0 0 0 0 0 0 0 0 0 0 0 0 0 0 0 0 0 0 0 0 0 0 0 0 0 0 0 0 0 0 0 0 0 0 0 0 0 0 0 0 0 0 0 0 0 0 0 0 0 0 0 0 0 0 0 0 0 0 0 0 0 0 0 0 0 0 0 0 0 0 0 0 0 0 0 0 0 0 0 0 0 0 0 0 0 0 0 0 0 0 0 0 0 0 0 0 0 0 0 0 0 0 0 0 0 0 0 0 0 0 0 0 0 0 0 0 0 0 0 0 0 0 0 0 0 0 0 0 0 0 0 0 0 0 0 0 0 0 0 0 0 0 0 0 0 0 0 0 0 0 0 0 0 0 0 0 0 0 0 0 0 0 0 0 0 0 0 0 0 0 0 0 0 0 0 0 0 0 0 0 0 0 0 0 0 0 0 0 0 0 0 0 0 0 0 0 0 0 0 0 0 0 0 0 0 0 0 0 0 0 0 0 0 0 0 0 0 0 0 0 0 0 0 0 0 0 0 0 0 0 0 0 0 0 0 0 0 0 0 0 0 0 0 0 0 0 0 0 0 0 0 0 0 0 0 0 0 0 0 0 0 0 0 0 0 0 0 0 0 0 0 0 0 0 0 0 0 0 0 0 0 0 0 0 0 0 0 0 0 0 0 0 0 0 0 0 0 0 0 0 0 0 0 0 0 0 0 0 0 0 0 0 0 0 0 0 0 0 0 0 0 0 0 0 0 0 0 0 0 0 0 0 0 0 0 0 0 0 0 0 0 0 0 0 0 0 0 0 0 0 0 0 0 0 0 0 0 0 0 0 0 0 0 0 0 0 0 0 0 0 0 0 0 0 0 0 0 0 0 0 0 0 0 0 0 0 0 0 0 0 0 0 0 0 0 0 0 0 0 0 0 0 0 0 0 0 0 0 0 0 0 0 0 0 0 0 0 0 0 0 0 0 0 0 0 0 0 0 0 0 0 0 0 0 0 0 0 0 0 0 0 0 0 0 0 0 0 0 0 0 0 0 0 0 0 0 0 0 0 0 0 0 0 0 0 0 0 0 0 0 0 0 0 0 0 0 0 0 0 0 0 0 0 0 0 0 0 0 0 0 0 0 0 0 0 0 0 0 0 0 0 0 0 0 0 0 0 0 0 0 0 0 0 0 0 0 0 0 0 0 0 0 0 0 0 0 0 0 0 0 0 0 0 0 0 0 0 0 0 0 0 0 0 0 0 0 0 0 0 0 0 0 0 0 0 0 0 0 0 0 0 0 0 0 0 0 0 0 0 0 0 0 0 0 0 0 0 0 0 0 0 0 0 0 0 0 0 0 0 0 0 0 0 0 0 0 0 0 0 0 0 0 0 0 0 0 0 0 0 0 0 0 0 0 0 0 0 0 0 0 0 0 0 0 0 0 0 0 0 0 0 0 0 0 0 0 0 0 0 0 0 0 0 0 0 0 0 0 0 0 0 0 0 0 0 0 0 0 0 0 0 0 0 0 0 0 0 0 0 0 0 0 0 0 0 0 0 0 0 0 0 0 0 0 0 0 0 0 0 
Upper bound: 
800 800 800 800 800 800 800 800 800 800 800 800 800 800 800 800 800 800 800 800 800 800 800 800 800 800 800 800 800 800 800 800 800 800 800 800 800 800 800 800 800 800 800 800 800 800 800 800 800 800 800 800 800 800 800 800 800 800 800 800 800 800 800 800 800 800 800 800 800 800 800 800 800 800 800 800 800 800 800 800 800 800 800 800 800 800 800 800 800 800 800 800 800 800 800 800 800 800 800 800 800 800 800 800 800 800 800 800 800 800 800 800 800 800 800 800 800 800 800 800 800 800 800 800 800 800 800 800 800 800 800 800 800 800 800 800 800 800 800 800 800 800 800 800 800 800 800 800 800 800 800 800 800 800 800 800 800 800 800 800 800 800 800 800 800 800 800 800 800 800 800 800 800 800 800 800 800 800 800 800 800 800 800 800 800 800 800 800 800 800 800 800 800 800 800 800 800 800 800 800 800 800 800 800 800 800 800 800 800 800 800 800 800 800 800 800 800 800 800 800 800 800 800 800 800 800 800 800 800 800 800 800 800 800 800 800 800 800 800 800 800 800 800 800 800 800 800 800 800 800 800 800 800 800 800 800 800 800 800 800 800 800 800 800 800 800 800 800 800 800 800 800 800 800 800 800 800 800 800 800 800 800 800 800 800 800 800 800 800 800 800 800 800 800 800 800 800 800 800 800 800 800 800 800 800 800 800 800 800 800 800 800 800 800 800 800 800 800 800 800 800 800 800 800 800 800 800 800 800 800 800 800 800 800 800 800 800 800 800 800 800 800 800 800 800 800 800 800 800 800 800 800 800 800 800 800 800 800 800 800 800 800 800 800 800 800 800 800 800 800 800 800 800 800 800 800 800 800 800 800 800 800 800 800 800 800 800 800 800 800 800 800 800 800 800 800 800 800 800 800 800 800 800 800 800 800 800 800 800 800 800 800 800 800 800 800 800 800 800 800 800 800 800 800 800 800 800 800 800 800 800 800 800 800 800 800 800 800 800 800 800 800 800 800 800 800 800 800 800 800 800 800 800 800 800 800 800 800 800 800 800 800 800 800 800 800 800 800 800 800 800 800 800 800 800 800 800 800 800 800 800 800 800 800 800 800 800 800 800 800 800 800 800 800 800 800 800 800 800 800 800 800 800 800 800 800 800 800 800 800 800 800 800 800 800 800 800 800 800 800 800 800 800 800 800 800 800 800 800 800 800 800 800 800 800 800 800 800 800 800 800 800 800 800 800 800 800 800 800 800 800 800 800 800 800 800 800 800 800 800 800 800 800 800 800 800 800 800 800 800 800 800 800 800 800 800 800 800 800 800 800 800 800 800 800 800 800 800 800 800 800 800 800 800 800 800 800 800 800 800 800 800 800 800 800 800 800 800 800 800 800 800 800 800 800 800 800 800 800 800 800 800 800 800 800 800 800 800 800 800 800 800 800 800 800 800 800 800 800 800 800 800 800 800 800 800 800 800 800 800 800 800 800 800 800 800 800 800 800 800 800 800 800 800 800 800 800 800 800 800 800 800 800 800 800 800 800 800 800 800 800 800 800 800 800 800 800 800 800 800 800 800 800 800 800 800 800 800 800 800 800 800 800 800 800 800 800 800 800 800 800 800 800 800 800 800 800 800 800 800 800 800 800 800 800 800 800 800 800 800 800 800 800 800 800 800 800 800 800 800 800 800 800 800 800 800 800 800 800 800 800 800 800 800 800 800 800 800 800 800 800 800 800 800 800 800 800 800 800 800 800 800 800 800 800 800 800 800 800 800 800 800 800 800 800 800 800 800 800 800 800 800 800 800 800 800 800 800 800 800 800 
Weight factor: 0.8
Crossover rate: 0.9
Max iteration: 6000
Best solution: 
[587, 351, 223, 779, 569, 675, 312, 614, 288, 330, 575, 496, 498, 221, 169, 691, 476, 155, 376, 535, 482, 287, 101, 796, 57, 543, 724, 466, 674, 767, 159, 60, 370, 5, 230, 302, 162, 175, 452, 110, 528, 468, 292, 539, 180, 708, 644, 638, 34, 209, 414, 331, 324, 86, 461, 145, 558, 760, 526, 39, 100, 565, 137, 70, 20, 762, 13, 778, 676, 663, 30, 737, 454, 486, 533, 771, 289, 537, 652, 514, 395, 381, 59, 555, 510, 3, 576, 309, 462, 32, 63, 782, 410, 578, 208, 37, 328, 205, 255, 92, 259, 431, 623, 186, 503, 421, 401, 114, 174, 242, 740, 757, 536, 481, 285, 400, 542, 294, 701, 790, 681, 36, 404, 218, 387, 296, 135, 491, 697, 650, 128, 25, 490, 42, 439, 530, 283, 567, 515, 268, 183, 377, 556, 33, 768, 484, 121, 611, 775, 641, 298, 602, 428, 781, 600, 678, 402, 54, 509, 87, 591, 238, 10, 318, 249, 337, 751, 215, 316, 579, 278, 594, 6, 115, 266, 385, 453, 599, 261, 306, 108, 157, 625, 464, 344, 222, 61, 150, 631, 304, 251, 307, 228, 211, 426, 112, 791, 730, 666, 75, 201, 545, 212, 552, 98, 603, 755, 465, 141, 367, 146, 368, 81, 227, 438, 462, 662, 23, 707, 734, 69, 52, 713, 640, 246, 589, 706, 382, 456, 56, 48, 529, 327, 43, 693, 279, 19, 477, 593, 116, 677, 700, 168, 109, 488, 321, 349, 444, 322, 357, 377, 416, 77, 435, 41, 396, 142, 748, 360, 392, 132, 605, 181, 660, 689, 406, 765, 789, 76, 794, 646, 15, 615, 571, 346, 176, 173, 685, 521, 171, 437, 99, 736, 590, 372, 636, 415, 422, 443, 281, 562, 715, 163, 417, 131, 117, 506, 260, 747, 714, 420, 461, 709, 18, 729, 14, 79, 566, 489, 582, 341, 472, 275, 732, 204, 196, 244, 47, 758, 258, 371, 786, 185, 53, 305, 493, 460, 492, 548, 379, 704, 754, 167, 4, 130, 772, 798, 139, 485, 797, 257, 348, 696, 692, 473, 750, 345, 364, 698, 458, 80, 274, 448, 84, 517, 726, 523, 560, 688, 210, 154, 451, 45, 252, 401, 286, 93, 35, 193, 551, 120, 229, 195, 780, 433, 586, 440, 422, 156, 648, 664, 340, 187, 352, 213, 44, 570, 206, 471, 386, 447, 666, 446, 583, 325, 436, 226, 787, 455, 739, 505, 0, 358, 618, 247, 634, 721, 380, 607, 26, 182, 164, 702, 66, 723, 684, 568, 85, 686, 773, 407, 329, 374, 299, 73, 198, 557, 434, 11, 764, 449, 763, 795, 125, 753, 254, 190, 659, 743, 667, 561, 234, 144, 738, 694, 516, 424, 512, 727, 129, 705, 632, 49, 326, 759, 507, 232, 527, 777, 72, 744, 577, 235, 619, 620, 9, 147, 770, 725, 78, 494, 214, 581, 202, 617, 369, 668, 413, 111, 671, 243, 405, 776, 366, 236, 733, 65, 459, 534, 2, 717, 580, 1, 253, 595, 423, 197, 240, 601, 792, 735, 649, 107, 784, 799, 463, 598, 241, 297, 375, 661, 216, 166, 653, 511, 320, 549, 642, 388, 457, 192, 96, 728, 189, 350, 746, 522, 272, 695, 793, 64, 647, 752, 669, 783, 553, 126, 596, 597, 673, 627, 624, 106, 609, 332, 225, 613, 236, 520, 355, 518, 679, 390, 284, 152, 554, 637, 82, 722, 17, 469, 267, 540, 639, 300, 119, 479, 263, 353, 16, 88, 94, 427, 177, 710, 475, 148, 450, 531, 363, 584, 467, 138, 651, 46, 616, 419, 745, 573, 384, 403, 264, 203, 184, 418, 731, 687, 262, 629, 389, 104, 532, 29, 719, 359, 658, 502, 690, 342, 317, 399, 188, 343, 574, 680, 749, 265, 655, 140, 237, 12, 513, 217, 643, 219, 271, 282, 178, 504, 58, 50, 118, 761, 495, 250, 408, 123, 295, 124, 314, 626, 40, 409, 769, 248, 564, 347, 610, 89, 323, 315, 391, 470, 21, 172, 756, 525, 445, 683, 207, 788, 720, 356, 170, 136, 220, 654, 179, 742, 149, 165, 741, 27, 592, 102, 143, 373, 699, 411, 480, 71, 633, 554, 191, 519, 7, 319, 200, 67, 612, 766, 718, 425, 339, 378, 547, 546, 365, 113, 672, 412, 497, 474, 525, 90, 501, 563, 471, 635, 217, 604, 785, 68, 91, 383, 716, 308, 572, 588, 397, 524, 628, 301, 233, 239, 622, 508, 538, 550, 362, 430, 310, 95, 153, 103, 31, 313, 432, 62, 499, 394, 291, 224, 478, 442, 231, 630, 585, 83, 621, 656, 127, 122, 293, 276, 333, 800, 670, 441, 487, 541, 280, 645, 404, 665, 133, 500, 429, 97, 483, 194, 393, 657, 544, 712, 28, 22, 151, 256, 51, 290, 24, 245, 160, 8, 608, 74, 559, 703, 338, 55, 199, 277, 584, 273, 606, 398, 105, 38, 336, 303, ]
Best fitness: 51.2824
SEED: 13069

Solution Bins: 
Bin Number: 181
31538 28540 28518 23329 30744 25965 5972 29648 27608 19679 30792 21126 31376 27740 27188 28672 30946 29480 29560 30142 31540 28335 29784 26766 31430 31164 25184 19895 30960 30420 31292 23127 31370 31118 24896 31414 28294 25672 24439 26084 26533 26263 11972 27407 27756 19812 31508 27227 25746 30718 31093 28502 28715 31119 30265 28474 31516 27672 29531 31384 31210 30876 30870 31203 30815 30672 27676 28696 28474 30084 28955 28880 31359 22355 28215 29440 29134 28412 29498 30149 17024 30340 31468 16568 27856 28191 28756 31008 29414 29516 27743 27750 26967 29349 25200 31212 29130 28429 31488 27238 29438 30983 31281 30182 30726 31519 30825 30850 29420 28039 31064 30146 28174 30396 29789 21585 25082 27288 24374 30793 31086 28976 29902 30959 30419 25574 26924 28786 31481 31431 18728 21904 28405 31270 26390 26286 18608 24552 24818 30493 29752 30640 25738 28908 28194 26697 31264 28826 25346 25244 25060 27972 14807 28771 30794 30611 14943 31599 27347 28337 19247 28960 24873 27923 31596 16402 29521 27754 31559 28342 7334 31279 31019 24929 27583 28052 24502 31344 27542 28468 26366 
Elapsed time: 340 s
----------------------------------------

