Population size: 600
Problem dimension: 60
Lower bound: 
0 0 0 0 0 0 0 0 0 0 0 0 0 0 0 0 0 0 0 0 0 0 0 0 0 0 0 0 0 0 0 0 0 0 0 0 0 0 0 0 0 0 0 0 0 0 0 0 0 0 0 0 0 0 0 0 0 0 0 0 
Upper bound: 
59 59 59 59 59 59 59 59 59 59 59 59 59 59 59 59 59 59 59 59 59 59 59 59 59 59 59 59 59 59 59 59 59 59 59 59 59 59 59 59 59 59 59 59 59 59 59 59 59 59 59 59 59 59 59 59 59 59 59 59 
Weight factor: 0.8
Crossover rate: 0.9
Max iteration: 6000
Best solution: 
[12, 48, 51, 0, 33, 24, 36, 50, 27, 32, 16, 57, 39, 55, 4, 1, 54, 38, 15, 28, 21, 25, 35, 58, 23, 43, 44, 31, 40, 47, 13, 10, 53, 17, 22, 5, 29, 19, 30, 56, 52, 14, 18, 46, 34, 26, 20, 11, 6, 45, 41, 9, 37, 8, 42, 7, 49, 59, 3, 2, ]
Best fitness: 0.965358
SEED: 23

Solution Bins: 
Bin Number: 15
939 935 984 995 900 995 895 938 979 973 997 1000 989 995 986 
Elapsed time: 42 s


----------------------------------------

Population size: 600
Problem dimension: 60
Lower bound: 
0 0 0 0 0 0 0 0 0 0 0 0 0 0 0 0 0 0 0 0 0 0 0 0 0 0 0 0 0 0 0 0 0 0 0 0 0 0 0 0 0 0 0 0 0 0 0 0 0 0 0 0 0 0 0 0 0 0 0 0 
Upper bound: 
59 59 59 59 59 59 59 59 59 59 59 59 59 59 59 59 59 59 59 59 59 59 59 59 59 59 59 59 59 59 59 59 59 59 59 59 59 59 59 59 59 59 59 59 59 59 59 59 59 59 59 59 59 59 59 59 59 59 59 59 
Weight factor: 0.8
Crossover rate: 0.9
Max iteration: 6000
Best solution: 
[38, 18, 25, 22, 46, 43, 8, 54, 4, 0, 40, 58, 42, 1, 41, 23, 3, 56, 33, 16, 28, 9, 59, 6, 39, 53, 52, 35, 5, 13, 29, 36, 17, 50, 12, 27, 51, 37, 14, 45, 26, 24, 57, 48, 11, 34, 44, 21, 15, 30, 49, 31, 10, 55, 32, 47, 20, 19, 2, 7, ]
Best fitness: 0.985694
SEED: 560

Solution Bins: 
Bin Number: 15
991 980 961 999 823 979 971 997 960 991 990 934 999 981 928 
Elapsed time: 42 s


----------------------------------------

Population size: 600
Problem dimension: 60
Lower bound: 
0 0 0 0 0 0 0 0 0 0 0 0 0 0 0 0 0 0 0 0 0 0 0 0 0 0 0 0 0 0 0 0 0 0 0 0 0 0 0 0 0 0 0 0 0 0 0 0 0 0 0 0 0 0 0 0 0 0 0 0 
Upper bound: 
59 59 59 59 59 59 59 59 59 59 59 59 59 59 59 59 59 59 59 59 59 59 59 59 59 59 59 59 59 59 59 59 59 59 59 59 59 59 59 59 59 59 59 59 59 59 59 59 59 59 59 59 59 59 59 59 59 59 59 59 
Weight factor: 0.8
Crossover rate: 0.9
Max iteration: 6000
Best solution: 
[51, 7, 36, 35, 19, 46, 21, 17, 10, 45, 44, 31, 14, 32, 28, 34, 11, 58, 55, 30, 29, 59, 12, 5, 33, 15, 38, 25, 57, 2, 52, 1, 24, 43, 18, 23, 49, 56, 4, 42, 0, 9, 8, 3, 54, 53, 39, 48, 16, 20, 50, 27, 13, 37, 47, 26, 22, 41, 6, 40, ]
Best fitness: 0.800208
SEED: 800

Solution Bins: 
Bin Number: 15
992 989 962 985 920 968 943 984 988 981 925 985 995 998 975 
Elapsed time: 42 s


----------------------------------------

Population size: 600
Problem dimension: 60
Lower bound: 
0 0 0 0 0 0 0 0 0 0 0 0 0 0 0 0 0 0 0 0 0 0 0 0 0 0 0 0 0 0 0 0 0 0 0 0 0 0 0 0 0 0 0 0 0 0 0 0 0 0 0 0 0 0 0 0 0 0 0 0 
Upper bound: 
59 59 59 59 59 59 59 59 59 59 59 59 59 59 59 59 59 59 59 59 59 59 59 59 59 59 59 59 59 59 59 59 59 59 59 59 59 59 59 59 59 59 59 59 59 59 59 59 59 59 59 59 59 59 59 59 59 59 59 59 
Weight factor: 0.8
Crossover rate: 0.9
Max iteration: 6000
Best solution: 
[28, 11, 52, 57, 4, 38, 53, 15, 31, 12, 39, 33, 0, 1, 21, 46, 50, 5, 34, 59, 13, 25, 49, 41, 17, 23, 36, 8, 3, 9, 2, 7, 55, 47, 6, 45, 42, 51, 16, 20, 32, 30, 35, 18, 14, 43, 10, 40, 58, 27, 29, 24, 26, 19, 48, 22, 56, 37, 44, 54, ]
Best fitness: 0.793183
SEED: 326

Solution Bins: 
Bin Number: 15
988 999 984 969 981 996 990 911 917 985 988 957 965 977 986 
Elapsed time: 42 s


----------------------------------------

Population size: 600
Problem dimension: 60
Lower bound: 
0 0 0 0 0 0 0 0 0 0 0 0 0 0 0 0 0 0 0 0 0 0 0 0 0 0 0 0 0 0 0 0 0 0 0 0 0 0 0 0 0 0 0 0 0 0 0 0 0 0 0 0 0 0 0 0 0 0 0 0 
Upper bound: 
59 59 59 59 59 59 59 59 59 59 59 59 59 59 59 59 59 59 59 59 59 59 59 59 59 59 59 59 59 59 59 59 59 59 59 59 59 59 59 59 59 59 59 59 59 59 59 59 59 59 59 59 59 59 59 59 59 59 59 59 
Weight factor: 0.8
Crossover rate: 0.9
Max iteration: 6000
Best solution: 
[55, 39, 4, 48, 30, 13, 33, 47, 20, 56, 21, 59, 12, 3, 8, 6, 32, 58, 37, 0, 5, 25, 35, 11, 38, 7, 31, 19, 34, 57, 17, 15, 50, 36, 43, 10, 29, 16, 28, 27, 26, 22, 51, 49, 2, 1, 18, 44, 24, 54, 9, 46, 45, 52, 40, 14, 23, 42, 41, 53, ]
Best fitness: 0.690046
SEED: 819

Solution Bins: 
Bin Number: 15
995 996 970 882 995 945 977 954 998 998 982 997 988 970 997 
Elapsed time: 41 s
----------------------------------------

Population size: 600
Problem dimension: 60
Lower bound: 
0 0 0 0 0 0 0 0 0 0 0 0 0 0 0 0 0 0 0 0 0 0 0 0 0 0 0 0 0 0 0 0 0 0 0 0 0 0 0 0 0 0 0 0 0 0 0 0 0 0 0 0 0 0 0 0 0 0 0 0 
Upper bound: 
59 59 59 59 59 59 59 59 59 59 59 59 59 59 59 59 59 59 59 59 59 59 59 59 59 59 59 59 59 59 59 59 59 59 59 59 59 59 59 59 59 59 59 59 59 59 59 59 59 59 59 59 59 59 59 59 59 59 59 59 
Weight factor: 0.8
Crossover rate: 0.9
Max iteration: 6000
Best solution: 
[37, 15, 43, 32, 4, 3, 24, 5, 54, 40, 59, 33, 6, 55, 53, 20, 30, 50, 0, 46, 8, 45, 14, 13, 51, 28, 1, 38, 41, 9, 25, 11, 47, 58, 34, 49, 17, 18, 52, 21, 22, 35, 7, 12, 48, 39, 57, 36, 27, 16, 31, 10, 44, 29, 19, 56, 2, 42, 23, 26, ]
Best fitness: 0.885643
SEED: 26805

Solution Bins: 
Bin Number: 15
925 938 979 997 926 979 971 978 935 995 1000 953 973 998 998 
Elapsed time: 40 s
----------------------------------------

Population size: 600
Problem dimension: 60
Lower bound: 
0 0 0 0 0 0 0 0 0 0 0 0 0 0 0 0 0 0 0 0 0 0 0 0 0 0 0 0 0 0 0 0 0 0 0 0 0 0 0 0 0 0 0 0 0 0 0 0 0 0 0 0 0 0 0 0 0 0 0 0 
Upper bound: 
59 59 59 59 59 59 59 59 59 59 59 59 59 59 59 59 59 59 59 59 59 59 59 59 59 59 59 59 59 59 59 59 59 59 59 59 59 59 59 59 59 59 59 59 59 59 59 59 59 59 59 59 59 59 59 59 59 59 59 59 
Weight factor: 0.8
Crossover rate: 0.9
Max iteration: 6000
Best solution: 
[29, 51, 11, 48, 40, 18, 21, 35, 30, 24, 26, 56, 0, 19, 52, 12, 3, 57, 38, 5, 44, 55, 43, 39, 6, 25, 4, 45, 49, 7, 16, 27, 37, 22, 54, 17, 15, 10, 9, 34, 42, 28, 33, 13, 31, 41, 8, 1, 14, 36, 23, 20, 46, 58, 47, 2, 59, 32, 53, 50, ]
Best fitness: 0.834769
SEED: 734

Solution Bins: 
Bin Number: 15
982 997 1000 858 882 997 992 1000 969 991 995 992 913 999 994 
Elapsed time: 40 s
----------------------------------------

Population size: 600
Problem dimension: 60
Lower bound: 
0 0 0 0 0 0 0 0 0 0 0 0 0 0 0 0 0 0 0 0 0 0 0 0 0 0 0 0 0 0 0 0 0 0 0 0 0 0 0 0 0 0 0 0 0 0 0 0 0 0 0 0 0 0 0 0 0 0 0 0 
Upper bound: 
59 59 59 59 59 59 59 59 59 59 59 59 59 59 59 59 59 59 59 59 59 59 59 59 59 59 59 59 59 59 59 59 59 59 59 59 59 59 59 59 59 59 59 59 59 59 59 59 59 59 59 59 59 59 59 59 59 59 59 59 
Weight factor: 0.8
Crossover rate: 0.9
Max iteration: 6000
Best solution: 
[8, 49, 58, 55, 48, 16, 54, 35, 21, 57, 22, 15, 30, 27, 14, 47, 32, 44, 10, 43, 45, 51, 4, 46, 25, 24, 52, 3, 56, 34, 9, 37, 38, 19, 20, 42, 12, 6, 29, 40, 39, 11, 18, 50, 36, 5, 59, 17, 2, 41, 0, 1, 23, 53, 7, 33, 13, 31, 28, 26, ]
Best fitness: 1.24048
SEED: 16867

Solution Bins: 
Bin Number: 15
954 889 964 995 989 998 959 974 999 855 963 999 839 969 1000 
Elapsed time: 41 s
----------------------------------------

Population size: 600
Problem dimension: 60
Lower bound: 
0 0 0 0 0 0 0 0 0 0 0 0 0 0 0 0 0 0 0 0 0 0 0 0 0 0 0 0 0 0 0 0 0 0 0 0 0 0 0 0 0 0 0 0 0 0 0 0 0 0 0 0 0 0 0 0 0 0 0 0 
Upper bound: 
59 59 59 59 59 59 59 59 59 59 59 59 59 59 59 59 59 59 59 59 59 59 59 59 59 59 59 59 59 59 59 59 59 59 59 59 59 59 59 59 59 59 59 59 59 59 59 59 59 59 59 59 59 59 59 59 59 59 59 59 
Weight factor: 0.8
Crossover rate: 0.9
Max iteration: 6000
Best solution: 
[32, 8, 30, 51, 10, 52, 42, 2, 39, 56, 37, 38, 43, 7, 40, 47, 5, 41, 44, 22, 48, 14, 45, 21, 17, 46, 25, 24, 49, 35, 59, 55, 6, 50, 15, 3, 0, 36, 53, 13, 26, 16, 34, 19, 27, 1, 18, 29, 33, 57, 12, 54, 31, 11, 58, 20, 23, 28, 4, 9, ]
Best fitness: 1.21241
SEED: 28108

Solution Bins: 
Bin Number: 15
737 939 1000 991 992 995 992 901 961 967 1000 975 971 964 964 
Elapsed time: 41 s
----------------------------------------

Population size: 600
Problem dimension: 60
Lower bound: 
0 0 0 0 0 0 0 0 0 0 0 0 0 0 0 0 0 0 0 0 0 0 0 0 0 0 0 0 0 0 0 0 0 0 0 0 0 0 0 0 0 0 0 0 0 0 0 0 0 0 0 0 0 0 0 0 0 0 0 0 
Upper bound: 
59 59 59 59 59 59 59 59 59 59 59 59 59 59 59 59 59 59 59 59 59 59 59 59 59 59 59 59 59 59 59 59 59 59 59 59 59 59 59 59 59 59 59 59 59 59 59 59 59 59 59 59 59 59 59 59 59 59 59 59 
Weight factor: 0.8
Crossover rate: 0.9
Max iteration: 6000
Best solution: 
[28, 59, 12, 4, 29, 50, 10, 19, 25, 21, 35, 53, 3, 5, 37, 39, 20, 27, 55, 18, 43, 46, 7, 49, 32, 45, 11, 44, 33, 15, 56, 17, 51, 14, 47, 54, 9, 30, 58, 26, 36, 22, 31, 0, 1, 23, 42, 16, 24, 2, 40, 41, 6, 13, 8, 34, 48, 52, 57, 38, ]
Best fitness: 1.06735
SEED: 14853

Solution Bins: 
Bin Number: 15
976 988 995 922 956 907 832 940 999 988 989 969 989 992 999 
Elapsed time: 41 s
----------------------------------------

Population size: 600
Problem dimension: 60
Lower bound: 
0 0 0 0 0 0 0 0 0 0 0 0 0 0 0 0 0 0 0 0 0 0 0 0 0 0 0 0 0 0 0 0 0 0 0 0 0 0 0 0 0 0 0 0 0 0 0 0 0 0 0 0 0 0 0 0 0 0 0 0 
Upper bound: 
59 59 59 59 59 59 59 59 59 59 59 59 59 59 59 59 59 59 59 59 59 59 59 59 59 59 59 59 59 59 59 59 59 59 59 59 59 59 59 59 59 59 59 59 59 59 59 59 59 59 59 59 59 59 59 59 59 59 59 59 
Weight factor: 0.8
Crossover rate: 0.9
Max iteration: 6000
Best solution: 
[11, 32, 36, 57, 59, 56, 41, 6, 55, 47, 8, 17, 3, 25, 1, 14, 26, 52, 4, 29, 12, 45, 43, 13, 28, 37, 40, 48, 16, 20, 53, 44, 24, 18, 22, 9, 33, 46, 31, 21, 49, 15, 2, 30, 27, 23, 39, 51, 5, 58, 0, 35, 34, 10, 19, 50, 7, 38, 54, 42, ]
Best fitness: 1.10333
SEED: 21684

Solution Bins: 
Bin Number: 15
999 776 962 822 978 988 993 995 988 997 990 974 963 999 981 
Elapsed time: 41 s
----------------------------------------

Population size: 600
Problem dimension: 60
Lower bound: 
0 0 0 0 0 0 0 0 0 0 0 0 0 0 0 0 0 0 0 0 0 0 0 0 0 0 0 0 0 0 0 0 0 0 0 0 0 0 0 0 0 0 0 0 0 0 0 0 0 0 0 0 0 0 0 0 0 0 0 0 
Upper bound: 
59 59 59 59 59 59 59 59 59 59 59 59 59 59 59 59 59 59 59 59 59 59 59 59 59 59 59 59 59 59 59 59 59 59 59 59 59 59 59 59 59 59 59 59 59 59 59 59 59 59 59 59 59 59 59 59 59 59 59 59 
Weight factor: 0.8
Crossover rate: 0.9
Max iteration: 6000
Best solution: 
[22, 1, 41, 27, 11, 59, 54, 33, 6, 56, 53, 9, 31, 52, 0, 7, 13, 5, 34, 17, 29, 21, 39, 16, 24, 43, 3, 49, 57, 40, 51, 20, 14, 19, 12, 36, 44, 58, 38, 10, 35, 55, 42, 15, 28, 2, 23, 37, 18, 48, 26, 25, 30, 46, 4, 50, 45, 8, 47, 32, ]
Best fitness: 0.977883
SEED: 30985

Solution Bins: 
Bin Number: 15
829 985 995 988 839 965 991 987 994 969 982 958 1000 1000 999 
Elapsed time: 41 s
----------------------------------------

Population size: 600
Problem dimension: 60
Lower bound: 
0 0 0 0 0 0 0 0 0 0 0 0 0 0 0 0 0 0 0 0 0 0 0 0 0 0 0 0 0 0 0 0 0 0 0 0 0 0 0 0 0 0 0 0 0 0 0 0 0 0 0 0 0 0 0 0 0 0 0 0 
Upper bound: 
59 59 59 59 59 59 59 59 59 59 59 59 59 59 59 59 59 59 59 59 59 59 59 59 59 59 59 59 59 59 59 59 59 59 59 59 59 59 59 59 59 59 59 59 59 59 59 59 59 59 59 59 59 59 59 59 59 59 59 59 
Weight factor: 0.8
Crossover rate: 0.9
Max iteration: 6000
Best solution: 
[29, 10, 54, 32, 47, 19, 17, 22, 4, 9, 46, 15, 49, 30, 16, 43, 53, 6, 55, 24, 23, 33, 28, 21, 31, 38, 45, 12, 39, 40, 11, 2, 14, 36, 25, 18, 59, 26, 35, 8, 42, 20, 13, 27, 37, 56, 3, 58, 57, 41, 0, 1, 34, 5, 48, 51, 52, 50, 44, 7, ]
Best fitness: 1.13256
SEED: 6033

Solution Bins: 
Bin Number: 15
981 998 896 936 975 999 931 959 845 967 1000 998 976 969 979 
Elapsed time: 41 s
----------------------------------------

Population size: 600
Problem dimension: 60
Lower bound: 
0 0 0 0 0 0 0 0 0 0 0 0 0 0 0 0 0 0 0 0 0 0 0 0 0 0 0 0 0 0 0 0 0 0 0 0 0 0 0 0 0 0 0 0 0 0 0 0 0 0 0 0 0 0 0 0 0 0 0 0 
Upper bound: 
59 59 59 59 59 59 59 59 59 59 59 59 59 59 59 59 59 59 59 59 59 59 59 59 59 59 59 59 59 59 59 59 59 59 59 59 59 59 59 59 59 59 59 59 59 59 59 59 59 59 59 59 59 59 59 59 59 59 59 59 
Weight factor: 0.8
Crossover rate: 0.9
Max iteration: 6000
Best solution: 
[9, 10, 13, 35, 26, 34, 55, 51, 27, 31, 12, 40, 19, 21, 1, 20, 42, 17, 3, 50, 8, 33, 53, 37, 23, 24, 41, 25, 49, 22, 52, 2, 0, 36, 29, 15, 32, 54, 56, 4, 39, 7, 38, 14, 28, 44, 43, 5, 45, 59, 47, 30, 11, 6, 48, 16, 18, 46, 57, 58, ]
Best fitness: 0.996766
SEED: 8014

Solution Bins: 
Bin Number: 15
849 927 880 994 1000 999 984 968 968 975 993 962 993 986 1000 
Elapsed time: 41 s
----------------------------------------

Population size: 600
Problem dimension: 60
Lower bound: 
0 0 0 0 0 0 0 0 0 0 0 0 0 0 0 0 0 0 0 0 0 0 0 0 0 0 0 0 0 0 0 0 0 0 0 0 0 0 0 0 0 0 0 0 0 0 0 0 0 0 0 0 0 0 0 0 0 0 0 0 
Upper bound: 
59 59 59 59 59 59 59 59 59 59 59 59 59 59 59 59 59 59 59 59 59 59 59 59 59 59 59 59 59 59 59 59 59 59 59 59 59 59 59 59 59 59 59 59 59 59 59 59 59 59 59 59 59 59 59 59 59 59 59 59 
Weight factor: 0.8
Crossover rate: 0.9
Max iteration: 6000
Best solution: 
[20, 11, 1, 4, 2, 42, 57, 32, 7, 28, 14, 39, 24, 49, 17, 25, 37, 51, 12, 35, 31, 16, 45, 18, 19, 59, 13, 41, 27, 48, 52, 50, 9, 38, 8, 56, 44, 22, 23, 29, 30, 15, 58, 43, 5, 3, 10, 33, 46, 36, 26, 21, 34, 54, 53, 6, 40, 0, 55, 47, ]
Best fitness: 0.944747
SEED: 3143

Solution Bins: 
Bin Number: 15
775 939 994 997 999 997 1000 988 951 963 961 974 986 996 977 
Elapsed time: 41 s
----------------------------------------

Population size: 600
Problem dimension: 60
Lower bound: 
0 0 0 0 0 0 0 0 0 0 0 0 0 0 0 0 0 0 0 0 0 0 0 0 0 0 0 0 0 0 0 0 0 0 0 0 0 0 0 0 0 0 0 0 0 0 0 0 0 0 0 0 0 0 0 0 0 0 0 0 
Upper bound: 
59 59 59 59 59 59 59 59 59 59 59 59 59 59 59 59 59 59 59 59 59 59 59 59 59 59 59 59 59 59 59 59 59 59 59 59 59 59 59 59 59 59 59 59 59 59 59 59 59 59 59 59 59 59 59 59 59 59 59 59 
Weight factor: 0.8
Crossover rate: 0.9
Max iteration: 6000
Best solution: 
[54, 10, 43, 22, 36, 57, 6, 38, 45, 27, 17, 53, 49, 15, 19, 52, 39, 31, 21, 26, 9, 2, 34, 30, 33, 13, 0, 51, 20, 18, 3, 25, 14, 46, 7, 28, 56, 11, 8, 32, 23, 35, 58, 50, 48, 4, 5, 16, 24, 44, 40, 59, 1, 47, 29, 12, 37, 41, 42, 55, ]
Best fitness: 0.86687
SEED: 28225

Solution Bins: 
Bin Number: 15
946 984 957 996 931 903 996 988 991 981 937 996 988 994 966 
Elapsed time: 41 s
----------------------------------------

Population size: 600
Problem dimension: 60
Lower bound: 
0 0 0 0 0 0 0 0 0 0 0 0 0 0 0 0 0 0 0 0 0 0 0 0 0 0 0 0 0 0 0 0 0 0 0 0 0 0 0 0 0 0 0 0 0 0 0 0 0 0 0 0 0 0 0 0 0 0 0 0 
Upper bound: 
59 59 59 59 59 59 59 59 59 59 59 59 59 59 59 59 59 59 59 59 59 59 59 59 59 59 59 59 59 59 59 59 59 59 59 59 59 59 59 59 59 59 59 59 59 59 59 59 59 59 59 59 59 59 59 59 59 59 59 59 
Weight factor: 0.8
Crossover rate: 0.9
Max iteration: 6000
Best solution: 
[4, 47, 52, 2, 37, 6, 43, 25, 39, 30, 18, 1, 59, 49, 3, 28, 53, 55, 8, 26, 54, 5, 34, 48, 44, 50, 7, 27, 20, 14, 51, 31, 29, 42, 12, 22, 9, 40, 35, 45, 11, 10, 36, 56, 24, 13, 17, 19, 32, 41, 58, 46, 15, 21, 33, 23, 16, 38, 0, 57, ]
Best fitness: 0.805204
SEED: 27990

Solution Bins: 
Bin Number: 15
994 1000 944 986 951 997 978 994 990 992 833 997 934 996 992 
Elapsed time: 41 s
----------------------------------------

Population size: 600
Problem dimension: 60
Lower bound: 
0 0 0 0 0 0 0 0 0 0 0 0 0 0 0 0 0 0 0 0 0 0 0 0 0 0 0 0 0 0 0 0 0 0 0 0 0 0 0 0 0 0 0 0 0 0 0 0 0 0 0 0 0 0 0 0 0 0 0 0 
Upper bound: 
59 59 59 59 59 59 59 59 59 59 59 59 59 59 59 59 59 59 59 59 59 59 59 59 59 59 59 59 59 59 59 59 59 59 59 59 59 59 59 59 59 59 59 59 59 59 59 59 59 59 59 59 59 59 59 59 59 59 59 59 
Weight factor: 0.8
Crossover rate: 0.9
Max iteration: 6000
Best solution: 
[39, 44, 12, 58, 24, 27, 35, 48, 36, 47, 7, 43, 13, 32, 37, 8, 6, 33, 56, 45, 22, 5, 55, 53, 17, 14, 49, 41, 10, 34, 4, 57, 19, 21, 59, 50, 18, 23, 20, 2, 1, 28, 3, 0, 42, 25, 15, 40, 38, 51, 16, 26, 52, 30, 9, 54, 11, 31, 29, 46, ]
Best fitness: 0.96751
SEED: 25084

Solution Bins: 
Bin Number: 15
957 958 1000 976 995 805 996 984 972 979 947 967 994 974 988 
Elapsed time: 41 s
----------------------------------------

Population size: 600
Problem dimension: 60
Lower bound: 
0 0 0 0 0 0 0 0 0 0 0 0 0 0 0 0 0 0 0 0 0 0 0 0 0 0 0 0 0 0 0 0 0 0 0 0 0 0 0 0 0 0 0 0 0 0 0 0 0 0 0 0 0 0 0 0 0 0 0 0 
Upper bound: 
59 59 59 59 59 59 59 59 59 59 59 59 59 59 59 59 59 59 59 59 59 59 59 59 59 59 59 59 59 59 59 59 59 59 59 59 59 59 59 59 59 59 59 59 59 59 59 59 59 59 59 59 59 59 59 59 59 59 59 59 
Weight factor: 0.8
Crossover rate: 0.9
Max iteration: 6000
Best solution: 
[54, 34, 6, 31, 10, 35, 50, 19, 36, 5, 55, 21, 18, 28, 29, 12, 22, 59, 14, 57, 9, 30, 56, 8, 39, 33, 11, 17, 1, 51, 52, 27, 37, 13, 43, 41, 38, 3, 58, 53, 16, 42, 25, 2, 7, 46, 45, 0, 40, 23, 20, 4, 32, 47, 26, 44, 48, 15, 24, 49, ]
Best fitness: 0.599222
SEED: 19338

Solution Bins: 
Bin Number: 15
992 969 991 988 978 985 987 994 950 999 989 984 986 914 988 
Elapsed time: 41 s
----------------------------------------

Population size: 600
Problem dimension: 60
Lower bound: 
0 0 0 0 0 0 0 0 0 0 0 0 0 0 0 0 0 0 0 0 0 0 0 0 0 0 0 0 0 0 0 0 0 0 0 0 0 0 0 0 0 0 0 0 0 0 0 0 0 0 0 0 0 0 0 0 0 0 0 0 
Upper bound: 
59 59 59 59 59 59 59 59 59 59 59 59 59 59 59 59 59 59 59 59 59 59 59 59 59 59 59 59 59 59 59 59 59 59 59 59 59 59 59 59 59 59 59 59 59 59 59 59 59 59 59 59 59 59 59 59 59 59 59 59 
Weight factor: 0.8
Crossover rate: 0.9
Max iteration: 6000
Best solution: 
[37, 10, 32, 50, 2, 55, 43, 59, 31, 15, 29, 26, 42, 35, 8, 11, 25, 23, 45, 58, 1, 7, 13, 19, 41, 22, 46, 38, 12, 33, 51, 39, 5, 57, 48, 16, 20, 47, 52, 0, 3, 28, 56, 17, 14, 6, 24, 36, 21, 49, 40, 34, 9, 53, 54, 44, 4, 18, 30, 27, ]
Best fitness: 0.48571
SEED: 8402

Solution Bins: 
Bin Number: 15
1000 999 976 1000 972 918 991 983 977 996 967 990 994 996 993 
Elapsed time: 42 s
----------------------------------------

