300.051700
300.086800
301.506200
300.002300
300.164400
300.016500
300.019500
301.119100
300.025200
300.404100
300.012000
300.344000
300.014900
300.069200
300.027200
300.152300
300.002400
300.067900
300.179800
303.481600
300.049600
300.328100
300.047900
300.013000
301.423100
300.001700
300.148200
300.265300
300.024800
300.218300
300.405500
301.517100
301.552900
300.046700
300.008700
300.432600
300.097100
302.384300
300.006000
300.078800
300.103500
300.107300
300.065900
300.443600
300.155500
300.000100
300.068300
300.008600
300.225200
300.126200
300.287700