600.0238637375813
600.0976558781301
600.5259251100674
600.3630779946526
600.0979823843252
600.2431380916743
601.0255618143832
600.0163551777517
600.016712297911
600.057598463215
601.025591161505
600.157414153292
600.4064723506579
600.2431431276337
600.2432534826667
600.5258222175047
601.0256744873236
600.3629130495526
600.2433921428303
600.3634087738602
600.0331884554963
601.025566268201
600.2431839577615
600.0164618379057
600.5258198904123
600.5258479034056
601.8485751652962
600.1573240537996
600.3638057304078
600.5258211304371
600.7425820066045
600.0576170730302
600.3629204385377
600.2448889685974
601.0255611805316
600.2431375012882
600.1573344635193
600.2588182004029
600.157312957022
600.0584248907118
600.1578705207934
600.2057639226558
600.2432287197905
600.1573100917175
600.2936317126143
600.1712799555661
600.0094689970819
601.0255994850784
600.243136216242
600.7425812613126
600.52599443384
Média: 600.380686535031
Desvio Padrão: 0.3668283804907546
Mediana: 600.2432534826667
Máximo: 601.8485751652962
Mínimo: 600.0094689970819
Variância: 0.13456306073346982
Coeficiente de Variação: 0.0006109929728216714
Coeficiente de Assimetria: 1636.6800347667286
Coeficiente de Curtose: 1636.6800347667286
