817.3768965864858
834.633218607707
749.8446988236448
794.2167872191695
798.9706226398591
855.8819148380459
843.9560688312716
793.8754556164009
845.3706418466948
826.6120502940183
798.996344814533
777.0799948507663
825.8967060389614
778.0646912711945
798.9371247641996
813.6725219559194
815.0360983313037
780.8104442756819
817.2304654726704
823.0252194776076
815.7021364371467
817.3333766074788
783.823640772748
818.4537956478383
758.1874730093198
791.5836734751732
846.5149672528289
797.7489281042324
783.8710914004724
768.3848157036488
787.6589942336843
736.546721162849
781.7272635745207
805.1409378769445
846.0654236550513
834.9186508604232
782.3380531991602
848.2035342256194
816.5083304892144
782.5621923991935
781.602682642109
780.9527159468223
811.6606121072605
823.4092387711395
767.1174995174099
776.5496937547822
799.0741439406906
799.9399644230144
773.5327022040158
814.6792668204114
820.4826850332548
Média: 802.7796700353842
Desvio Padrão: 26.805778816605525
Mediana: 799.0741439406906
Máximo: 855.8819148380459
Mínimo: 736.546721162849
Variância: 718.5497779647775
Coeficiente de Variação: 0.03339120286320156
Coeficiente de Assimetria: 29.948007686241215
Coeficiente de Curtose: 29.948007686241215
