634.8510794743464
616.7809628081111
635.7951553669157
613.6955779745883
633.7002119090945
632.8077785604387
623.4022106472713
636.0493882084834
635.4631385262246
624.3200300176667
624.4779160181907
624.3406271513882
643.2905911639824
642.5270704228949
627.4987507380175
627.3794790150774
636.124467518807
627.143122524773
632.0254313861188
631.0875248049824
628.0594728108495
616.3371049346015
623.3868851047555
636.3853899925914
626.0507245552775
619.3600846430588
620.365762908495
634.0311636185813
612.9748677056027
624.75144639746
622.5036451805629
625.882339826928
621.8010521314284
643.1728159071296
642.49512021008
627.6311743492911
625.6032378984589
627.7613879646198
622.8598794411967
628.3714915195994
640.2856012868262
626.1068697551782
624.1822509649386
621.5758117482555
631.5832501937329
617.3507201764204
627.6302016096353
629.5738607105067
625.163694174711
622.1645147814278
628.1179345835321
Média: 627.9662798298648
Desvio Padrão: 7.379047893518538
Mediana: 627.3794790150774
Máximo: 643.2905911639824
Mínimo: 612.9748677056027
Variância: 54.45034781484037
Coeficiente de Variação: 0.011750707212364568
Coeficiente de Assimetria: 85.10126087966516
Coeficiente de Curtose: 85.10126087966516
