834.3225802678437
849.747880941195
827.2709611419058
848.4941512795689
843.6411981637967
822.961654021059
836.0274513289314
832.115260218812
830.3670807392367
843.8248653880136
839.0821144050958
817.0353876461232
839.209118351905
822.1799987147906
830.1196075403597
837.6305734627114
822.2670845637433
831.7963832029966
837.5997946183147
825.0332010505541
842.7348108054886
844.968476831927
855.6636871566129
817.4796294536262
839.7595332869043
830.6042212064646
841.4805091386678
845.5570941533496
833.9976182376796
816.3253398397961
837.2079378432514
846.045564854155
822.4410521128106
852.5856014185138
853.2088884772626
842.7557354542221
832.5350866910044
841.9602211422157
831.0135645836764
838.1213357425313
847.7609439296734
840.1774424876329
846.9930915780265
825.2286884518542
849.4967947303447
841.8107713197326
864.0525737881219
849.7520158694904
841.1175907447567
833.0288677216382
831.936094056133
Média: 837.4221005912651
Desvio Padrão: 10.498849665261373
Mediana: 838.1213357425313
Máximo: 864.0525737881219
Mínimo: 816.3253398397961
Variância: 110.22584429375885
Coeficiente de Variação: 0.012537106027950086
Coeficiente de Assimetria: 79.7632242856215
Coeficiente de Curtose: 79.7632242856215
