702.6420945106929
702.086527472486
701.2292030566733
702.2407890199291
700.2932383586584
700.8634872276469
702.1811669092757
702.097144576641
700.0492125092828
701.5257423143576
702.0328820913141
701.853386270212
701.3835813509719
702.0142122182143
701.4007947884452
701.0024578482205
700.3812400610127
701.062437668945
701.0844419340896
701.0332181458982
702.2622919931954
701.6470538588098
701.0012936997889
702.1211264251687
700.9224241251897
702.0176761073344
701.0608190053222
700.0367341378369
702.1111354215217
701.1416278287475
700.6760048736394
701.3835668816092
700.2283461810737
701.5597552434991
701.009256098572
701.9927586002744
700.5812172373044
700.1011626411978
701.0022863852291
701.0605538977852
701.8492934165533
701.0027776799637
700.4868865134596
702.2735801372057
700.0000068408026
701.9995774344598
701.665878974311
701.5768999240346
700.4794162042783
701.1233281330583
702.1740557444318
Média: 701.3138441172281
Desvio Padrão: 0.6993923997665161
Mediana: 701.2292030566733
Máximo: 702.6420945106929
Mínimo: 700.0000068408026
Variância: 0.48914972885116625
Coeficiente de Variação: 0.0009972602218438586
Coeficiente de Assimetria: 1002.7473051628148
Coeficiente de Curtose: 1002.7473051628148
