440.31657895178284
408.4120718246264
400.3227605732671
402.85736459775273
402.08756612604355
405.0159654484655
401.34878735323434
401.1220066264388
412.57189007356106
415.86495746749165
426.70326892839876
402.7003716704358
404.6612990976818
401.07088454041815
402.63040425688393
402.4815693557683
401.41508712979055
401.0662078917528
404.9405848603018
469.3802117868902
404.95521107170816
413.8358759516143
402.1285962709127
404.32950689121077
401.4750818203128
401.8750374842375
431.2578706135506
403.60601419761355
404.324449764809
402.61266905517203
424.4126534662839
404.03595390904286
400.9483464634516
403.3308216045529
402.58524769046153
416.833649479523
403.6523047164369
416.39759075609516
417.7782803890864
401.844820563658
416.41225731516954
407.40951450154967
405.7459189062339
403.6065311047787
405.57639121086095
403.4028072951713
403.1842656519852
401.68159517170346
403.2050751797713
405.98191278303926
409.3277872302926
Média: 408.52399758963287
Desvio Padrão: 12.024667934942203
Mediana: 403.6523047164369
Máximo: 469.3802117868902
Mínimo: 400.3227605732671
Variância: 144.5926389456272
Coeficiente de Variação: 0.029434422471849797
Coeficiente de Assimetria: 33.973827784675244
Coeficiente de Curtose: 33.973827784675244
