500.15921471964396
500.0331127493658
500.0023047435335
500.21557759238226
500.0045901704373
500.01237209572736
500.1430728385777
500.0739191094556
500.0558614249198
500.0338800553373
500.0032770981259
500.2245564148127
500.00041069654094
500.0494018035633
500.80101119994424
500.8072236354761
500.99695659676155
500.355102766538
500.2389833088485
500.09766035332126
500.0733242441563
500.02611758842573
500.7558577435624
500.12272337335804
500.7940652949501
500.002648758881
500.0034722638553
500.23561553530067
501.001866395045
500.0018286493307
500.10923714292176
500.0906710283284
500.24067560336744
500.0809629099898
500.01338114361727
500.7137533195739
500.089459932955
500.04961627321325
500.21406662277786
500.1732777900524
500.22303148721466
500.002027638367
500.38388532614675
501.00828867712875
500.0002123324989
500.02205184160243
500.19267391439575
500.0277237319647
500.22452418096583
500.0063922075901
500.02230381978535
Média: 500.21988678714973
Desvio Padrão: 0.29492875392538
Mediana: 500.0906710283284
Máximo: 501.00828867712875
Mínimo: 500.0002123324989
Variância: 0.08698296989197735
Coeficiente de Variação: 0.0005895982181349701
Coeficiente de Assimetria: 1696.0702546951748
Coeficiente de Curtose: 1696.0702546951748
