529.22651581664
513.5974701419482
540.8911040709955
527.8681857199558
519.941050175339
521.1277229872792
514.6666023653083
530.8177635458119
529.4131008274385
549.8477425237702
520.8045329984948
522.6192308249333
511.6942237190062
531.8843978531846
523.3565291482187
522.4809007062215
535.178844296669
529.6853827905384
546.721491134445
523.9927772122464
529.735742929932
552.7215695745108
536.0025458869503
540.5796405478405
546.5647931907984
562.6285674502031
528.5304151614429
546.2086671809417
532.4530532874057
528.9468464788926
531.8655995142936
520.3939360872506
536.1573740220912
537.4076256090502
533.0625147411268
535.8574023778192
522.0165839257018
533.7851983315691
544.9426375616143
519.6178964007611
532.9070125570532
534.371137228922
551.239337937723
532.6011176792659
527.9323928446256
543.0983117829003
521.3322962903006
513.372132027534
531.1055492561007
539.6075817126472
529.7821902542166
Média: 531.8165340919594
Desvio Padrão: 10.827156655981105
Mediana: 531.1055492561007
Máximo: 562.6285674502031
Mínimo: 511.6942237190062
Variância: 117.22732125315594
Coeficiente de Variação: 0.020358819182761473
Coeficiente de Assimetria: 49.118762292792255
Coeficiente de Curtose: 49.118762292792255
