300.0517
300.0868
301.5062
300.0023
300.1644
300.0165
300.0195
301.1191
300.0252
300.4041
300.012
300.344
300.0149
300.0692
300.0272
300.1523
300.0024
300.0679
300.1798
303.4816
300.0496
300.3281
300.0479
300.013
301.4231
300.0017
300.1482
300.2653
300.0248
300.2183
300.4055
301.5171
301.5529
300.0467
300.0087
300.4326
300.0971
302.3843
300.006
300.0788
300.1035
300.1073
300.0659
300.4436
300.1555
300.0001
300.0683
300.0086
300.2252
300.1262
300.2877
Média: 300.3605627450981
Desvio Padrão: 0.6692993799374264
Mediana: 300.0971
Máximo: 303.4816
Mínimo: 300.0001
Variância: 0.4479616599846234
Coeficiente de Variação: 0.0022283197694812863
Coeficiente de Assimetria: 448.7686254440863
Coeficiente de Curtose: 448.7686254440863
