900.0006442300676
900.1377126356047
900.0003615376022
900.0001686001236
900.0345016823825
900.0025772562302
900.0124546897187
900.0115680920757
900.0031386578343
900.0319706444784
900.1798429689571
900.0146358879267
900.2045898475724
900.1738066637612
900.0018156642552
900.0045452523325
900.2056670659518
900.0216523973496
900.1397077360263
900.0003155534242
900.0065522820807
900.0014088536715
900.2110176879978
900.0042855096041
900.0013405433988
900.1256221553582
900.1226234964792
900.0037488011895
900.0536130479244
900.010278746438
900.1172052280617
900.0366439935756
900.1973286944167
900.0165473803935
900.0050013356876
900.0002462539899
900.1011771285526
900.0086486685163
900.0743195335025
900.0215666672284
900.0492182550998
900.169878852733
900.1600311408992
900.0000020676986
900.0000400972433
900.0077991927765
900.0336473950431
900.0394530266408
900.0001606736253
900.0167649670827
900.0205002736953
Média: 900.0548695885154
Desvio Padrão: 0.06920234279410166
Mediana: 900.0167649670827
Máximo: 900.2110176879978
Mínimo: 900.0000020676986
Variância: 0.004788964248192354
Coeficiente de Variação: 7.688680449641853e-05
Coeficiente de Assimetria: 13006.132932037526
Coeficiente de Curtose: 13006.132932037526
