1110.8822199287504
969.8594189885653
1136.4600725030216
976.5259454149777
1146.8561260218491
1380.925673244312
1324.071513673656
1428.9077505558685
1458.8435619132283
1080.2786254010323
1060.2804875053948
1468.8615254629378
1144.9216573781757
1140.8457575049351
1156.732184288132
1328.6565389114194
1317.2950768544945
1145.562361391605
1315.1973233467606
1006.7972197191708
1086.8139663391153
1074.4300962048226
1057.3303871732096
1349.1676841201265
1075.4475803379505
1113.6900608408466
1133.3415166499017
1266.4714680818563
1130.6433665752875
1312.4497150471973
1351.4060266983215
1188.4485897231878
1240.349466479814
1263.4394396466757
1118.5949343251505
1210.8288522451244
962.0987784494273
1548.8046954961742
1141.9378805268004
1047.1799407742349
1284.7643414898153
1027.0946453142
996.5191261366044
1189.3996633916538
1139.8464665379556
1088.5669224849926
1093.816308598018
1767.4787681205823
1059.3918905608455
1118.2015775131224
1080.8727784434839
Média: 1188.5801563595055
Desvio Padrão: 160.05522997627978
Mediana: 1140.8457575049351
Máximo: 1767.4787681205823
Mínimo: 962.0987784494273
Variância: 25617.67664275981
Coeficiente de Variação: 0.13466086331654056
Coeficiente de Assimetria: 7.426062594366041
Coeficiente de Curtose: 7.426062594366041
