400.00011073457
400.0002227643173
400.00040702808656
400.0010269900414
400.00136198257275
400.0118279679848
400.0020727011046
400.0001567680398
400.00124667679916
400.00050650775216
400.0029504101063
400.0010413338327
400.00100017781784
400.0000333754467
400.00003980207947
400.00136794800665
400.00029684383026
400.0000488395454
400.00200127646394
400.0003894247409
400.00338426301096
400.00014277845816
400.0000348786772
400.0041543487995
400.000001254343
400.000014322654
400.0002356215094
400.0000347638364
400.00001398851714
400.0000058064231
400.0000348359926
400.0000871140517
400.000410719164
400.0000185055404
400.0000079729542
400.00202619597036
400.0001232734851
400.0008038358771
400.0000010465531
400.00026749073606
400.000242006505
400.0000450447777
400.00012929143105
400.00063767731683
400.0001493603864
400.0002505635906
400.00229469977035
400.00179760716617
400.0001203989639
400.00319597152514
400.00191907658655
Média: 400.00099400524914
Desvio Padrão: 0.001838981899447222
Mediana: 400.0002505635906
Máximo: 400.0118279679848
Mínimo: 400.0000010465531
Variância: 3.3818544264945125e-06
Coeficiente de Variação: 4.5974433239110635e-06
Coeficiente de Assimetria: 217512.19744222882
Coeficiente de Curtose: 217512.19744222882
