800.9964079085803
800.0258343263329
800.3536090992231
800.130560693004
800.9966129991376
800.0047821878999
800.1651644556661
800.0025173987221
800.0080589824419
800.039280798265
801.0405873882432
800.9950999170031
800.0050887052465
800.005524314258
800.2857993929182
800.0048058395312
800.7699380021386
800.2667911954265
800.0054111995031
800.1918469581366
800.134955609354
800.2266392582385
800.1687818239443
800.0030845395838
800.0417274718767
800.0086373479461
800.0735033619517
800.0109137466368
800.0786446618657
800.0000739688852
800.0248876035628
800.0097095196815
800.0027728404758
800.0004496277651
800.3054284723802
800.1269324483416
800.0309737520125
800.6168878709664
800.0010700971144
800.0442571665545
800.102005269715
800.8723589522791
800.9989260575877
800.0149215788052
800.0365730405749
800.00351282338
800.201766409185
800.0016162809136
800.0639326750226
800.0003640644906
800.055076236898
Média: 800.2069628694053
Desvio Padrão: 0.32092714040356274
Mediana: 800.0442571665545
Máximo: 801.0405873882432
Mínimo: 800.0000739688852
Variância: 0.10299422944760808
Coeficiente de Variação: 0.0004010551710932043
Coeficiente de Assimetria: 2493.4225315538997
Coeficiente de Curtose: 2493.4225315538997
