631.6362455930476
840.3967427616889
2361.7929453684696
807.261412952362
5921.268719421022
2196.365187841444
516.5419832228838
2620.5740941869662
1306.6109735585692
986.7124056185679
2810.1471895902096
1352.8234535975407
1408.3421906424587
2769.1475348461295
1061.0364128107312
946.0176628319153
1676.0650849518663
1812.6722331562078
578.1363517914012
951.2381808498478
1095.6535471911736
1400.6914149498702
1225.4661135617885
1229.7891809355042
916.5148784314151
2082.6257330688513
4354.575772952341
662.0435457759208
2932.212041815375
3660.2218966462146
933.8706466754609
1410.3368669561835
5571.9464413228525
3871.233624796867
1647.5144068764578
2145.5391194990407
338.1870985490505
1875.2640201255308
433.0825511242708
4218.341976249423
380.2408790231968
2458.497289596442
3215.529666650449
1040.1204132203814
448.85366662779063
2431.6813681695735
4116.804987492427
2310.464794892725
1434.9206322327507
3876.9552563964958
856.038355751544
Média: 1924.117748885308
Desvio Padrão: 1338.446490282032
Mediana: 1410.3368669561835
Máximo: 5921.268719421022
Mínimo: 338.1870985490505
Variância: 1791439.00734829
Coeficiente de Variação: 0.6956156872714413
Coeficiente de Assimetria: 1.4375754001789534
Coeficiente de Curtose: 1.4375754001789534
