Population size: 600
Problem dimension: 250
Lower bound: 
0 0 0 0 0 0 0 0 0 0 0 0 0 0 0 0 0 0 0 0 0 0 0 0 0 0 0 0 0 0 0 0 0 0 0 0 0 0 0 0 0 0 0 0 0 0 0 0 0 0 0 0 0 0 0 0 0 0 0 0 0 0 0 0 0 0 0 0 0 0 0 0 0 0 0 0 0 0 0 0 0 0 0 0 0 0 0 0 0 0 0 0 0 0 0 0 0 0 0 0 0 0 0 0 0 0 0 0 0 0 0 0 0 0 0 0 0 0 0 0 0 0 0 0 0 0 0 0 0 0 0 0 0 0 0 0 0 0 0 0 0 0 0 0 0 0 0 0 0 0 0 0 0 0 0 0 0 0 0 0 0 0 0 0 0 0 0 0 0 0 0 0 0 0 0 0 0 0 0 0 0 0 0 0 0 0 0 0 0 0 0 0 0 0 0 0 0 0 0 0 0 0 0 0 0 0 0 0 0 0 0 0 0 0 0 0 0 0 0 0 0 0 0 0 0 0 0 0 0 0 0 0 0 0 0 0 0 0 0 0 0 0 0 0 0 0 0 0 0 0 
Upper bound: 
249 249 249 249 249 249 249 249 249 249 249 249 249 249 249 249 249 249 249 249 249 249 249 249 249 249 249 249 249 249 249 249 249 249 249 249 249 249 249 249 249 249 249 249 249 249 249 249 249 249 249 249 249 249 249 249 249 249 249 249 249 249 249 249 249 249 249 249 249 249 249 249 249 249 249 249 249 249 249 249 249 249 249 249 249 249 249 249 249 249 249 249 249 249 249 249 249 249 249 249 249 249 249 249 249 249 249 249 249 249 249 249 249 249 249 249 249 249 249 249 249 249 249 249 249 249 249 249 249 249 249 249 249 249 249 249 249 249 249 249 249 249 249 249 249 249 249 249 249 249 249 249 249 249 249 249 249 249 249 249 249 249 249 249 249 249 249 249 249 249 249 249 249 249 249 249 249 249 249 249 249 249 249 249 249 249 249 249 249 249 249 249 249 249 249 249 249 249 249 249 249 249 249 249 249 249 249 249 249 249 249 249 249 249 249 249 249 249 249 249 249 249 249 249 249 249 249 249 249 249 249 249 249 249 249 249 249 249 249 249 249 249 249 249 249 249 249 249 249 249 
Weight factor: 0.8
Crossover rate: 0.9
Max iteration: 6000
Best solution: 
[108, 53, 35, 218, 169, 88, 167, 145, 232, 75, 114, 14, 231, 38, 237, 89, 130, 154, 206, 246, 23, 95, 241, 247, 32, 122, 99, 200, 196, 4, 68, 147, 73, 59, 217, 19, 107, 226, 140, 79, 162, 159, 160, 20, 90, 120, 25, 213, 60, 198, 153, 187, 209, 149, 115, 81, 223, 186, 184, 40, 116, 220, 69, 210, 150, 152, 148, 179, 164, 157, 242, 85, 202, 62, 77, 0, 6, 168, 173, 151, 138, 201, 58, 98, 1, 118, 45, 11, 156, 111, 170, 175, 174, 127, 21, 34, 181, 94, 39, 195, 64, 135, 109, 221, 105, 62, 102, 225, 55, 144, 248, 80, 96, 126, 204, 125, 172, 12, 228, 207, 36, 87, 230, 48, 29, 189, 212, 163, 224, 194, 128, 72, 56, 106, 197, 203, 44, 131, 47, 119, 41, 3, 65, 92, 183, 27, 182, 83, 158, 43, 84, 240, 249, 52, 37, 26, 234, 205, 176, 219, 70, 178, 124, 139, 229, 18, 10, 113, 103, 239, 208, 238, 133, 180, 7, 67, 93, 57, 104, 5, 161, 146, 177, 227, 86, 50, 215, 63, 211, 13, 188, 243, 66, 112, 97, 82, 214, 136, 28, 235, 15, 132, 143, 22, 78, 51, 192, 233, 236, 24, 137, 165, 9, 8, 71, 100, 121, 134, 54, 222, 2, 245, 110, 171, 16, 61, 42, 141, 190, 17, 117, 185, 191, 129, 46, 31, 123, 155, 76, 74, 33, 199, 193, 142, 216, 91, 244, 166, 30, 101, ]
Best fitness: 14.0617
SEED: 15220

Solution Bins: 
Bin Number: 74
145 146 150 123 149 149 134 139 129 112 144 149 127 149 129 140 149 109 149 142 150 146 144 65 145 113 148 133 126 146 143 135 135 140 150 110 150 132 136 142 87 143 137 136 126 119 150 139 98 144 143 147 150 140 144 140 135 147 96 148 148 149 99 138 137 122 143 141 96 140 150 143 131 136 
Elapsed time: 131 s
----------------------------------------

Population size: 600
Problem dimension: 250
Lower bound: 
0 0 0 0 0 0 0 0 0 0 0 0 0 0 0 0 0 0 0 0 0 0 0 0 0 0 0 0 0 0 0 0 0 0 0 0 0 0 0 0 0 0 0 0 0 0 0 0 0 0 0 0 0 0 0 0 0 0 0 0 0 0 0 0 0 0 0 0 0 0 0 0 0 0 0 0 0 0 0 0 0 0 0 0 0 0 0 0 0 0 0 0 0 0 0 0 0 0 0 0 0 0 0 0 0 0 0 0 0 0 0 0 0 0 0 0 0 0 0 0 0 0 0 0 0 0 0 0 0 0 0 0 0 0 0 0 0 0 0 0 0 0 0 0 0 0 0 0 0 0 0 0 0 0 0 0 0 0 0 0 0 0 0 0 0 0 0 0 0 0 0 0 0 0 0 0 0 0 0 0 0 0 0 0 0 0 0 0 0 0 0 0 0 0 0 0 0 0 0 0 0 0 0 0 0 0 0 0 0 0 0 0 0 0 0 0 0 0 0 0 0 0 0 0 0 0 0 0 0 0 0 0 0 0 0 0 0 0 0 0 0 0 0 0 0 0 0 0 0 0 
Upper bound: 
249 249 249 249 249 249 249 249 249 249 249 249 249 249 249 249 249 249 249 249 249 249 249 249 249 249 249 249 249 249 249 249 249 249 249 249 249 249 249 249 249 249 249 249 249 249 249 249 249 249 249 249 249 249 249 249 249 249 249 249 249 249 249 249 249 249 249 249 249 249 249 249 249 249 249 249 249 249 249 249 249 249 249 249 249 249 249 249 249 249 249 249 249 249 249 249 249 249 249 249 249 249 249 249 249 249 249 249 249 249 249 249 249 249 249 249 249 249 249 249 249 249 249 249 249 249 249 249 249 249 249 249 249 249 249 249 249 249 249 249 249 249 249 249 249 249 249 249 249 249 249 249 249 249 249 249 249 249 249 249 249 249 249 249 249 249 249 249 249 249 249 249 249 249 249 249 249 249 249 249 249 249 249 249 249 249 249 249 249 249 249 249 249 249 249 249 249 249 249 249 249 249 249 249 249 249 249 249 249 249 249 249 249 249 249 249 249 249 249 249 249 249 249 249 249 249 249 249 249 249 249 249 249 249 249 249 249 249 249 249 249 249 249 249 249 249 249 249 249 249 
Weight factor: 0.8
Crossover rate: 0.9
Max iteration: 6000
Best solution: 
[135, 196, 149, 221, 91, 126, 230, 131, 137, 82, 248, 4, 227, 7, 179, 105, 78, 132, 35, 123, 150, 119, 92, 158, 13, 164, 102, 107, 163, 71, 27, 199, 15, 36, 113, 101, 69, 110, 66, 44, 111, 77, 3, 217, 236, 31, 231, 20, 121, 94, 244, 28, 23, 156, 130, 155, 153, 17, 204, 118, 159, 33, 122, 205, 139, 32, 104, 233, 112, 189, 124, 242, 211, 212, 64, 65, 102, 181, 16, 245, 225, 117, 202, 49, 25, 58, 161, 75, 166, 229, 218, 182, 54, 94, 56, 12, 57, 134, 109, 26, 146, 63, 176, 209, 120, 18, 185, 183, 140, 136, 114, 38, 138, 195, 10, 59, 72, 154, 79, 197, 142, 108, 249, 222, 184, 187, 238, 128, 40, 21, 171, 1, 22, 157, 2, 194, 47, 173, 241, 214, 106, 216, 48, 103, 45, 188, 85, 88, 9, 243, 174, 100, 6, 210, 228, 87, 8, 207, 180, 186, 175, 143, 74, 240, 41, 30, 127, 76, 239, 162, 172, 246, 237, 60, 86, 81, 34, 203, 98, 83, 70, 125, 169, 11, 198, 235, 152, 93, 219, 151, 89, 90, 144, 37, 133, 190, 5, 52, 95, 68, 167, 43, 224, 201, 51, 200, 42, 232, 24, 116, 168, 215, 14, 61, 67, 97, 61, 29, 99, 223, 129, 247, 39, 84, 141, 220, 165, 80, 73, 115, 191, 96, 53, 193, 206, 19, 208, 145, 192, 148, 0, 55, 147, 234, 213, 226, 170, 177, 178, 62, ]
Best fitness: 14.5029
SEED: 21325

Solution Bins: 
Bin Number: 73
146 150 145 126 134 148 126 146 112 130 150 137 148 131 117 148 145 102 145 149 150 148 141 145 120 131 148 148 136 147 139 140 150 136 125 91 133 146 147 150 131 126 149 138 131 130 121 148 150 139 149 125 145 145 142 120 142 141 142 150 149 140 80 145 148 88 131 133 148 129 146 135 150 
Elapsed time: 131 s
----------------------------------------

Population size: 600
Problem dimension: 250
Lower bound: 
0 0 0 0 0 0 0 0 0 0 0 0 0 0 0 0 0 0 0 0 0 0 0 0 0 0 0 0 0 0 0 0 0 0 0 0 0 0 0 0 0 0 0 0 0 0 0 0 0 0 0 0 0 0 0 0 0 0 0 0 0 0 0 0 0 0 0 0 0 0 0 0 0 0 0 0 0 0 0 0 0 0 0 0 0 0 0 0 0 0 0 0 0 0 0 0 0 0 0 0 0 0 0 0 0 0 0 0 0 0 0 0 0 0 0 0 0 0 0 0 0 0 0 0 0 0 0 0 0 0 0 0 0 0 0 0 0 0 0 0 0 0 0 0 0 0 0 0 0 0 0 0 0 0 0 0 0 0 0 0 0 0 0 0 0 0 0 0 0 0 0 0 0 0 0 0 0 0 0 0 0 0 0 0 0 0 0 0 0 0 0 0 0 0 0 0 0 0 0 0 0 0 0 0 0 0 0 0 0 0 0 0 0 0 0 0 0 0 0 0 0 0 0 0 0 0 0 0 0 0 0 0 0 0 0 0 0 0 0 0 0 0 0 0 0 0 0 0 0 0 
Upper bound: 
249 249 249 249 249 249 249 249 249 249 249 249 249 249 249 249 249 249 249 249 249 249 249 249 249 249 249 249 249 249 249 249 249 249 249 249 249 249 249 249 249 249 249 249 249 249 249 249 249 249 249 249 249 249 249 249 249 249 249 249 249 249 249 249 249 249 249 249 249 249 249 249 249 249 249 249 249 249 249 249 249 249 249 249 249 249 249 249 249 249 249 249 249 249 249 249 249 249 249 249 249 249 249 249 249 249 249 249 249 249 249 249 249 249 249 249 249 249 249 249 249 249 249 249 249 249 249 249 249 249 249 249 249 249 249 249 249 249 249 249 249 249 249 249 249 249 249 249 249 249 249 249 249 249 249 249 249 249 249 249 249 249 249 249 249 249 249 249 249 249 249 249 249 249 249 249 249 249 249 249 249 249 249 249 249 249 249 249 249 249 249 249 249 249 249 249 249 249 249 249 249 249 249 249 249 249 249 249 249 249 249 249 249 249 249 249 249 249 249 249 249 249 249 249 249 249 249 249 249 249 249 249 249 249 249 249 249 249 249 249 249 249 249 249 249 249 249 249 249 249 
Weight factor: 0.8
Crossover rate: 0.9
Max iteration: 6000
Best solution: 
[58, 88, 244, 125, 189, 170, 2, 157, 136, 190, 26, 148, 240, 109, 134, 235, 79, 158, 66, 144, 41, 192, 36, 238, 201, 14, 29, 184, 120, 141, 20, 179, 0, 164, 241, 234, 145, 77, 60, 93, 51, 8, 172, 30, 206, 113, 42, 81, 162, 80, 218, 211, 122, 151, 143, 104, 195, 38, 177, 95, 18, 74, 245, 155, 249, 214, 105, 168, 83, 222, 7, 219, 62, 15, 131, 42, 16, 23, 181, 119, 57, 111, 6, 76, 65, 228, 103, 138, 226, 142, 24, 202, 153, 130, 135, 19, 13, 204, 208, 46, 97, 10, 37, 146, 12, 140, 27, 4, 194, 171, 108, 5, 96, 61, 99, 118, 43, 213, 102, 45, 248, 91, 217, 25, 78, 229, 169, 31, 163, 123, 191, 152, 182, 185, 126, 70, 53, 110, 209, 232, 28, 220, 86, 121, 187, 197, 236, 176, 124, 200, 32, 94, 242, 147, 54, 175, 249, 243, 107, 84, 188, 203, 92, 9, 198, 223, 127, 129, 89, 161, 34, 116, 72, 246, 154, 133, 35, 21, 167, 48, 1, 75, 17, 225, 52, 11, 196, 247, 68, 230, 165, 85, 128, 63, 90, 139, 22, 132, 49, 149, 71, 55, 166, 47, 224, 183, 159, 64, 99, 44, 56, 73, 137, 114, 50, 106, 178, 227, 40, 207, 210, 100, 59, 87, 156, 98, 215, 212, 180, 221, 173, 101, 69, 117, 82, 186, 115, 174, 67, 3, 233, 39, 231, 205, 112, 237, 193, 160, 239, 216, ]
Best fitness: 14.3021
SEED: 5939

Solution Bins: 
Bin Number: 73
150 147 146 138 145 140 149 135 149 149 149 149 138 148 149 112 101 110 145 142 127 79 144 138 143 148 146 130 112 132 150 142 147 149 145 146 149 97 144 148 145 145 146 139 141 142 150 143 122 118 135 107 143 100 123 136 150 137 149 137 130 120 150 127 146 149 145 148 119 136 149 125 147 
Elapsed time: 131 s
----------------------------------------

Population size: 600
Problem dimension: 250
Lower bound: 
0 0 0 0 0 0 0 0 0 0 0 0 0 0 0 0 0 0 0 0 0 0 0 0 0 0 0 0 0 0 0 0 0 0 0 0 0 0 0 0 0 0 0 0 0 0 0 0 0 0 0 0 0 0 0 0 0 0 0 0 0 0 0 0 0 0 0 0 0 0 0 0 0 0 0 0 0 0 0 0 0 0 0 0 0 0 0 0 0 0 0 0 0 0 0 0 0 0 0 0 0 0 0 0 0 0 0 0 0 0 0 0 0 0 0 0 0 0 0 0 0 0 0 0 0 0 0 0 0 0 0 0 0 0 0 0 0 0 0 0 0 0 0 0 0 0 0 0 0 0 0 0 0 0 0 0 0 0 0 0 0 0 0 0 0 0 0 0 0 0 0 0 0 0 0 0 0 0 0 0 0 0 0 0 0 0 0 0 0 0 0 0 0 0 0 0 0 0 0 0 0 0 0 0 0 0 0 0 0 0 0 0 0 0 0 0 0 0 0 0 0 0 0 0 0 0 0 0 0 0 0 0 0 0 0 0 0 0 0 0 0 0 0 0 0 0 0 0 0 0 
Upper bound: 
249 249 249 249 249 249 249 249 249 249 249 249 249 249 249 249 249 249 249 249 249 249 249 249 249 249 249 249 249 249 249 249 249 249 249 249 249 249 249 249 249 249 249 249 249 249 249 249 249 249 249 249 249 249 249 249 249 249 249 249 249 249 249 249 249 249 249 249 249 249 249 249 249 249 249 249 249 249 249 249 249 249 249 249 249 249 249 249 249 249 249 249 249 249 249 249 249 249 249 249 249 249 249 249 249 249 249 249 249 249 249 249 249 249 249 249 249 249 249 249 249 249 249 249 249 249 249 249 249 249 249 249 249 249 249 249 249 249 249 249 249 249 249 249 249 249 249 249 249 249 249 249 249 249 249 249 249 249 249 249 249 249 249 249 249 249 249 249 249 249 249 249 249 249 249 249 249 249 249 249 249 249 249 249 249 249 249 249 249 249 249 249 249 249 249 249 249 249 249 249 249 249 249 249 249 249 249 249 249 249 249 249 249 249 249 249 249 249 249 249 249 249 249 249 249 249 249 249 249 249 249 249 249 249 249 249 249 249 249 249 249 249 249 249 249 249 249 249 249 249 
Weight factor: 0.8
Crossover rate: 0.9
Max iteration: 6000
Best solution: 
[239, 45, 199, 3, 146, 90, 91, 43, 198, 141, 144, 228, 160, 72, 161, 54, 231, 249, 224, 48, 176, 197, 177, 114, 22, 216, 185, 208, 194, 157, 44, 163, 68, 17, 148, 204, 188, 201, 79, 21, 8, 248, 227, 16, 25, 166, 20, 150, 230, 205, 236, 240, 189, 124, 195, 63, 153, 7, 74, 29, 196, 115, 151, 33, 247, 218, 225, 238, 235, 172, 208, 164, 118, 193, 233, 69, 73, 212, 50, 41, 95, 229, 60, 215, 13, 184, 101, 75, 12, 92, 200, 173, 65, 167, 103, 165, 59, 89, 140, 147, 36, 191, 122, 175, 192, 134, 109, 102, 6, 232, 171, 94, 156, 78, 71, 202, 57, 162, 106, 98, 104, 145, 158, 129, 187, 217, 128, 93, 234, 62, 135, 174, 14, 220, 219, 237, 126, 80, 66, 143, 107, 53, 190, 130, 155, 18, 125, 210, 38, 28, 27, 131, 61, 206, 23, 96, 97, 110, 181, 52, 152, 1, 64, 108, 123, 137, 47, 82, 133, 35, 67, 241, 113, 119, 213, 159, 37, 214, 55, 99, 100, 9, 178, 51, 83, 209, 207, 85, 170, 31, 26, 223, 154, 88, 116, 111, 84, 30, 203, 34, 19, 105, 87, 245, 70, 112, 120, 58, 138, 179, 127, 132, 32, 183, 10, 4, 11, 182, 39, 5, 168, 77, 226, 243, 242, 76, 56, 81, 222, 136, 139, 15, 40, 24, 244, 221, 246, 117, 46, 2, 186, 180, 121, 86, 169, 149, 49, 211, 235, 142, ]
Best fitness: 14.6917
SEED: 18212

Solution Bins: 
Bin Number: 73
145 120 123 130 132 131 142 148 135 149 149 146 142 138 138 150 130 142 150 149 147 83 92 129 136 149 112 149 142 145 126 138 145 130 128 149 149 100 141 130 124 147 123 150 128 127 135 140 140 145 144 139 146 143 138 138 147 131 125 132 137 136 114 141 142 147 143 98 150 145 146 147 100 
Elapsed time: 131 s
----------------------------------------

Population size: 600
Problem dimension: 250
Lower bound: 
0 0 0 0 0 0 0 0 0 0 0 0 0 0 0 0 0 0 0 0 0 0 0 0 0 0 0 0 0 0 0 0 0 0 0 0 0 0 0 0 0 0 0 0 0 0 0 0 0 0 0 0 0 0 0 0 0 0 0 0 0 0 0 0 0 0 0 0 0 0 0 0 0 0 0 0 0 0 0 0 0 0 0 0 0 0 0 0 0 0 0 0 0 0 0 0 0 0 0 0 0 0 0 0 0 0 0 0 0 0 0 0 0 0 0 0 0 0 0 0 0 0 0 0 0 0 0 0 0 0 0 0 0 0 0 0 0 0 0 0 0 0 0 0 0 0 0 0 0 0 0 0 0 0 0 0 0 0 0 0 0 0 0 0 0 0 0 0 0 0 0 0 0 0 0 0 0 0 0 0 0 0 0 0 0 0 0 0 0 0 0 0 0 0 0 0 0 0 0 0 0 0 0 0 0 0 0 0 0 0 0 0 0 0 0 0 0 0 0 0 0 0 0 0 0 0 0 0 0 0 0 0 0 0 0 0 0 0 0 0 0 0 0 0 0 0 0 0 0 0 
Upper bound: 
249 249 249 249 249 249 249 249 249 249 249 249 249 249 249 249 249 249 249 249 249 249 249 249 249 249 249 249 249 249 249 249 249 249 249 249 249 249 249 249 249 249 249 249 249 249 249 249 249 249 249 249 249 249 249 249 249 249 249 249 249 249 249 249 249 249 249 249 249 249 249 249 249 249 249 249 249 249 249 249 249 249 249 249 249 249 249 249 249 249 249 249 249 249 249 249 249 249 249 249 249 249 249 249 249 249 249 249 249 249 249 249 249 249 249 249 249 249 249 249 249 249 249 249 249 249 249 249 249 249 249 249 249 249 249 249 249 249 249 249 249 249 249 249 249 249 249 249 249 249 249 249 249 249 249 249 249 249 249 249 249 249 249 249 249 249 249 249 249 249 249 249 249 249 249 249 249 249 249 249 249 249 249 249 249 249 249 249 249 249 249 249 249 249 249 249 249 249 249 249 249 249 249 249 249 249 249 249 249 249 249 249 249 249 249 249 249 249 249 249 249 249 249 249 249 249 249 249 249 249 249 249 249 249 249 249 249 249 249 249 249 249 249 249 249 249 249 249 249 249 
Weight factor: 0.8
Crossover rate: 0.9
Max iteration: 6000
Best solution: 
[231, 113, 205, 248, 85, 91, 235, 135, 80, 76, 88, 64, 126, 130, 242, 215, 206, 233, 69, 107, 173, 176, 125, 16, 49, 147, 154, 191, 12, 43, 2, 127, 37, 148, 178, 158, 32, 42, 54, 141, 133, 122, 180, 186, 132, 225, 184, 111, 224, 243, 228, 28, 55, 183, 153, 177, 31, 201, 144, 165, 9, 83, 187, 197, 166, 73, 72, 46, 40, 167, 101, 193, 79, 219, 47, 160, 103, 204, 35, 181, 29, 71, 118, 198, 4, 63, 112, 13, 145, 26, 18, 36, 67, 50, 115, 237, 59, 172, 155, 17, 168, 22, 223, 246, 195, 114, 14, 6, 208, 230, 232, 58, 179, 128, 33, 194, 199, 241, 82, 23, 93, 121, 188, 174, 8, 226, 39, 140, 192, 92, 171, 212, 163, 96, 150, 134, 190, 120, 137, 87, 86, 202, 236, 156, 75, 157, 152, 34, 53, 108, 239, 117, 3, 95, 66, 99, 164, 104, 209, 109, 119, 234, 148, 105, 213, 217, 244, 100, 15, 146, 52, 74, 151, 48, 182, 142, 25, 240, 57, 70, 11, 229, 131, 221, 143, 98, 10, 27, 65, 51, 102, 0, 189, 69, 214, 94, 106, 60, 211, 68, 139, 38, 159, 207, 97, 20, 240, 62, 203, 7, 161, 216, 220, 227, 210, 81, 245, 200, 247, 170, 45, 123, 249, 222, 169, 77, 1, 218, 136, 116, 24, 185, 175, 110, 129, 61, 89, 238, 30, 41, 21, 149, 78, 44, 138, 5, 84, 124, 56, 19, ]
Best fitness: 15.317
SEED: 10901

Solution Bins: 
Bin Number: 73
142 145 140 138 134 150 137 138 100 142 141 136 147 132 141 138 138 149 146 136 141 149 136 97 141 147 89 144 127 143 147 133 150 130 93 126 144 142 146 118 101 138 147 141 146 143 146 138 149 136 136 148 81 124 147 93 147 148 143 130 149 138 137 149 144 146 146 150 148 92 148 141 128 
Elapsed time: 131 s
----------------------------------------

Population size: 600
Problem dimension: 250
Lower bound: 
0 0 0 0 0 0 0 0 0 0 0 0 0 0 0 0 0 0 0 0 0 0 0 0 0 0 0 0 0 0 0 0 0 0 0 0 0 0 0 0 0 0 0 0 0 0 0 0 0 0 0 0 0 0 0 0 0 0 0 0 0 0 0 0 0 0 0 0 0 0 0 0 0 0 0 0 0 0 0 0 0 0 0 0 0 0 0 0 0 0 0 0 0 0 0 0 0 0 0 0 0 0 0 0 0 0 0 0 0 0 0 0 0 0 0 0 0 0 0 0 0 0 0 0 0 0 0 0 0 0 0 0 0 0 0 0 0 0 0 0 0 0 0 0 0 0 0 0 0 0 0 0 0 0 0 0 0 0 0 0 0 0 0 0 0 0 0 0 0 0 0 0 0 0 0 0 0 0 0 0 0 0 0 0 0 0 0 0 0 0 0 0 0 0 0 0 0 0 0 0 0 0 0 0 0 0 0 0 0 0 0 0 0 0 0 0 0 0 0 0 0 0 0 0 0 0 0 0 0 0 0 0 0 0 0 0 0 0 0 0 0 0 0 0 0 0 0 0 0 0 
Upper bound: 
249 249 249 249 249 249 249 249 249 249 249 249 249 249 249 249 249 249 249 249 249 249 249 249 249 249 249 249 249 249 249 249 249 249 249 249 249 249 249 249 249 249 249 249 249 249 249 249 249 249 249 249 249 249 249 249 249 249 249 249 249 249 249 249 249 249 249 249 249 249 249 249 249 249 249 249 249 249 249 249 249 249 249 249 249 249 249 249 249 249 249 249 249 249 249 249 249 249 249 249 249 249 249 249 249 249 249 249 249 249 249 249 249 249 249 249 249 249 249 249 249 249 249 249 249 249 249 249 249 249 249 249 249 249 249 249 249 249 249 249 249 249 249 249 249 249 249 249 249 249 249 249 249 249 249 249 249 249 249 249 249 249 249 249 249 249 249 249 249 249 249 249 249 249 249 249 249 249 249 249 249 249 249 249 249 249 249 249 249 249 249 249 249 249 249 249 249 249 249 249 249 249 249 249 249 249 249 249 249 249 249 249 249 249 249 249 249 249 249 249 249 249 249 249 249 249 249 249 249 249 249 249 249 249 249 249 249 249 249 249 249 249 249 249 249 249 249 249 249 249 
Weight factor: 0.8
Crossover rate: 0.9
Max iteration: 6000
Best solution: 
[58, 111, 21, 206, 62, 26, 48, 114, 205, 116, 100, 94, 139, 211, 240, 15, 160, 19, 178, 170, 202, 119, 56, 24, 141, 20, 184, 155, 158, 169, 49, 93, 239, 209, 36, 246, 70, 212, 82, 97, 9, 103, 108, 164, 89, 208, 60, 216, 79, 43, 176, 227, 3, 171, 242, 115, 44, 150, 98, 65, 41, 80, 174, 219, 64, 88, 69, 130, 81, 75, 238, 247, 215, 14, 57, 124, 191, 167, 126, 154, 73, 186, 161, 47, 140, 156, 12, 40, 85, 74, 39, 185, 117, 200, 165, 25, 107, 33, 142, 135, 66, 123, 187, 37, 196, 213, 214, 121, 138, 198, 179, 201, 87, 129, 23, 7, 222, 68, 195, 182, 134, 45, 234, 159, 4, 210, 218, 148, 128, 72, 217, 96, 244, 109, 13, 27, 53, 90, 52, 143, 225, 118, 223, 237, 163, 207, 199, 30, 193, 133, 28, 32, 125, 228, 105, 235, 104, 236, 17, 142, 120, 70, 106, 127, 197, 78, 204, 188, 203, 101, 0, 42, 136, 190, 67, 77, 231, 229, 149, 99, 166, 168, 131, 194, 221, 71, 172, 2, 112, 51, 61, 8, 177, 144, 146, 22, 34, 10, 192, 5, 245, 152, 243, 175, 59, 145, 50, 113, 224, 232, 54, 180, 162, 6, 91, 76, 102, 31, 92, 84, 95, 1, 189, 249, 241, 122, 110, 38, 233, 16, 55, 11, 181, 35, 137, 86, 151, 153, 18, 220, 83, 157, 248, 132, 226, 29, 230, 63, 183, 173, ]
Best fitness: 14.5946
SEED: 13286

Solution Bins: 
Bin Number: 75
143 113 145 125 110 145 143 148 144 150 144 103 99 111 145 131 147 147 142 145 144 142 149 147 123 135 149 141 141 94 144 136 127 147 150 94 142 140 150 141 118 97 150 140 144 96 150 150 150 138 143 100 142 147 143 144 120 145 143 148 138 141 136 134 148 135 135 141 145 121 142 124 147 140 145 
Elapsed time: 131 s
----------------------------------------

Population size: 600
Problem dimension: 250
Lower bound: 
0 0 0 0 0 0 0 0 0 0 0 0 0 0 0 0 0 0 0 0 0 0 0 0 0 0 0 0 0 0 0 0 0 0 0 0 0 0 0 0 0 0 0 0 0 0 0 0 0 0 0 0 0 0 0 0 0 0 0 0 0 0 0 0 0 0 0 0 0 0 0 0 0 0 0 0 0 0 0 0 0 0 0 0 0 0 0 0 0 0 0 0 0 0 0 0 0 0 0 0 0 0 0 0 0 0 0 0 0 0 0 0 0 0 0 0 0 0 0 0 0 0 0 0 0 0 0 0 0 0 0 0 0 0 0 0 0 0 0 0 0 0 0 0 0 0 0 0 0 0 0 0 0 0 0 0 0 0 0 0 0 0 0 0 0 0 0 0 0 0 0 0 0 0 0 0 0 0 0 0 0 0 0 0 0 0 0 0 0 0 0 0 0 0 0 0 0 0 0 0 0 0 0 0 0 0 0 0 0 0 0 0 0 0 0 0 0 0 0 0 0 0 0 0 0 0 0 0 0 0 0 0 0 0 0 0 0 0 0 0 0 0 0 0 0 0 0 0 0 0 
Upper bound: 
249 249 249 249 249 249 249 249 249 249 249 249 249 249 249 249 249 249 249 249 249 249 249 249 249 249 249 249 249 249 249 249 249 249 249 249 249 249 249 249 249 249 249 249 249 249 249 249 249 249 249 249 249 249 249 249 249 249 249 249 249 249 249 249 249 249 249 249 249 249 249 249 249 249 249 249 249 249 249 249 249 249 249 249 249 249 249 249 249 249 249 249 249 249 249 249 249 249 249 249 249 249 249 249 249 249 249 249 249 249 249 249 249 249 249 249 249 249 249 249 249 249 249 249 249 249 249 249 249 249 249 249 249 249 249 249 249 249 249 249 249 249 249 249 249 249 249 249 249 249 249 249 249 249 249 249 249 249 249 249 249 249 249 249 249 249 249 249 249 249 249 249 249 249 249 249 249 249 249 249 249 249 249 249 249 249 249 249 249 249 249 249 249 249 249 249 249 249 249 249 249 249 249 249 249 249 249 249 249 249 249 249 249 249 249 249 249 249 249 249 249 249 249 249 249 249 249 249 249 249 249 249 249 249 249 249 249 249 249 249 249 249 249 249 249 249 249 249 249 249 
Weight factor: 0.8
Crossover rate: 0.9
Max iteration: 6000
Best solution: 
[161, 124, 34, 4, 228, 203, 213, 186, 112, 156, 248, 195, 53, 205, 69, 73, 76, 171, 15, 231, 36, 116, 109, 107, 119, 189, 173, 243, 232, 135, 5, 45, 108, 54, 210, 72, 149, 39, 177, 152, 167, 16, 107, 80, 218, 65, 92, 140, 129, 164, 8, 211, 122, 79, 46, 184, 166, 126, 223, 22, 193, 83, 52, 148, 106, 95, 137, 234, 7, 62, 125, 28, 208, 27, 246, 202, 29, 219, 88, 192, 233, 204, 159, 47, 49, 214, 77, 183, 58, 209, 103, 154, 227, 40, 201, 212, 221, 162, 134, 32, 143, 141, 239, 132, 87, 217, 220, 2, 180, 55, 191, 236, 170, 115, 199, 179, 172, 35, 90, 185, 11, 21, 12, 176, 63, 96, 224, 142, 136, 41, 160, 13, 198, 196, 117, 98, 153, 70, 200, 48, 93, 102, 163, 17, 247, 215, 182, 174, 194, 155, 19, 3, 128, 86, 38, 57, 178, 25, 181, 99, 226, 43, 66, 235, 165, 84, 56, 33, 30, 145, 105, 150, 207, 133, 157, 101, 114, 242, 146, 144, 85, 31, 187, 9, 147, 94, 60, 1, 139, 89, 37, 0, 138, 168, 50, 118, 169, 18, 91, 190, 127, 237, 225, 6, 78, 81, 238, 10, 206, 24, 144, 26, 120, 14, 175, 67, 123, 44, 113, 102, 241, 104, 68, 121, 51, 61, 245, 249, 222, 158, 230, 216, 20, 197, 100, 244, 131, 97, 82, 75, 74, 188, 130, 42, 240, 23, 151, 59, 71, 229, ]
Best fitness: 15.4897
SEED: 5307

Solution Bins: 
Bin Number: 74
109 127 137 141 147 143 150 123 148 147 108 132 144 100 120 148 131 149 135 136 146 138 148 122 150 116 124 142 148 144 148 129 146 142 89 141 143 146 137 136 126 150 145 121 146 127 125 135 149 82 145 143 148 122 141 146 122 100 130 143 150 141 132 147 142 145 150 143 146 132 144 144 144 146 
Elapsed time: 131 s
----------------------------------------

Population size: 600
Problem dimension: 250
Lower bound: 
0 0 0 0 0 0 0 0 0 0 0 0 0 0 0 0 0 0 0 0 0 0 0 0 0 0 0 0 0 0 0 0 0 0 0 0 0 0 0 0 0 0 0 0 0 0 0 0 0 0 0 0 0 0 0 0 0 0 0 0 0 0 0 0 0 0 0 0 0 0 0 0 0 0 0 0 0 0 0 0 0 0 0 0 0 0 0 0 0 0 0 0 0 0 0 0 0 0 0 0 0 0 0 0 0 0 0 0 0 0 0 0 0 0 0 0 0 0 0 0 0 0 0 0 0 0 0 0 0 0 0 0 0 0 0 0 0 0 0 0 0 0 0 0 0 0 0 0 0 0 0 0 0 0 0 0 0 0 0 0 0 0 0 0 0 0 0 0 0 0 0 0 0 0 0 0 0 0 0 0 0 0 0 0 0 0 0 0 0 0 0 0 0 0 0 0 0 0 0 0 0 0 0 0 0 0 0 0 0 0 0 0 0 0 0 0 0 0 0 0 0 0 0 0 0 0 0 0 0 0 0 0 0 0 0 0 0 0 0 0 0 0 0 0 0 0 0 0 0 0 
Upper bound: 
249 249 249 249 249 249 249 249 249 249 249 249 249 249 249 249 249 249 249 249 249 249 249 249 249 249 249 249 249 249 249 249 249 249 249 249 249 249 249 249 249 249 249 249 249 249 249 249 249 249 249 249 249 249 249 249 249 249 249 249 249 249 249 249 249 249 249 249 249 249 249 249 249 249 249 249 249 249 249 249 249 249 249 249 249 249 249 249 249 249 249 249 249 249 249 249 249 249 249 249 249 249 249 249 249 249 249 249 249 249 249 249 249 249 249 249 249 249 249 249 249 249 249 249 249 249 249 249 249 249 249 249 249 249 249 249 249 249 249 249 249 249 249 249 249 249 249 249 249 249 249 249 249 249 249 249 249 249 249 249 249 249 249 249 249 249 249 249 249 249 249 249 249 249 249 249 249 249 249 249 249 249 249 249 249 249 249 249 249 249 249 249 249 249 249 249 249 249 249 249 249 249 249 249 249 249 249 249 249 249 249 249 249 249 249 249 249 249 249 249 249 249 249 249 249 249 249 249 249 249 249 249 249 249 249 249 249 249 249 249 249 249 249 249 249 249 249 249 249 249 
Weight factor: 0.8
Crossover rate: 0.9
Max iteration: 6000
Best solution: 
[110, 109, 236, 91, 246, 123, 188, 39, 8, 223, 140, 190, 141, 164, 6, 214, 248, 161, 176, 34, 162, 0, 187, 233, 196, 42, 50, 1, 204, 241, 127, 72, 178, 97, 53, 47, 146, 22, 242, 75, 144, 119, 114, 218, 150, 158, 153, 122, 205, 193, 45, 131, 137, 192, 181, 154, 166, 247, 175, 63, 182, 200, 203, 67, 133, 28, 3, 222, 217, 38, 92, 31, 132, 14, 105, 70, 215, 189, 36, 230, 94, 216, 143, 37, 15, 29, 113, 211, 151, 60, 156, 202, 238, 219, 220, 13, 148, 107, 103, 57, 115, 11, 185, 69, 26, 84, 143, 16, 21, 46, 116, 126, 201, 207, 134, 237, 159, 145, 18, 30, 209, 155, 96, 23, 102, 89, 90, 130, 41, 33, 71, 68, 87, 138, 27, 228, 77, 64, 43, 55, 229, 74, 212, 142, 129, 172, 243, 179, 82, 35, 48, 117, 54, 170, 174, 171, 2, 221, 165, 99, 163, 173, 19, 86, 178, 5, 104, 17, 210, 111, 234, 73, 194, 225, 245, 12, 195, 52, 168, 112, 186, 197, 80, 152, 58, 124, 56, 213, 40, 10, 95, 77, 191, 100, 231, 180, 79, 49, 135, 65, 59, 88, 32, 128, 101, 118, 139, 44, 20, 98, 76, 242, 249, 4, 66, 106, 232, 157, 160, 184, 61, 169, 227, 183, 108, 85, 208, 83, 177, 121, 81, 136, 240, 224, 149, 25, 120, 9, 167, 93, 206, 62, 198, 199, 239, 235, 24, 226, 125, 244, ]
Best fitness: 14.4069
SEED: 29902

Solution Bins: 
Bin Number: 73
148 121 126 144 147 149 150 135 132 148 148 125 144 146 142 135 144 149 92 148 147 138 130 150 96 146 140 150 145 141 94 149 146 150 149 150 132 144 150 148 149 108 144 136 145 139 141 141 144 130 137 120 130 150 140 120 137 134 139 150 122 140 136 120 138 123 132 148 148 147 147 150 141 
Elapsed time: 132 s
----------------------------------------

Population size: 600
Problem dimension: 250
Lower bound: 
0 0 0 0 0 0 0 0 0 0 0 0 0 0 0 0 0 0 0 0 0 0 0 0 0 0 0 0 0 0 0 0 0 0 0 0 0 0 0 0 0 0 0 0 0 0 0 0 0 0 0 0 0 0 0 0 0 0 0 0 0 0 0 0 0 0 0 0 0 0 0 0 0 0 0 0 0 0 0 0 0 0 0 0 0 0 0 0 0 0 0 0 0 0 0 0 0 0 0 0 0 0 0 0 0 0 0 0 0 0 0 0 0 0 0 0 0 0 0 0 0 0 0 0 0 0 0 0 0 0 0 0 0 0 0 0 0 0 0 0 0 0 0 0 0 0 0 0 0 0 0 0 0 0 0 0 0 0 0 0 0 0 0 0 0 0 0 0 0 0 0 0 0 0 0 0 0 0 0 0 0 0 0 0 0 0 0 0 0 0 0 0 0 0 0 0 0 0 0 0 0 0 0 0 0 0 0 0 0 0 0 0 0 0 0 0 0 0 0 0 0 0 0 0 0 0 0 0 0 0 0 0 0 0 0 0 0 0 0 0 0 0 0 0 0 0 0 0 0 0 
Upper bound: 
249 249 249 249 249 249 249 249 249 249 249 249 249 249 249 249 249 249 249 249 249 249 249 249 249 249 249 249 249 249 249 249 249 249 249 249 249 249 249 249 249 249 249 249 249 249 249 249 249 249 249 249 249 249 249 249 249 249 249 249 249 249 249 249 249 249 249 249 249 249 249 249 249 249 249 249 249 249 249 249 249 249 249 249 249 249 249 249 249 249 249 249 249 249 249 249 249 249 249 249 249 249 249 249 249 249 249 249 249 249 249 249 249 249 249 249 249 249 249 249 249 249 249 249 249 249 249 249 249 249 249 249 249 249 249 249 249 249 249 249 249 249 249 249 249 249 249 249 249 249 249 249 249 249 249 249 249 249 249 249 249 249 249 249 249 249 249 249 249 249 249 249 249 249 249 249 249 249 249 249 249 249 249 249 249 249 249 249 249 249 249 249 249 249 249 249 249 249 249 249 249 249 249 249 249 249 249 249 249 249 249 249 249 249 249 249 249 249 249 249 249 249 249 249 249 249 249 249 249 249 249 249 249 249 249 249 249 249 249 249 249 249 249 249 249 249 249 249 249 249 
Weight factor: 0.8
Crossover rate: 0.9
Max iteration: 6000
Best solution: 
[75, 119, 92, 76, 82, 87, 183, 158, 145, 226, 170, 185, 32, 229, 37, 241, 140, 190, 214, 96, 118, 247, 99, 136, 120, 150, 88, 101, 144, 43, 245, 3, 249, 175, 141, 112, 40, 109, 240, 181, 121, 56, 231, 79, 164, 28, 27, 208, 13, 230, 115, 220, 123, 207, 10, 153, 64, 46, 102, 174, 70, 202, 215, 110, 222, 53, 235, 173, 162, 26, 67, 59, 159, 180, 58, 210, 124, 132, 205, 126, 147, 146, 25, 184, 90, 223, 212, 134, 89, 138, 18, 97, 85, 133, 73, 200, 195, 29, 244, 72, 155, 39, 61, 135, 143, 104, 42, 165, 78, 167, 233, 45, 84, 218, 169, 24, 21, 194, 17, 74, 103, 242, 163, 11, 161, 35, 23, 52, 227, 199, 55, 60, 105, 66, 71, 122, 164, 15, 154, 4, 100, 47, 108, 125, 48, 93, 127, 31, 63, 5, 1, 114, 77, 176, 166, 51, 41, 0, 192, 19, 204, 177, 106, 69, 130, 178, 168, 156, 44, 248, 186, 81, 16, 151, 137, 219, 182, 203, 193, 57, 243, 2, 83, 211, 86, 191, 94, 111, 50, 36, 62, 160, 91, 80, 68, 213, 165, 113, 237, 234, 216, 142, 188, 187, 107, 221, 172, 34, 38, 225, 228, 7, 9, 197, 201, 6, 189, 149, 148, 54, 217, 114, 179, 224, 117, 157, 12, 33, 152, 14, 30, 128, 246, 171, 20, 116, 98, 236, 129, 232, 65, 209, 8, 139, 49, 196, 238, 198, 239, 131, ]
Best fitness: 14.9731
SEED: 8715

Solution Bins: 
Bin Number: 73
132 141 146 90 138 138 139 122 139 120 116 129 108 141 131 149 149 149 143 135 143 131 115 149 147 127 123 134 147 147 135 150 144 146 135 136 147 89 147 143 134 147 149 143 149 100 132 131 140 142 148 149 148 150 122 142 145 129 146 133 126 138 143 136 140 135 132 148 149 126 150 136 138 
Elapsed time: 131 s
----------------------------------------

Population size: 600
Problem dimension: 250
Lower bound: 
0 0 0 0 0 0 0 0 0 0 0 0 0 0 0 0 0 0 0 0 0 0 0 0 0 0 0 0 0 0 0 0 0 0 0 0 0 0 0 0 0 0 0 0 0 0 0 0 0 0 0 0 0 0 0 0 0 0 0 0 0 0 0 0 0 0 0 0 0 0 0 0 0 0 0 0 0 0 0 0 0 0 0 0 0 0 0 0 0 0 0 0 0 0 0 0 0 0 0 0 0 0 0 0 0 0 0 0 0 0 0 0 0 0 0 0 0 0 0 0 0 0 0 0 0 0 0 0 0 0 0 0 0 0 0 0 0 0 0 0 0 0 0 0 0 0 0 0 0 0 0 0 0 0 0 0 0 0 0 0 0 0 0 0 0 0 0 0 0 0 0 0 0 0 0 0 0 0 0 0 0 0 0 0 0 0 0 0 0 0 0 0 0 0 0 0 0 0 0 0 0 0 0 0 0 0 0 0 0 0 0 0 0 0 0 0 0 0 0 0 0 0 0 0 0 0 0 0 0 0 0 0 0 0 0 0 0 0 0 0 0 0 0 0 0 0 0 0 0 0 
Upper bound: 
249 249 249 249 249 249 249 249 249 249 249 249 249 249 249 249 249 249 249 249 249 249 249 249 249 249 249 249 249 249 249 249 249 249 249 249 249 249 249 249 249 249 249 249 249 249 249 249 249 249 249 249 249 249 249 249 249 249 249 249 249 249 249 249 249 249 249 249 249 249 249 249 249 249 249 249 249 249 249 249 249 249 249 249 249 249 249 249 249 249 249 249 249 249 249 249 249 249 249 249 249 249 249 249 249 249 249 249 249 249 249 249 249 249 249 249 249 249 249 249 249 249 249 249 249 249 249 249 249 249 249 249 249 249 249 249 249 249 249 249 249 249 249 249 249 249 249 249 249 249 249 249 249 249 249 249 249 249 249 249 249 249 249 249 249 249 249 249 249 249 249 249 249 249 249 249 249 249 249 249 249 249 249 249 249 249 249 249 249 249 249 249 249 249 249 249 249 249 249 249 249 249 249 249 249 249 249 249 249 249 249 249 249 249 249 249 249 249 249 249 249 249 249 249 249 249 249 249 249 249 249 249 249 249 249 249 249 249 249 249 249 249 249 249 249 249 249 249 249 249 
Weight factor: 0.8
Crossover rate: 0.9
Max iteration: 6000
Best solution: 
[83, 77, 235, 227, 226, 28, 8, 115, 185, 176, 32, 47, 110, 136, 215, 186, 143, 15, 3, 168, 122, 17, 183, 139, 56, 90, 79, 134, 22, 85, 239, 181, 147, 220, 62, 187, 135, 6, 94, 53, 33, 150, 46, 221, 234, 158, 198, 157, 76, 88, 37, 206, 104, 117, 51, 179, 164, 245, 81, 138, 59, 58, 184, 178, 140, 22, 0, 182, 57, 12, 230, 123, 133, 130, 107, 89, 249, 243, 84, 125, 74, 195, 199, 236, 202, 63, 80, 97, 161, 140, 26, 244, 71, 75, 41, 166, 4, 69, 2, 169, 208, 68, 233, 165, 213, 113, 44, 228, 144, 137, 190, 100, 43, 121, 120, 95, 86, 70, 152, 64, 191, 72, 156, 240, 10, 114, 217, 87, 103, 160, 188, 82, 105, 141, 154, 9, 60, 224, 229, 189, 238, 231, 111, 204, 112, 170, 214, 200, 146, 171, 207, 23, 48, 108, 119, 38, 149, 241, 131, 106, 219, 248, 167, 151, 159, 155, 13, 40, 93, 242, 118, 172, 49, 232, 223, 45, 211, 54, 50, 1, 174, 201, 126, 36, 30, 29, 177, 175, 128, 142, 212, 19, 173, 127, 203, 247, 210, 180, 92, 132, 96, 129, 246, 205, 65, 78, 11, 237, 124, 98, 7, 5, 67, 209, 192, 162, 52, 116, 91, 27, 145, 21, 66, 197, 222, 218, 153, 42, 73, 225, 20, 61, 102, 34, 194, 16, 216, 14, 148, 18, 109, 39, 163, 196, 248, 35, 101, 99, 55, 193, ]
Best fitness: 14.2679
SEED: 29284

Solution Bins: 
Bin Number: 73
141 146 149 147 128 147 139 149 150 149 97 149 138 112 140 97 127 147 124 149 125 141 131 150 135 135 148 146 148 147 149 147 149 146 135 130 148 92 114 133 150 143 144 137 94 122 133 150 148 149 136 115 145 147 136 145 140 144 143 148 148 100 123 127 148 146 99 144 136 150 150 147 146 
Elapsed time: 132 s
----------------------------------------

Population size: 600
Problem dimension: 250
Lower bound: 
0 0 0 0 0 0 0 0 0 0 0 0 0 0 0 0 0 0 0 0 0 0 0 0 0 0 0 0 0 0 0 0 0 0 0 0 0 0 0 0 0 0 0 0 0 0 0 0 0 0 0 0 0 0 0 0 0 0 0 0 0 0 0 0 0 0 0 0 0 0 0 0 0 0 0 0 0 0 0 0 0 0 0 0 0 0 0 0 0 0 0 0 0 0 0 0 0 0 0 0 0 0 0 0 0 0 0 0 0 0 0 0 0 0 0 0 0 0 0 0 0 0 0 0 0 0 0 0 0 0 0 0 0 0 0 0 0 0 0 0 0 0 0 0 0 0 0 0 0 0 0 0 0 0 0 0 0 0 0 0 0 0 0 0 0 0 0 0 0 0 0 0 0 0 0 0 0 0 0 0 0 0 0 0 0 0 0 0 0 0 0 0 0 0 0 0 0 0 0 0 0 0 0 0 0 0 0 0 0 0 0 0 0 0 0 0 0 0 0 0 0 0 0 0 0 0 0 0 0 0 0 0 0 0 0 0 0 0 0 0 0 0 0 0 0 0 0 0 0 0 
Upper bound: 
249 249 249 249 249 249 249 249 249 249 249 249 249 249 249 249 249 249 249 249 249 249 249 249 249 249 249 249 249 249 249 249 249 249 249 249 249 249 249 249 249 249 249 249 249 249 249 249 249 249 249 249 249 249 249 249 249 249 249 249 249 249 249 249 249 249 249 249 249 249 249 249 249 249 249 249 249 249 249 249 249 249 249 249 249 249 249 249 249 249 249 249 249 249 249 249 249 249 249 249 249 249 249 249 249 249 249 249 249 249 249 249 249 249 249 249 249 249 249 249 249 249 249 249 249 249 249 249 249 249 249 249 249 249 249 249 249 249 249 249 249 249 249 249 249 249 249 249 249 249 249 249 249 249 249 249 249 249 249 249 249 249 249 249 249 249 249 249 249 249 249 249 249 249 249 249 249 249 249 249 249 249 249 249 249 249 249 249 249 249 249 249 249 249 249 249 249 249 249 249 249 249 249 249 249 249 249 249 249 249 249 249 249 249 249 249 249 249 249 249 249 249 249 249 249 249 249 249 249 249 249 249 249 249 249 249 249 249 249 249 249 249 249 249 249 249 249 249 249 249 
Weight factor: 0.8
Crossover rate: 0.9
Max iteration: 6000
Best solution: 
[46, 105, 244, 195, 165, 109, 221, 229, 89, 146, 80, 65, 75, 10, 169, 130, 236, 161, 155, 9, 101, 240, 28, 5, 170, 220, 85, 219, 71, 68, 172, 212, 202, 82, 79, 40, 150, 174, 58, 132, 154, 50, 177, 184, 32, 232, 36, 135, 42, 4, 94, 124, 59, 176, 20, 143, 235, 241, 17, 137, 192, 72, 205, 139, 97, 131, 247, 84, 246, 182, 46, 239, 47, 206, 218, 114, 225, 152, 115, 218, 106, 91, 39, 48, 102, 12, 61, 81, 118, 234, 127, 129, 193, 62, 92, 208, 99, 52, 147, 249, 88, 128, 111, 223, 187, 125, 95, 215, 8, 123, 148, 64, 26, 30, 198, 103, 113, 209, 185, 54, 217, 180, 186, 35, 31, 153, 70, 145, 29, 21, 120, 228, 86, 43, 121, 126, 15, 200, 117, 151, 158, 34, 167, 222, 144, 188, 171, 7, 56, 179, 53, 0, 77, 69, 162, 33, 122, 142, 65, 189, 230, 38, 214, 134, 149, 133, 110, 49, 6, 18, 141, 157, 238, 3, 1, 178, 60, 160, 87, 159, 67, 11, 199, 13, 108, 104, 237, 24, 210, 55, 226, 22, 37, 224, 66, 107, 63, 14, 44, 211, 248, 41, 216, 27, 231, 140, 78, 93, 112, 16, 166, 138, 243, 51, 245, 242, 45, 191, 156, 183, 163, 168, 96, 201, 76, 23, 175, 25, 233, 207, 227, 114, 19, 196, 100, 173, 181, 204, 190, 74, 83, 194, 2, 197, 73, 98, 90, 57, 136, 119, ]
Best fitness: 14.623
SEED: 30682

Solution Bins: 
Bin Number: 73
148 148 147 149 128 150 115 145 150 139 141 137 127 116 142 125 140 143 149 142 150 149 140 129 148 150 140 145 147 147 128 131 131 129 138 118 142 145 87 146 133 102 129 146 127 146 150 144 140 146 150 123 124 119 135 149 143 116 142 139 150 137 144 150 134 149 139 147 148 148 140 137 136 
Elapsed time: 131 s
----------------------------------------

Population size: 600
Problem dimension: 250
Lower bound: 
0 0 0 0 0 0 0 0 0 0 0 0 0 0 0 0 0 0 0 0 0 0 0 0 0 0 0 0 0 0 0 0 0 0 0 0 0 0 0 0 0 0 0 0 0 0 0 0 0 0 0 0 0 0 0 0 0 0 0 0 0 0 0 0 0 0 0 0 0 0 0 0 0 0 0 0 0 0 0 0 0 0 0 0 0 0 0 0 0 0 0 0 0 0 0 0 0 0 0 0 0 0 0 0 0 0 0 0 0 0 0 0 0 0 0 0 0 0 0 0 0 0 0 0 0 0 0 0 0 0 0 0 0 0 0 0 0 0 0 0 0 0 0 0 0 0 0 0 0 0 0 0 0 0 0 0 0 0 0 0 0 0 0 0 0 0 0 0 0 0 0 0 0 0 0 0 0 0 0 0 0 0 0 0 0 0 0 0 0 0 0 0 0 0 0 0 0 0 0 0 0 0 0 0 0 0 0 0 0 0 0 0 0 0 0 0 0 0 0 0 0 0 0 0 0 0 0 0 0 0 0 0 0 0 0 0 0 0 0 0 0 0 0 0 0 0 0 0 0 0 
Upper bound: 
249 249 249 249 249 249 249 249 249 249 249 249 249 249 249 249 249 249 249 249 249 249 249 249 249 249 249 249 249 249 249 249 249 249 249 249 249 249 249 249 249 249 249 249 249 249 249 249 249 249 249 249 249 249 249 249 249 249 249 249 249 249 249 249 249 249 249 249 249 249 249 249 249 249 249 249 249 249 249 249 249 249 249 249 249 249 249 249 249 249 249 249 249 249 249 249 249 249 249 249 249 249 249 249 249 249 249 249 249 249 249 249 249 249 249 249 249 249 249 249 249 249 249 249 249 249 249 249 249 249 249 249 249 249 249 249 249 249 249 249 249 249 249 249 249 249 249 249 249 249 249 249 249 249 249 249 249 249 249 249 249 249 249 249 249 249 249 249 249 249 249 249 249 249 249 249 249 249 249 249 249 249 249 249 249 249 249 249 249 249 249 249 249 249 249 249 249 249 249 249 249 249 249 249 249 249 249 249 249 249 249 249 249 249 249 249 249 249 249 249 249 249 249 249 249 249 249 249 249 249 249 249 249 249 249 249 249 249 249 249 249 249 249 249 249 249 249 249 249 249 
Weight factor: 0.8
Crossover rate: 0.9
Max iteration: 6000
Best solution: 
[96, 56, 211, 118, 121, 36, 189, 73, 228, 188, 135, 126, 210, 30, 166, 22, 161, 239, 196, 40, 151, 1, 177, 101, 59, 194, 247, 130, 9, 241, 46, 116, 103, 67, 219, 201, 179, 220, 57, 152, 139, 205, 60, 88, 74, 185, 169, 81, 231, 77, 160, 208, 123, 28, 48, 157, 69, 120, 108, 234, 25, 20, 183, 37, 54, 198, 75, 99, 202, 163, 52, 226, 141, 85, 32, 174, 140, 170, 127, 86, 137, 214, 110, 43, 53, 2, 90, 218, 0, 17, 132, 249, 229, 186, 61, 68, 83, 16, 131, 115, 236, 23, 80, 70, 154, 232, 199, 49, 197, 65, 138, 27, 5, 172, 82, 119, 40, 11, 102, 59, 58, 207, 204, 64, 7, 129, 92, 95, 3, 159, 109, 153, 242, 240, 164, 6, 12, 175, 51, 4, 158, 221, 237, 8, 216, 184, 212, 173, 50, 238, 187, 150, 222, 125, 235, 245, 227, 134, 45, 63, 89, 71, 76, 105, 100, 171, 156, 167, 155, 104, 62, 114, 225, 203, 182, 26, 111, 39, 213, 165, 93, 206, 162, 72, 79, 209, 55, 143, 200, 33, 124, 42, 38, 113, 84, 195, 136, 248, 24, 145, 31, 243, 35, 13, 87, 66, 148, 91, 246, 146, 244, 94, 230, 47, 97, 107, 176, 223, 112, 147, 29, 106, 78, 215, 98, 149, 168, 18, 44, 34, 217, 19, 190, 233, 191, 180, 192, 117, 224, 128, 178, 15, 142, 133, 10, 193, 21, 122, 199, 144, ]
Best fitness: 14.5106
SEED: 18408

Solution Bins: 
Bin Number: 72
147 120 140 147 143 149 144 141 122 125 140 141 141 143 143 134 147 138 119 149 150 146 124 148 100 130 145 146 142 145 146 132 146 148 145 147 123 150 146 143 150 123 122 146 128 147 134 146 142 107 150 148 145 135 149 150 113 144 89 146 140 92 128 142 134 118 96 120 150 146 150 138 
Elapsed time: 131 s
----------------------------------------

Population size: 600
Problem dimension: 250
Lower bound: 
0 0 0 0 0 0 0 0 0 0 0 0 0 0 0 0 0 0 0 0 0 0 0 0 0 0 0 0 0 0 0 0 0 0 0 0 0 0 0 0 0 0 0 0 0 0 0 0 0 0 0 0 0 0 0 0 0 0 0 0 0 0 0 0 0 0 0 0 0 0 0 0 0 0 0 0 0 0 0 0 0 0 0 0 0 0 0 0 0 0 0 0 0 0 0 0 0 0 0 0 0 0 0 0 0 0 0 0 0 0 0 0 0 0 0 0 0 0 0 0 0 0 0 0 0 0 0 0 0 0 0 0 0 0 0 0 0 0 0 0 0 0 0 0 0 0 0 0 0 0 0 0 0 0 0 0 0 0 0 0 0 0 0 0 0 0 0 0 0 0 0 0 0 0 0 0 0 0 0 0 0 0 0 0 0 0 0 0 0 0 0 0 0 0 0 0 0 0 0 0 0 0 0 0 0 0 0 0 0 0 0 0 0 0 0 0 0 0 0 0 0 0 0 0 0 0 0 0 0 0 0 0 0 0 0 0 0 0 0 0 0 0 0 0 0 0 0 0 0 0 
Upper bound: 
249 249 249 249 249 249 249 249 249 249 249 249 249 249 249 249 249 249 249 249 249 249 249 249 249 249 249 249 249 249 249 249 249 249 249 249 249 249 249 249 249 249 249 249 249 249 249 249 249 249 249 249 249 249 249 249 249 249 249 249 249 249 249 249 249 249 249 249 249 249 249 249 249 249 249 249 249 249 249 249 249 249 249 249 249 249 249 249 249 249 249 249 249 249 249 249 249 249 249 249 249 249 249 249 249 249 249 249 249 249 249 249 249 249 249 249 249 249 249 249 249 249 249 249 249 249 249 249 249 249 249 249 249 249 249 249 249 249 249 249 249 249 249 249 249 249 249 249 249 249 249 249 249 249 249 249 249 249 249 249 249 249 249 249 249 249 249 249 249 249 249 249 249 249 249 249 249 249 249 249 249 249 249 249 249 249 249 249 249 249 249 249 249 249 249 249 249 249 249 249 249 249 249 249 249 249 249 249 249 249 249 249 249 249 249 249 249 249 249 249 249 249 249 249 249 249 249 249 249 249 249 249 249 249 249 249 249 249 249 249 249 249 249 249 249 249 249 249 249 249 
Weight factor: 0.8
Crossover rate: 0.9
Max iteration: 6000
Best solution: 
[225, 203, 57, 141, 39, 197, 247, 123, 29, 154, 22, 215, 15, 21, 5, 231, 221, 41, 137, 25, 48, 220, 232, 7, 224, 131, 242, 12, 176, 243, 239, 214, 60, 113, 213, 135, 110, 112, 58, 157, 91, 95, 6, 120, 42, 102, 249, 160, 174, 234, 13, 85, 89, 130, 109, 47, 148, 140, 146, 204, 22, 245, 143, 79, 105, 241, 248, 34, 2, 181, 87, 217, 118, 149, 19, 44, 144, 52, 172, 4, 96, 32, 196, 30, 230, 180, 108, 111, 244, 84, 229, 227, 38, 210, 223, 77, 117, 156, 31, 0, 73, 136, 76, 54, 167, 1, 33, 173, 16, 129, 35, 155, 222, 8, 122, 86, 72, 183, 40, 45, 69, 80, 127, 184, 188, 106, 158, 205, 58, 206, 74, 18, 150, 216, 151, 78, 28, 192, 37, 246, 161, 177, 152, 208, 179, 115, 70, 238, 153, 138, 193, 14, 88, 3, 63, 59, 116, 49, 237, 43, 99, 36, 65, 114, 50, 11, 170, 121, 175, 187, 235, 218, 26, 134, 162, 189, 82, 199, 228, 68, 168, 94, 133, 209, 202, 62, 201, 66, 100, 132, 142, 165, 166, 103, 107, 211, 124, 56, 98, 97, 219, 145, 194, 233, 90, 159, 64, 93, 92, 164, 190, 200, 191, 101, 182, 163, 27, 53, 24, 226, 75, 236, 10, 17, 240, 61, 178, 20, 51, 104, 147, 55, 186, 81, 212, 126, 139, 198, 67, 128, 23, 119, 46, 71, 9, 207, 83, 171, 185, 169, ]
Best fitness: 15.605
SEED: 10913

Solution Bins: 
Bin Number: 73
144 145 143 128 126 142 138 107 122 148 143 132 147 140 137 147 142 146 132 144 148 136 100 129 132 144 132 142 127 130 136 146 127 143 88 145 147 150 149 123 150 130 136 146 69 79 145 150 138 145 141 145 140 122 115 141 150 96 147 148 128 115 141 142 121 122 147 146 125 145 134 145 133 
Elapsed time: 132 s
----------------------------------------

Population size: 600
Problem dimension: 250
Lower bound: 
0 0 0 0 0 0 0 0 0 0 0 0 0 0 0 0 0 0 0 0 0 0 0 0 0 0 0 0 0 0 0 0 0 0 0 0 0 0 0 0 0 0 0 0 0 0 0 0 0 0 0 0 0 0 0 0 0 0 0 0 0 0 0 0 0 0 0 0 0 0 0 0 0 0 0 0 0 0 0 0 0 0 0 0 0 0 0 0 0 0 0 0 0 0 0 0 0 0 0 0 0 0 0 0 0 0 0 0 0 0 0 0 0 0 0 0 0 0 0 0 0 0 0 0 0 0 0 0 0 0 0 0 0 0 0 0 0 0 0 0 0 0 0 0 0 0 0 0 0 0 0 0 0 0 0 0 0 0 0 0 0 0 0 0 0 0 0 0 0 0 0 0 0 0 0 0 0 0 0 0 0 0 0 0 0 0 0 0 0 0 0 0 0 0 0 0 0 0 0 0 0 0 0 0 0 0 0 0 0 0 0 0 0 0 0 0 0 0 0 0 0 0 0 0 0 0 0 0 0 0 0 0 0 0 0 0 0 0 0 0 0 0 0 0 0 0 0 0 0 0 
Upper bound: 
249 249 249 249 249 249 249 249 249 249 249 249 249 249 249 249 249 249 249 249 249 249 249 249 249 249 249 249 249 249 249 249 249 249 249 249 249 249 249 249 249 249 249 249 249 249 249 249 249 249 249 249 249 249 249 249 249 249 249 249 249 249 249 249 249 249 249 249 249 249 249 249 249 249 249 249 249 249 249 249 249 249 249 249 249 249 249 249 249 249 249 249 249 249 249 249 249 249 249 249 249 249 249 249 249 249 249 249 249 249 249 249 249 249 249 249 249 249 249 249 249 249 249 249 249 249 249 249 249 249 249 249 249 249 249 249 249 249 249 249 249 249 249 249 249 249 249 249 249 249 249 249 249 249 249 249 249 249 249 249 249 249 249 249 249 249 249 249 249 249 249 249 249 249 249 249 249 249 249 249 249 249 249 249 249 249 249 249 249 249 249 249 249 249 249 249 249 249 249 249 249 249 249 249 249 249 249 249 249 249 249 249 249 249 249 249 249 249 249 249 249 249 249 249 249 249 249 249 249 249 249 249 249 249 249 249 249 249 249 249 249 249 249 249 249 249 249 249 249 249 
Weight factor: 0.8
Crossover rate: 0.9
Max iteration: 6000
Best solution: 
[133, 244, 76, 62, 6, 162, 32, 48, 137, 24, 224, 235, 190, 241, 206, 108, 175, 116, 105, 218, 39, 52, 81, 72, 109, 165, 94, 211, 69, 64, 233, 213, 150, 200, 163, 153, 29, 71, 102, 142, 223, 231, 242, 168, 13, 66, 102, 127, 237, 240, 26, 188, 111, 246, 91, 247, 59, 84, 4, 132, 100, 191, 214, 229, 131, 238, 56, 136, 19, 117, 205, 248, 68, 204, 118, 60, 173, 65, 227, 162, 18, 183, 11, 186, 216, 75, 99, 203, 103, 166, 146, 85, 134, 140, 3, 61, 34, 129, 161, 2, 169, 46, 51, 128, 171, 8, 74, 232, 92, 101, 198, 226, 49, 195, 88, 95, 180, 53, 106, 70, 5, 201, 221, 234, 189, 222, 152, 41, 45, 96, 122, 123, 35, 38, 86, 89, 83, 55, 90, 79, 7, 184, 158, 155, 141, 179, 47, 187, 59, 249, 143, 139, 239, 93, 63, 172, 15, 192, 208, 121, 147, 1, 124, 73, 98, 21, 144, 225, 22, 14, 42, 197, 125, 43, 112, 36, 27, 178, 40, 12, 228, 10, 215, 33, 0, 170, 156, 159, 182, 80, 107, 194, 207, 82, 177, 78, 77, 87, 148, 120, 176, 193, 119, 54, 110, 151, 220, 135, 199, 185, 230, 104, 164, 236, 25, 154, 57, 115, 212, 145, 31, 217, 167, 114, 9, 50, 28, 97, 67, 196, 149, 17, 20, 37, 138, 210, 130, 44, 160, 245, 113, 202, 16, 30, 126, 23, 58, 219, 157, 174, ]
Best fitness: 15.4182
SEED: 27967

Solution Bins: 
Bin Number: 74
149 148 139 149 106 118 144 147 135 137 138 123 141 141 149 150 120 138 150 131 140 104 139 146 148 124 100 146 147 141 99 91 148 135 146 137 146 150 148 137 149 142 149 143 143 142 147 131 148 95 124 148 137 125 122 148 133 148 140 145 144 121 138 145 147 140 83 141 149 144 143 119 150 111 
Elapsed time: 131 s
----------------------------------------

Population size: 600
Problem dimension: 250
Lower bound: 
0 0 0 0 0 0 0 0 0 0 0 0 0 0 0 0 0 0 0 0 0 0 0 0 0 0 0 0 0 0 0 0 0 0 0 0 0 0 0 0 0 0 0 0 0 0 0 0 0 0 0 0 0 0 0 0 0 0 0 0 0 0 0 0 0 0 0 0 0 0 0 0 0 0 0 0 0 0 0 0 0 0 0 0 0 0 0 0 0 0 0 0 0 0 0 0 0 0 0 0 0 0 0 0 0 0 0 0 0 0 0 0 0 0 0 0 0 0 0 0 0 0 0 0 0 0 0 0 0 0 0 0 0 0 0 0 0 0 0 0 0 0 0 0 0 0 0 0 0 0 0 0 0 0 0 0 0 0 0 0 0 0 0 0 0 0 0 0 0 0 0 0 0 0 0 0 0 0 0 0 0 0 0 0 0 0 0 0 0 0 0 0 0 0 0 0 0 0 0 0 0 0 0 0 0 0 0 0 0 0 0 0 0 0 0 0 0 0 0 0 0 0 0 0 0 0 0 0 0 0 0 0 0 0 0 0 0 0 0 0 0 0 0 0 0 0 0 0 0 0 
Upper bound: 
249 249 249 249 249 249 249 249 249 249 249 249 249 249 249 249 249 249 249 249 249 249 249 249 249 249 249 249 249 249 249 249 249 249 249 249 249 249 249 249 249 249 249 249 249 249 249 249 249 249 249 249 249 249 249 249 249 249 249 249 249 249 249 249 249 249 249 249 249 249 249 249 249 249 249 249 249 249 249 249 249 249 249 249 249 249 249 249 249 249 249 249 249 249 249 249 249 249 249 249 249 249 249 249 249 249 249 249 249 249 249 249 249 249 249 249 249 249 249 249 249 249 249 249 249 249 249 249 249 249 249 249 249 249 249 249 249 249 249 249 249 249 249 249 249 249 249 249 249 249 249 249 249 249 249 249 249 249 249 249 249 249 249 249 249 249 249 249 249 249 249 249 249 249 249 249 249 249 249 249 249 249 249 249 249 249 249 249 249 249 249 249 249 249 249 249 249 249 249 249 249 249 249 249 249 249 249 249 249 249 249 249 249 249 249 249 249 249 249 249 249 249 249 249 249 249 249 249 249 249 249 249 249 249 249 249 249 249 249 249 249 249 249 249 249 249 249 249 249 249 
Weight factor: 0.8
Crossover rate: 0.9
Max iteration: 6000
Best solution: 
[176, 74, 17, 90, 4, 204, 99, 166, 195, 6, 232, 230, 177, 244, 228, 60, 114, 116, 52, 155, 144, 196, 167, 249, 245, 113, 102, 9, 62, 197, 216, 46, 181, 135, 162, 84, 65, 105, 133, 192, 28, 0, 93, 191, 248, 98, 50, 194, 225, 138, 1, 107, 190, 178, 169, 78, 88, 220, 152, 121, 129, 53, 119, 109, 61, 75, 173, 246, 31, 209, 10, 201, 183, 140, 143, 29, 36, 14, 238, 27, 34, 20, 49, 104, 222, 223, 185, 218, 95, 164, 227, 101, 237, 42, 11, 159, 157, 5, 206, 136, 57, 234, 77, 44, 198, 213, 30, 184, 32, 128, 224, 96, 8, 165, 38, 210, 106, 205, 171, 103, 142, 18, 94, 211, 19, 97, 231, 122, 148, 35, 242, 217, 240, 76, 73, 186, 16, 2, 85, 156, 26, 39, 110, 158, 22, 161, 51, 214, 3, 37, 48, 120, 24, 202, 130, 132, 126, 149, 45, 150, 70, 199, 108, 221, 115, 141, 56, 67, 100, 25, 124, 58, 89, 117, 47, 81, 247, 175, 188, 229, 23, 212, 145, 119, 71, 59, 146, 63, 189, 21, 139, 92, 236, 153, 55, 182, 203, 82, 208, 79, 134, 243, 64, 68, 87, 147, 160, 7, 54, 13, 180, 12, 193, 179, 91, 151, 80, 123, 168, 127, 111, 200, 69, 131, 172, 215, 10, 174, 154, 66, 15, 118, 86, 40, 207, 170, 239, 187, 137, 235, 33, 219, 72, 163, 233, 83, 41, 125, 112, 226, ]
Best fitness: 15.8771
SEED: 31414

Solution Bins: 
Bin Number: 73
117 67 147 150 129 144 139 147 147 148 140 132 126 150 100 132 150 140 142 67 132 150 89 116 95 118 145 88 148 134 106 123 135 150 137 145 150 128 139 148 139 120 150 145 132 144 149 138 112 144 140 140 146 132 146 134 136 141 150 148 145 149 141 150 129 120 132 130 128 129 146 144 144 
Elapsed time: 130 s
----------------------------------------

Population size: 600
Problem dimension: 250
Lower bound: 
0 0 0 0 0 0 0 0 0 0 0 0 0 0 0 0 0 0 0 0 0 0 0 0 0 0 0 0 0 0 0 0 0 0 0 0 0 0 0 0 0 0 0 0 0 0 0 0 0 0 0 0 0 0 0 0 0 0 0 0 0 0 0 0 0 0 0 0 0 0 0 0 0 0 0 0 0 0 0 0 0 0 0 0 0 0 0 0 0 0 0 0 0 0 0 0 0 0 0 0 0 0 0 0 0 0 0 0 0 0 0 0 0 0 0 0 0 0 0 0 0 0 0 0 0 0 0 0 0 0 0 0 0 0 0 0 0 0 0 0 0 0 0 0 0 0 0 0 0 0 0 0 0 0 0 0 0 0 0 0 0 0 0 0 0 0 0 0 0 0 0 0 0 0 0 0 0 0 0 0 0 0 0 0 0 0 0 0 0 0 0 0 0 0 0 0 0 0 0 0 0 0 0 0 0 0 0 0 0 0 0 0 0 0 0 0 0 0 0 0 0 0 0 0 0 0 0 0 0 0 0 0 0 0 0 0 0 0 0 0 0 0 0 0 0 0 0 0 0 0 
Upper bound: 
249 249 249 249 249 249 249 249 249 249 249 249 249 249 249 249 249 249 249 249 249 249 249 249 249 249 249 249 249 249 249 249 249 249 249 249 249 249 249 249 249 249 249 249 249 249 249 249 249 249 249 249 249 249 249 249 249 249 249 249 249 249 249 249 249 249 249 249 249 249 249 249 249 249 249 249 249 249 249 249 249 249 249 249 249 249 249 249 249 249 249 249 249 249 249 249 249 249 249 249 249 249 249 249 249 249 249 249 249 249 249 249 249 249 249 249 249 249 249 249 249 249 249 249 249 249 249 249 249 249 249 249 249 249 249 249 249 249 249 249 249 249 249 249 249 249 249 249 249 249 249 249 249 249 249 249 249 249 249 249 249 249 249 249 249 249 249 249 249 249 249 249 249 249 249 249 249 249 249 249 249 249 249 249 249 249 249 249 249 249 249 249 249 249 249 249 249 249 249 249 249 249 249 249 249 249 249 249 249 249 249 249 249 249 249 249 249 249 249 249 249 249 249 249 249 249 249 249 249 249 249 249 249 249 249 249 249 249 249 249 249 249 249 249 249 249 249 249 249 249 
Weight factor: 0.8
Crossover rate: 0.9
Max iteration: 6000
Best solution: 
[38, 169, 6, 88, 209, 175, 181, 66, 177, 244, 103, 36, 213, 128, 4, 214, 239, 157, 172, 158, 200, 94, 53, 106, 15, 187, 190, 46, 136, 192, 142, 73, 163, 70, 72, 153, 138, 229, 92, 101, 122, 50, 197, 242, 234, 179, 226, 24, 106, 223, 233, 224, 161, 245, 231, 108, 217, 225, 69, 95, 91, 241, 238, 12, 17, 90, 139, 171, 51, 148, 45, 189, 151, 143, 218, 5, 167, 208, 195, 100, 207, 118, 147, 126, 221, 16, 83, 121, 89, 81, 60, 133, 191, 32, 3, 63, 243, 131, 86, 80, 44, 84, 174, 216, 99, 20, 237, 21, 154, 22, 249, 146, 33, 222, 168, 159, 93, 30, 135, 13, 129, 31, 102, 150, 23, 65, 173, 117, 186, 48, 27, 246, 34, 19, 160, 1, 64, 11, 111, 43, 180, 52, 116, 49, 42, 149, 104, 25, 199, 184, 165, 178, 188, 61, 166, 28, 79, 176, 232, 62, 10, 29, 220, 40, 123, 152, 7, 170, 105, 194, 87, 74, 198, 68, 227, 185, 82, 58, 71, 140, 107, 204, 59, 212, 247, 183, 35, 137, 109, 228, 113, 98, 164, 201, 155, 47, 193, 75, 240, 196, 210, 112, 2, 124, 110, 9, 248, 235, 179, 156, 26, 97, 125, 203, 141, 55, 206, 120, 37, 182, 144, 14, 57, 76, 67, 134, 130, 39, 85, 205, 127, 132, 230, 78, 77, 219, 56, 114, 119, 202, 162, 96, 41, 115, 236, 145, 8, 18, 0, 54, ]
Best fitness: 14.7577
SEED: 20810

Solution Bins: 
Bin Number: 74
136 148 143 121 132 146 149 138 140 126 149 147 143 119 142 141 141 144 121 136 146 148 136 140 130 150 131 101 139 145 119 146 143 97 147 148 147 150 114 145 78 148 144 140 131 133 140 149 121 111 150 109 140 128 149 132 150 137 135 96 121 139 124 136 149 150 147 145 149 142 143 150 138 96 
Elapsed time: 130 s
----------------------------------------

Population size: 600
Problem dimension: 250
Lower bound: 
0 0 0 0 0 0 0 0 0 0 0 0 0 0 0 0 0 0 0 0 0 0 0 0 0 0 0 0 0 0 0 0 0 0 0 0 0 0 0 0 0 0 0 0 0 0 0 0 0 0 0 0 0 0 0 0 0 0 0 0 0 0 0 0 0 0 0 0 0 0 0 0 0 0 0 0 0 0 0 0 0 0 0 0 0 0 0 0 0 0 0 0 0 0 0 0 0 0 0 0 0 0 0 0 0 0 0 0 0 0 0 0 0 0 0 0 0 0 0 0 0 0 0 0 0 0 0 0 0 0 0 0 0 0 0 0 0 0 0 0 0 0 0 0 0 0 0 0 0 0 0 0 0 0 0 0 0 0 0 0 0 0 0 0 0 0 0 0 0 0 0 0 0 0 0 0 0 0 0 0 0 0 0 0 0 0 0 0 0 0 0 0 0 0 0 0 0 0 0 0 0 0 0 0 0 0 0 0 0 0 0 0 0 0 0 0 0 0 0 0 0 0 0 0 0 0 0 0 0 0 0 0 0 0 0 0 0 0 0 0 0 0 0 0 0 0 0 0 0 0 
Upper bound: 
249 249 249 249 249 249 249 249 249 249 249 249 249 249 249 249 249 249 249 249 249 249 249 249 249 249 249 249 249 249 249 249 249 249 249 249 249 249 249 249 249 249 249 249 249 249 249 249 249 249 249 249 249 249 249 249 249 249 249 249 249 249 249 249 249 249 249 249 249 249 249 249 249 249 249 249 249 249 249 249 249 249 249 249 249 249 249 249 249 249 249 249 249 249 249 249 249 249 249 249 249 249 249 249 249 249 249 249 249 249 249 249 249 249 249 249 249 249 249 249 249 249 249 249 249 249 249 249 249 249 249 249 249 249 249 249 249 249 249 249 249 249 249 249 249 249 249 249 249 249 249 249 249 249 249 249 249 249 249 249 249 249 249 249 249 249 249 249 249 249 249 249 249 249 249 249 249 249 249 249 249 249 249 249 249 249 249 249 249 249 249 249 249 249 249 249 249 249 249 249 249 249 249 249 249 249 249 249 249 249 249 249 249 249 249 249 249 249 249 249 249 249 249 249 249 249 249 249 249 249 249 249 249 249 249 249 249 249 249 249 249 249 249 249 249 249 249 249 249 249 
Weight factor: 0.8
Crossover rate: 0.9
Max iteration: 6000
Best solution: 
[7, 173, 191, 38, 160, 140, 164, 145, 169, 35, 100, 190, 188, 117, 185, 0, 109, 84, 101, 56, 135, 27, 248, 46, 119, 25, 163, 150, 181, 210, 95, 75, 219, 137, 232, 106, 5, 129, 227, 130, 178, 72, 15, 89, 79, 22, 228, 40, 111, 39, 133, 166, 139, 206, 200, 237, 205, 104, 204, 168, 11, 114, 78, 20, 4, 222, 128, 192, 54, 234, 247, 153, 211, 162, 221, 229, 17, 19, 105, 57, 41, 142, 184, 147, 214, 43, 113, 132, 242, 123, 99, 52, 12, 193, 134, 177, 201, 236, 207, 42, 182, 226, 66, 212, 156, 157, 165, 29, 76, 65, 70, 152, 55, 18, 31, 30, 85, 127, 37, 138, 49, 243, 44, 104, 197, 235, 6, 33, 50, 102, 48, 1, 175, 215, 26, 189, 63, 230, 148, 155, 187, 62, 159, 10, 81, 77, 9, 53, 146, 80, 87, 116, 68, 218, 23, 203, 103, 86, 171, 83, 143, 154, 220, 245, 16, 241, 202, 59, 71, 2, 120, 60, 174, 112, 135, 216, 110, 8, 36, 118, 158, 231, 125, 96, 3, 149, 58, 172, 13, 199, 88, 124, 238, 91, 161, 208, 122, 246, 239, 108, 180, 107, 186, 141, 217, 94, 144, 74, 51, 92, 24, 225, 121, 155, 73, 21, 196, 170, 32, 126, 93, 136, 61, 82, 90, 183, 240, 28, 69, 176, 249, 167, 195, 14, 34, 194, 67, 223, 179, 97, 47, 115, 45, 98, 151, 157, 244, 64, 209, 131, ]
Best fitness: 15.101
SEED: 5081

Solution Bins: 
Bin Number: 74
145 139 149 146 143 133 148 145 146 138 143 141 74 139 115 144 149 145 132 128 147 133 122 144 150 147 146 138 139 148 149 148 134 91 127 139 149 123 147 145 135 130 129 141 136 130 124 133 123 147 117 100 125 148 149 150 134 134 148 138 150 150 149 138 133 149 135 133 140 135 143 150 150 150 
Elapsed time: 130 s
----------------------------------------

Population size: 600
Problem dimension: 250
Lower bound: 
0 0 0 0 0 0 0 0 0 0 0 0 0 0 0 0 0 0 0 0 0 0 0 0 0 0 0 0 0 0 0 0 0 0 0 0 0 0 0 0 0 0 0 0 0 0 0 0 0 0 0 0 0 0 0 0 0 0 0 0 0 0 0 0 0 0 0 0 0 0 0 0 0 0 0 0 0 0 0 0 0 0 0 0 0 0 0 0 0 0 0 0 0 0 0 0 0 0 0 0 0 0 0 0 0 0 0 0 0 0 0 0 0 0 0 0 0 0 0 0 0 0 0 0 0 0 0 0 0 0 0 0 0 0 0 0 0 0 0 0 0 0 0 0 0 0 0 0 0 0 0 0 0 0 0 0 0 0 0 0 0 0 0 0 0 0 0 0 0 0 0 0 0 0 0 0 0 0 0 0 0 0 0 0 0 0 0 0 0 0 0 0 0 0 0 0 0 0 0 0 0 0 0 0 0 0 0 0 0 0 0 0 0 0 0 0 0 0 0 0 0 0 0 0 0 0 0 0 0 0 0 0 0 0 0 0 0 0 0 0 0 0 0 0 0 0 0 0 0 0 
Upper bound: 
249 249 249 249 249 249 249 249 249 249 249 249 249 249 249 249 249 249 249 249 249 249 249 249 249 249 249 249 249 249 249 249 249 249 249 249 249 249 249 249 249 249 249 249 249 249 249 249 249 249 249 249 249 249 249 249 249 249 249 249 249 249 249 249 249 249 249 249 249 249 249 249 249 249 249 249 249 249 249 249 249 249 249 249 249 249 249 249 249 249 249 249 249 249 249 249 249 249 249 249 249 249 249 249 249 249 249 249 249 249 249 249 249 249 249 249 249 249 249 249 249 249 249 249 249 249 249 249 249 249 249 249 249 249 249 249 249 249 249 249 249 249 249 249 249 249 249 249 249 249 249 249 249 249 249 249 249 249 249 249 249 249 249 249 249 249 249 249 249 249 249 249 249 249 249 249 249 249 249 249 249 249 249 249 249 249 249 249 249 249 249 249 249 249 249 249 249 249 249 249 249 249 249 249 249 249 249 249 249 249 249 249 249 249 249 249 249 249 249 249 249 249 249 249 249 249 249 249 249 249 249 249 249 249 249 249 249 249 249 249 249 249 249 249 249 249 249 249 249 249 
Weight factor: 0.8
Crossover rate: 0.9
Max iteration: 6000
Best solution: 
[113, 91, 106, 117, 61, 179, 191, 58, 9, 227, 245, 14, 174, 207, 238, 42, 116, 84, 153, 233, 40, 158, 11, 234, 83, 168, 216, 28, 192, 131, 202, 19, 247, 223, 87, 209, 243, 34, 128, 23, 3, 88, 39, 152, 76, 151, 155, 188, 95, 67, 86, 79, 176, 35, 48, 192, 0, 20, 29, 127, 172, 204, 33, 81, 214, 55, 72, 147, 206, 104, 182, 68, 49, 143, 15, 6, 103, 51, 138, 115, 38, 92, 70, 77, 236, 219, 47, 126, 170, 199, 186, 122, 135, 231, 171, 108, 54, 114, 139, 5, 157, 228, 12, 167, 59, 145, 20, 220, 148, 25, 246, 13, 165, 85, 136, 30, 53, 212, 154, 215, 218, 249, 211, 198, 93, 132, 24, 50, 190, 102, 237, 240, 156, 222, 80, 21, 36, 197, 142, 90, 160, 244, 18, 205, 31, 177, 121, 56, 82, 224, 184, 64, 110, 248, 78, 125, 149, 107, 225, 43, 130, 203, 161, 178, 75, 22, 173, 62, 200, 140, 52, 242, 10, 180, 195, 41, 123, 16, 119, 45, 162, 241, 4, 111, 74, 181, 239, 164, 150, 32, 7, 213, 134, 189, 27, 57, 101, 98, 37, 141, 46, 166, 17, 100, 63, 99, 2, 60, 185, 146, 71, 73, 217, 94, 183, 210, 208, 26, 163, 133, 194, 129, 169, 137, 221, 187, 65, 124, 66, 193, 159, 44, 118, 235, 112, 175, 201, 230, 109, 229, 144, 69, 96, 120, 8, 232, 105, 226, 210, 196, ]
Best fitness: 15.2068
SEED: 28603

Solution Bins: 
Bin Number: 75
127 141 121 146 144 145 148 148 133 150 147 100 140 144 145 134 140 150 125 114 150 76 149 147 150 146 115 127 128 143 150 146 148 147 145 147 146 136 94 129 149 126 139 126 142 148 150 90 143 72 125 137 142 146 145 123 139 144 128 145 143 144 143 123 146 143 143 144 148 117 146 144 141 125 149 
Elapsed time: 130 s
----------------------------------------

Population size: 600
Problem dimension: 250
Lower bound: 
0 0 0 0 0 0 0 0 0 0 0 0 0 0 0 0 0 0 0 0 0 0 0 0 0 0 0 0 0 0 0 0 0 0 0 0 0 0 0 0 0 0 0 0 0 0 0 0 0 0 0 0 0 0 0 0 0 0 0 0 0 0 0 0 0 0 0 0 0 0 0 0 0 0 0 0 0 0 0 0 0 0 0 0 0 0 0 0 0 0 0 0 0 0 0 0 0 0 0 0 0 0 0 0 0 0 0 0 0 0 0 0 0 0 0 0 0 0 0 0 0 0 0 0 0 0 0 0 0 0 0 0 0 0 0 0 0 0 0 0 0 0 0 0 0 0 0 0 0 0 0 0 0 0 0 0 0 0 0 0 0 0 0 0 0 0 0 0 0 0 0 0 0 0 0 0 0 0 0 0 0 0 0 0 0 0 0 0 0 0 0 0 0 0 0 0 0 0 0 0 0 0 0 0 0 0 0 0 0 0 0 0 0 0 0 0 0 0 0 0 0 0 0 0 0 0 0 0 0 0 0 0 0 0 0 0 0 0 0 0 0 0 0 0 0 0 0 0 0 0 
Upper bound: 
249 249 249 249 249 249 249 249 249 249 249 249 249 249 249 249 249 249 249 249 249 249 249 249 249 249 249 249 249 249 249 249 249 249 249 249 249 249 249 249 249 249 249 249 249 249 249 249 249 249 249 249 249 249 249 249 249 249 249 249 249 249 249 249 249 249 249 249 249 249 249 249 249 249 249 249 249 249 249 249 249 249 249 249 249 249 249 249 249 249 249 249 249 249 249 249 249 249 249 249 249 249 249 249 249 249 249 249 249 249 249 249 249 249 249 249 249 249 249 249 249 249 249 249 249 249 249 249 249 249 249 249 249 249 249 249 249 249 249 249 249 249 249 249 249 249 249 249 249 249 249 249 249 249 249 249 249 249 249 249 249 249 249 249 249 249 249 249 249 249 249 249 249 249 249 249 249 249 249 249 249 249 249 249 249 249 249 249 249 249 249 249 249 249 249 249 249 249 249 249 249 249 249 249 249 249 249 249 249 249 249 249 249 249 249 249 249 249 249 249 249 249 249 249 249 249 249 249 249 249 249 249 249 249 249 249 249 249 249 249 249 249 249 249 249 249 249 249 249 249 
Weight factor: 0.8
Crossover rate: 0.9
Max iteration: 6000
Best solution: 
[39, 155, 191, 50, 103, 205, 91, 69, 51, 156, 22, 136, 25, 135, 43, 120, 40, 162, 58, 105, 87, 199, 200, 84, 10, 188, 2, 108, 111, 74, 11, 163, 83, 220, 196, 18, 79, 102, 129, 227, 77, 32, 59, 124, 246, 110, 151, 99, 55, 189, 158, 152, 226, 183, 239, 6, 228, 233, 180, 54, 93, 207, 65, 201, 225, 126, 34, 173, 166, 16, 190, 131, 114, 8, 46, 100, 26, 52, 117, 179, 235, 72, 184, 165, 198, 169, 94, 160, 134, 44, 240, 149, 230, 80, 157, 247, 147, 209, 194, 132, 241, 176, 222, 231, 187, 164, 42, 12, 138, 75, 21, 170, 4, 89, 243, 211, 70, 101, 41, 106, 223, 113, 35, 121, 17, 161, 208, 24, 154, 133, 116, 47, 215, 78, 65, 185, 81, 69, 71, 130, 115, 76, 167, 66, 242, 19, 128, 53, 216, 63, 85, 86, 91, 118, 245, 238, 104, 56, 31, 90, 88, 195, 61, 123, 60, 112, 153, 204, 229, 15, 219, 221, 234, 206, 98, 178, 192, 29, 142, 109, 232, 140, 57, 127, 33, 181, 92, 64, 146, 174, 186, 182, 202, 7, 218, 1, 9, 175, 143, 0, 107, 38, 139, 36, 236, 45, 30, 150, 68, 197, 27, 13, 210, 148, 237, 213, 82, 203, 144, 168, 67, 23, 212, 224, 28, 171, 48, 20, 141, 14, 62, 159, 177, 244, 5, 97, 217, 73, 172, 125, 49, 119, 37, 3, 248, 137, 145, 193, 249, 214, ]
Best fitness: 14.4941
SEED: 19989

Solution Bins: 
Bin Number: 75
139 147 141 146 149 148 144 143 141 134 148 96 148 91 142 146 129 149 126 148 147 144 118 149 144 141 150 141 149 147 122 136 127 147 130 150 150 146 145 146 148 145 118 148 141 148 148 145 136 139 148 126 124 132 141 148 144 132 129 144 100 143 109 129 93 143 136 127 139 149 129 122 149 144 120 
Elapsed time: 130 s
----------------------------------------

Population size: 600
Problem dimension: 250
Lower bound: 
0 0 0 0 0 0 0 0 0 0 0 0 0 0 0 0 0 0 0 0 0 0 0 0 0 0 0 0 0 0 0 0 0 0 0 0 0 0 0 0 0 0 0 0 0 0 0 0 0 0 0 0 0 0 0 0 0 0 0 0 0 0 0 0 0 0 0 0 0 0 0 0 0 0 0 0 0 0 0 0 0 0 0 0 0 0 0 0 0 0 0 0 0 0 0 0 0 0 0 0 0 0 0 0 0 0 0 0 0 0 0 0 0 0 0 0 0 0 0 0 0 0 0 0 0 0 0 0 0 0 0 0 0 0 0 0 0 0 0 0 0 0 0 0 0 0 0 0 0 0 0 0 0 0 0 0 0 0 0 0 0 0 0 0 0 0 0 0 0 0 0 0 0 0 0 0 0 0 0 0 0 0 0 0 0 0 0 0 0 0 0 0 0 0 0 0 0 0 0 0 0 0 0 0 0 0 0 0 0 0 0 0 0 0 0 0 0 0 0 0 0 0 0 0 0 0 0 0 0 0 0 0 0 0 0 0 0 0 0 0 0 0 0 0 0 0 0 0 0 0 
Upper bound: 
249 249 249 249 249 249 249 249 249 249 249 249 249 249 249 249 249 249 249 249 249 249 249 249 249 249 249 249 249 249 249 249 249 249 249 249 249 249 249 249 249 249 249 249 249 249 249 249 249 249 249 249 249 249 249 249 249 249 249 249 249 249 249 249 249 249 249 249 249 249 249 249 249 249 249 249 249 249 249 249 249 249 249 249 249 249 249 249 249 249 249 249 249 249 249 249 249 249 249 249 249 249 249 249 249 249 249 249 249 249 249 249 249 249 249 249 249 249 249 249 249 249 249 249 249 249 249 249 249 249 249 249 249 249 249 249 249 249 249 249 249 249 249 249 249 249 249 249 249 249 249 249 249 249 249 249 249 249 249 249 249 249 249 249 249 249 249 249 249 249 249 249 249 249 249 249 249 249 249 249 249 249 249 249 249 249 249 249 249 249 249 249 249 249 249 249 249 249 249 249 249 249 249 249 249 249 249 249 249 249 249 249 249 249 249 249 249 249 249 249 249 249 249 249 249 249 249 249 249 249 249 249 249 249 249 249 249 249 249 249 249 249 249 249 249 249 249 249 249 249 
Weight factor: 0.8
Crossover rate: 0.9
Max iteration: 6000
Best solution: 
[138, 77, 195, 9, 154, 238, 161, 119, 117, 156, 202, 173, 30, 86, 239, 227, 217, 38, 204, 223, 228, 152, 27, 146, 25, 132, 81, 188, 209, 2, 26, 150, 32, 58, 84, 7, 193, 35, 92, 59, 108, 78, 178, 74, 206, 189, 183, 41, 18, 122, 64, 192, 88, 215, 168, 143, 63, 85, 111, 11, 170, 220, 128, 101, 198, 157, 17, 76, 105, 234, 162, 90, 80, 65, 17, 70, 91, 118, 100, 53, 45, 116, 176, 184, 200, 99, 115, 169, 163, 177, 129, 13, 60, 112, 187, 174, 142, 246, 234, 230, 240, 231, 21, 181, 141, 235, 205, 232, 109, 10, 244, 218, 201, 212, 36, 106, 221, 22, 164, 247, 210, 110, 208, 236, 190, 175, 113, 167, 172, 75, 229, 31, 139, 48, 73, 171, 136, 180, 248, 147, 15, 20, 185, 104, 182, 196, 51, 140, 57, 145, 61, 12, 225, 224, 72, 191, 242, 127, 125, 186, 40, 133, 55, 134, 144, 199, 5, 6, 52, 166, 226, 69, 74, 68, 97, 8, 137, 79, 237, 14, 94, 66, 50, 43, 165, 83, 126, 29, 102, 82, 153, 98, 89, 87, 1, 103, 96, 158, 3, 203, 23, 194, 214, 123, 46, 216, 155, 95, 179, 44, 121, 71, 151, 243, 107, 37, 56, 120, 131, 245, 0, 241, 16, 135, 34, 67, 227, 54, 219, 28, 133, 33, 42, 47, 211, 249, 49, 160, 30, 4, 197, 233, 39, 93, 222, 114, 124, 213, 159, 62, ]
Best fitness: 14.6291
SEED: 1779

Solution Bins: 
Bin Number: 71
126 150 110 133 150 141 147 145 147 150 129 143 150 130 138 148 148 145 122 146 137 147 141 147 149 125 150 142 145 144 138 150 122 124 150 147 144 138 146 149 150 137 133 128 140 144 145 99 150 141 150 143 134 150 121 137 129 136 131 148 146 137 142 145 144 139 146 138 142 150 148 
Elapsed time: 130 s
----------------------------------------

