Population size: 600
Problem dimension: 120
Lower bound: 
0 0 0 0 0 0 0 0 0 0 0 0 0 0 0 0 0 0 0 0 0 0 0 0 0 0 0 0 0 0 0 0 0 0 0 0 0 0 0 0 0 0 0 0 0 0 0 0 0 0 0 0 0 0 0 0 0 0 0 0 0 0 0 0 0 0 0 0 0 0 0 0 0 0 0 0 0 0 0 0 0 0 0 0 0 0 0 0 0 0 0 0 0 0 0 0 0 0 0 0 0 0 0 0 0 0 0 0 0 0 0 0 0 0 0 0 0 0 0 0 
Upper bound: 
119 119 119 119 119 119 119 119 119 119 119 119 119 119 119 119 119 119 119 119 119 119 119 119 119 119 119 119 119 119 119 119 119 119 119 119 119 119 119 119 119 119 119 119 119 119 119 119 119 119 119 119 119 119 119 119 119 119 119 119 119 119 119 119 119 119 119 119 119 119 119 119 119 119 119 119 119 119 119 119 119 119 119 119 119 119 119 119 119 119 119 119 119 119 119 119 119 119 119 119 119 119 119 119 119 119 119 119 119 119 119 119 119 119 119 119 119 119 119 119 
Weight factor: 0.8
Crossover rate: 0.9
Max iteration: 6000
Best solution: 
[63, 19, 95, 3, 80, 7, 35, 46, 27, 103, 99, 32, 86, 56, 77, 76, 50, 69, 79, 60, 57, 83, 75, 55, 2, 22, 54, 97, 39, 38, 10, 105, 11, 100, 51, 36, 111, 89, 26, 42, 112, 21, 96, 6, 28, 119, 49, 116, 114, 4, 115, 67, 117, 104, 92, 102, 58, 16, 13, 82, 33, 110, 53, 66, 47, 113, 37, 23, 78, 12, 42, 31, 9, 91, 0, 64, 52, 25, 15, 45, 41, 65, 70, 74, 68, 107, 72, 5, 34, 1, 94, 20, 81, 8, 93, 48, 29, 118, 108, 98, 84, 88, 18, 40, 90, 101, 24, 85, 71, 59, 87, 73, 62, 106, 61, 30, 44, 14, 109, 17, ]
Best fitness: 4.61538
SEED: 30003

Solution Bins: 
Bin Number: 34
141 139 146 147 149 150 147 145 146 122 140 121 147 100 145 149 142 149 150 126 150 137 145 143 145 141 136 135 148 149 147 149 133 149 
Elapsed time: 70 s
----------------------------------------

Population size: 600
Problem dimension: 120
Lower bound: 
0 0 0 0 0 0 0 0 0 0 0 0 0 0 0 0 0 0 0 0 0 0 0 0 0 0 0 0 0 0 0 0 0 0 0 0 0 0 0 0 0 0 0 0 0 0 0 0 0 0 0 0 0 0 0 0 0 0 0 0 0 0 0 0 0 0 0 0 0 0 0 0 0 0 0 0 0 0 0 0 0 0 0 0 0 0 0 0 0 0 0 0 0 0 0 0 0 0 0 0 0 0 0 0 0 0 0 0 0 0 0 0 0 0 0 0 0 0 0 0 
Upper bound: 
119 119 119 119 119 119 119 119 119 119 119 119 119 119 119 119 119 119 119 119 119 119 119 119 119 119 119 119 119 119 119 119 119 119 119 119 119 119 119 119 119 119 119 119 119 119 119 119 119 119 119 119 119 119 119 119 119 119 119 119 119 119 119 119 119 119 119 119 119 119 119 119 119 119 119 119 119 119 119 119 119 119 119 119 119 119 119 119 119 119 119 119 119 119 119 119 119 119 119 119 119 119 119 119 119 119 119 119 119 119 119 119 119 119 119 119 119 119 119 119 
Weight factor: 0.8
Crossover rate: 0.9
Max iteration: 6000
Best solution: 
[16, 37, 47, 35, 34, 22, 56, 29, 6, 21, 92, 68, 57, 40, 64, 65, 95, 67, 78, 100, 48, 96, 39, 91, 99, 46, 14, 93, 112, 97, 77, 44, 116, 75, 50, 23, 25, 7, 63, 8, 72, 107, 41, 90, 59, 11, 27, 73, 49, 31, 81, 114, 103, 71, 45, 20, 119, 76, 43, 74, 82, 60, 111, 108, 38, 85, 4, 113, 28, 84, 101, 102, 69, 54, 109, 94, 89, 61, 10, 88, 80, 52, 13, 58, 79, 70, 55, 2, 83, 18, 62, 12, 15, 32, 66, 98, 5, 104, 117, 19, 30, 33, 1, 17, 24, 53, 105, 106, 86, 42, 3, 36, 115, 118, 110, 51, 9, 87, 0, 26, ]
Best fitness: 4.67236
SEED: 6505

Solution Bins: 
Bin Number: 34
84 145 143 93 148 150 148 148 150 138 149 150 150 148 115 150 149 147 145 148 144 136 148 150 140 144 133 149 79 98 144 144 150 133 
Elapsed time: 71 s
----------------------------------------

Population size: 600
Problem dimension: 120
Lower bound: 
0 0 0 0 0 0 0 0 0 0 0 0 0 0 0 0 0 0 0 0 0 0 0 0 0 0 0 0 0 0 0 0 0 0 0 0 0 0 0 0 0 0 0 0 0 0 0 0 0 0 0 0 0 0 0 0 0 0 0 0 0 0 0 0 0 0 0 0 0 0 0 0 0 0 0 0 0 0 0 0 0 0 0 0 0 0 0 0 0 0 0 0 0 0 0 0 0 0 0 0 0 0 0 0 0 0 0 0 0 0 0 0 0 0 0 0 0 0 0 0 
Upper bound: 
119 119 119 119 119 119 119 119 119 119 119 119 119 119 119 119 119 119 119 119 119 119 119 119 119 119 119 119 119 119 119 119 119 119 119 119 119 119 119 119 119 119 119 119 119 119 119 119 119 119 119 119 119 119 119 119 119 119 119 119 119 119 119 119 119 119 119 119 119 119 119 119 119 119 119 119 119 119 119 119 119 119 119 119 119 119 119 119 119 119 119 119 119 119 119 119 119 119 119 119 119 119 119 119 119 119 119 119 119 119 119 119 119 119 119 119 119 119 119 119 
Weight factor: 0.8
Crossover rate: 0.9
Max iteration: 6000
Best solution: 
[63, 50, 37, 8, 100, 84, 76, 1, 40, 29, 45, 83, 89, 28, 73, 77, 2, 86, 88, 65, 87, 43, 79, 70, 74, 35, 0, 104, 38, 46, 82, 101, 14, 54, 21, 27, 61, 6, 55, 16, 53, 24, 25, 52, 96, 80, 112, 32, 68, 9, 66, 23, 110, 93, 92, 75, 33, 81, 26, 7, 11, 91, 118, 102, 3, 111, 39, 56, 34, 47, 31, 117, 5, 71, 106, 62, 13, 116, 15, 64, 94, 48, 113, 97, 41, 114, 4, 10, 57, 18, 67, 20, 51, 30, 42, 49, 59, 98, 119, 60, 99, 12, 58, 19, 95, 109, 72, 85, 108, 22, 90, 107, 44, 103, 115, 69, 105, 78, 36, 17, ]
Best fitness: 4.45769
SEED: 14484

Solution Bins: 
Bin Number: 35
124 127 143 149 121 142 138 138 130 146 145 150 146 145 148 146 150 123 129 129 133 147 143 143 142 131 121 143 150 141 150 142 148 141 150 
Elapsed time: 71 s
----------------------------------------

Population size: 600
Problem dimension: 120
Lower bound: 
0 0 0 0 0 0 0 0 0 0 0 0 0 0 0 0 0 0 0 0 0 0 0 0 0 0 0 0 0 0 0 0 0 0 0 0 0 0 0 0 0 0 0 0 0 0 0 0 0 0 0 0 0 0 0 0 0 0 0 0 0 0 0 0 0 0 0 0 0 0 0 0 0 0 0 0 0 0 0 0 0 0 0 0 0 0 0 0 0 0 0 0 0 0 0 0 0 0 0 0 0 0 0 0 0 0 0 0 0 0 0 0 0 0 0 0 0 0 0 0 
Upper bound: 
119 119 119 119 119 119 119 119 119 119 119 119 119 119 119 119 119 119 119 119 119 119 119 119 119 119 119 119 119 119 119 119 119 119 119 119 119 119 119 119 119 119 119 119 119 119 119 119 119 119 119 119 119 119 119 119 119 119 119 119 119 119 119 119 119 119 119 119 119 119 119 119 119 119 119 119 119 119 119 119 119 119 119 119 119 119 119 119 119 119 119 119 119 119 119 119 119 119 119 119 119 119 119 119 119 119 119 119 119 119 119 119 119 119 119 119 119 119 119 119 
Weight factor: 0.8
Crossover rate: 0.9
Max iteration: 6000
Best solution: 
[25, 52, 34, 59, 82, 71, 46, 13, 106, 107, 9, 75, 61, 86, 3, 51, 24, 118, 53, 30, 16, 68, 7, 14, 22, 88, 113, 116, 110, 77, 96, 101, 12, 57, 102, 98, 23, 79, 84, 90, 15, 50, 36, 1, 91, 109, 48, 31, 83, 49, 103, 100, 27, 45, 6, 47, 92, 111, 65, 2, 81, 94, 37, 70, 97, 73, 10, 62, 89, 69, 20, 18, 63, 5, 32, 43, 119, 55, 35, 105, 93, 39, 28, 11, 60, 85, 78, 114, 40, 76, 44, 33, 19, 117, 112, 0, 74, 72, 99, 56, 108, 8, 67, 17, 29, 54, 41, 26, 64, 4, 66, 58, 104, 42, 80, 38, 115, 87, 95, 21, ]
Best fitness: 4.43938
SEED: 7838

Solution Bins: 
Bin Number: 34
145 150 146 144 148 141 143 150 142 128 126 141 137 144 150 135 141 123 137 90 141 149 136 111 148 142 148 148 143 147 141 137 145 141 
Elapsed time: 72 s
----------------------------------------

Population size: 600
Problem dimension: 120
Lower bound: 
0 0 0 0 0 0 0 0 0 0 0 0 0 0 0 0 0 0 0 0 0 0 0 0 0 0 0 0 0 0 0 0 0 0 0 0 0 0 0 0 0 0 0 0 0 0 0 0 0 0 0 0 0 0 0 0 0 0 0 0 0 0 0 0 0 0 0 0 0 0 0 0 0 0 0 0 0 0 0 0 0 0 0 0 0 0 0 0 0 0 0 0 0 0 0 0 0 0 0 0 0 0 0 0 0 0 0 0 0 0 0 0 0 0 0 0 0 0 0 0 
Upper bound: 
119 119 119 119 119 119 119 119 119 119 119 119 119 119 119 119 119 119 119 119 119 119 119 119 119 119 119 119 119 119 119 119 119 119 119 119 119 119 119 119 119 119 119 119 119 119 119 119 119 119 119 119 119 119 119 119 119 119 119 119 119 119 119 119 119 119 119 119 119 119 119 119 119 119 119 119 119 119 119 119 119 119 119 119 119 119 119 119 119 119 119 119 119 119 119 119 119 119 119 119 119 119 119 119 119 119 119 119 119 119 119 119 119 119 119 119 119 119 119 119 
Weight factor: 0.8
Crossover rate: 0.9
Max iteration: 6000
Best solution: 
[32, 89, 108, 25, 44, 61, 70, 10, 81, 49, 59, 31, 26, 100, 93, 66, 53, 116, 21, 80, 9, 41, 38, 4, 46, 47, 0, 75, 111, 39, 36, 109, 95, 33, 40, 82, 19, 22, 58, 13, 7, 56, 15, 107, 34, 92, 105, 24, 118, 48, 99, 119, 12, 90, 35, 114, 14, 112, 1, 113, 69, 65, 97, 16, 98, 45, 79, 55, 101, 20, 57, 71, 63, 42, 54, 28, 18, 110, 17, 104, 37, 106, 67, 86, 117, 27, 84, 11, 64, 60, 77, 74, 87, 23, 52, 5, 29, 76, 6, 51, 102, 68, 8, 3, 85, 83, 91, 88, 78, 115, 2, 96, 73, 50, 72, 30, 94, 103, 62, 43, ]
Best fitness: 4.1676
SEED: 11540

Solution Bins: 
Bin Number: 33
149 127 134 136 128 150 146 139 145 145 127 144 145 149 148 142 125 140 149 117 106 142 144 150 132 148 146 124 149 138 149 150 150 
Elapsed time: 72 s
----------------------------------------

Population size: 600
Problem dimension: 120
Lower bound: 
0 0 0 0 0 0 0 0 0 0 0 0 0 0 0 0 0 0 0 0 0 0 0 0 0 0 0 0 0 0 0 0 0 0 0 0 0 0 0 0 0 0 0 0 0 0 0 0 0 0 0 0 0 0 0 0 0 0 0 0 0 0 0 0 0 0 0 0 0 0 0 0 0 0 0 0 0 0 0 0 0 0 0 0 0 0 0 0 0 0 0 0 0 0 0 0 0 0 0 0 0 0 0 0 0 0 0 0 0 0 0 0 0 0 0 0 0 0 0 0 
Upper bound: 
119 119 119 119 119 119 119 119 119 119 119 119 119 119 119 119 119 119 119 119 119 119 119 119 119 119 119 119 119 119 119 119 119 119 119 119 119 119 119 119 119 119 119 119 119 119 119 119 119 119 119 119 119 119 119 119 119 119 119 119 119 119 119 119 119 119 119 119 119 119 119 119 119 119 119 119 119 119 119 119 119 119 119 119 119 119 119 119 119 119 119 119 119 119 119 119 119 119 119 119 119 119 119 119 119 119 119 119 119 119 119 119 119 119 119 119 119 119 119 119 
Weight factor: 0.8
Crossover rate: 0.9
Max iteration: 6000
Best solution: 
[80, 20, 40, 79, 101, 104, 83, 17, 68, 88, 98, 45, 77, 5, 31, 23, 4, 50, 57, 46, 118, 49, 60, 9, 103, 10, 25, 87, 72, 59, 43, 62, 8, 27, 18, 111, 94, 42, 92, 106, 30, 116, 22, 53, 63, 21, 51, 67, 1, 71, 2, 96, 15, 61, 102, 78, 44, 55, 91, 114, 36, 38, 108, 90, 41, 119, 66, 24, 16, 56, 11, 35, 37, 48, 6, 113, 3, 76, 85, 100, 110, 86, 34, 12, 65, 115, 69, 0, 64, 84, 52, 81, 7, 93, 47, 89, 28, 54, 14, 26, 39, 70, 82, 33, 73, 107, 58, 105, 74, 32, 13, 117, 99, 109, 29, 97, 112, 19, 95, 75, ]
Best fitness: 4.7136
SEED: 24162

Solution Bins: 
Bin Number: 34
127 150 127 138 82 126 150 124 147 149 149 148 145 149 147 122 147 138 144 137 150 143 122 147 142 147 149 148 147 122 124 136 145 142 
Elapsed time: 71 s
----------------------------------------

Population size: 600
Problem dimension: 120
Lower bound: 
0 0 0 0 0 0 0 0 0 0 0 0 0 0 0 0 0 0 0 0 0 0 0 0 0 0 0 0 0 0 0 0 0 0 0 0 0 0 0 0 0 0 0 0 0 0 0 0 0 0 0 0 0 0 0 0 0 0 0 0 0 0 0 0 0 0 0 0 0 0 0 0 0 0 0 0 0 0 0 0 0 0 0 0 0 0 0 0 0 0 0 0 0 0 0 0 0 0 0 0 0 0 0 0 0 0 0 0 0 0 0 0 0 0 0 0 0 0 0 0 
Upper bound: 
119 119 119 119 119 119 119 119 119 119 119 119 119 119 119 119 119 119 119 119 119 119 119 119 119 119 119 119 119 119 119 119 119 119 119 119 119 119 119 119 119 119 119 119 119 119 119 119 119 119 119 119 119 119 119 119 119 119 119 119 119 119 119 119 119 119 119 119 119 119 119 119 119 119 119 119 119 119 119 119 119 119 119 119 119 119 119 119 119 119 119 119 119 119 119 119 119 119 119 119 119 119 119 119 119 119 119 119 119 119 119 119 119 119 119 119 119 119 119 119 
Weight factor: 0.8
Crossover rate: 0.9
Max iteration: 6000
Best solution: 
[41, 85, 106, 36, 51, 87, 94, 11, 26, 119, 78, 21, 12, 68, 13, 69, 0, 103, 109, 108, 49, 35, 27, 48, 62, 101, 56, 77, 97, 32, 44, 71, 6, 19, 42, 33, 16, 88, 75, 99, 110, 22, 84, 67, 74, 23, 9, 57, 95, 102, 99, 29, 64, 72, 4, 76, 80, 112, 46, 113, 15, 65, 10, 117, 17, 86, 47, 91, 28, 43, 90, 81, 96, 116, 24, 8, 59, 50, 61, 37, 34, 98, 2, 45, 5, 73, 40, 100, 60, 70, 7, 14, 52, 3, 114, 30, 79, 20, 111, 39, 93, 104, 92, 1, 55, 38, 89, 105, 115, 53, 18, 58, 54, 66, 107, 31, 82, 118, 25, 63, ]
Best fitness: 4.63978
SEED: 6422

Solution Bins: 
Bin Number: 34
145 146 144 137 147 128 149 137 148 93 150 150 143 150 148 143 140 140 149 119 145 150 131 134 140 142 149 147 138 137 146 146 147 147 
Elapsed time: 72 s
----------------------------------------

Population size: 600
Problem dimension: 120
Lower bound: 
0 0 0 0 0 0 0 0 0 0 0 0 0 0 0 0 0 0 0 0 0 0 0 0 0 0 0 0 0 0 0 0 0 0 0 0 0 0 0 0 0 0 0 0 0 0 0 0 0 0 0 0 0 0 0 0 0 0 0 0 0 0 0 0 0 0 0 0 0 0 0 0 0 0 0 0 0 0 0 0 0 0 0 0 0 0 0 0 0 0 0 0 0 0 0 0 0 0 0 0 0 0 0 0 0 0 0 0 0 0 0 0 0 0 0 0 0 0 0 0 
Upper bound: 
119 119 119 119 119 119 119 119 119 119 119 119 119 119 119 119 119 119 119 119 119 119 119 119 119 119 119 119 119 119 119 119 119 119 119 119 119 119 119 119 119 119 119 119 119 119 119 119 119 119 119 119 119 119 119 119 119 119 119 119 119 119 119 119 119 119 119 119 119 119 119 119 119 119 119 119 119 119 119 119 119 119 119 119 119 119 119 119 119 119 119 119 119 119 119 119 119 119 119 119 119 119 119 119 119 119 119 119 119 119 119 119 119 119 119 119 119 119 119 119 
Weight factor: 0.8
Crossover rate: 0.9
Max iteration: 6000
Best solution: 
[29, 74, 14, 43, 31, 40, 68, 56, 97, 95, 24, 76, 71, 53, 17, 19, 117, 79, 32, 3, 108, 52, 89, 87, 60, 116, 106, 4, 67, 112, 66, 57, 90, 83, 109, 111, 93, 84, 1, 25, 78, 45, 105, 101, 81, 21, 118, 44, 2, 72, 30, 73, 55, 77, 16, 103, 35, 102, 113, 104, 119, 20, 28, 51, 22, 61, 88, 85, 91, 110, 80, 100, 107, 26, 18, 58, 11, 6, 10, 59, 70, 42, 46, 47, 82, 5, 50, 39, 37, 15, 94, 36, 98, 99, 114, 13, 34, 23, 65, 7, 27, 64, 9, 92, 69, 54, 0, 48, 41, 12, 49, 38, 62, 75, 86, 115, 96, 33, 63, 8, ]
Best fitness: 3.72671
SEED: 3862

Solution Bins: 
Bin Number: 33
125 149 146 127 146 144 135 112 137 139 140 146 149 145 150 142 136 149 150 145 148 149 142 137 147 148 111 137 137 150 142 142 149 
Elapsed time: 72 s
----------------------------------------

Population size: 600
Problem dimension: 120
Lower bound: 
0 0 0 0 0 0 0 0 0 0 0 0 0 0 0 0 0 0 0 0 0 0 0 0 0 0 0 0 0 0 0 0 0 0 0 0 0 0 0 0 0 0 0 0 0 0 0 0 0 0 0 0 0 0 0 0 0 0 0 0 0 0 0 0 0 0 0 0 0 0 0 0 0 0 0 0 0 0 0 0 0 0 0 0 0 0 0 0 0 0 0 0 0 0 0 0 0 0 0 0 0 0 0 0 0 0 0 0 0 0 0 0 0 0 0 0 0 0 0 0 
Upper bound: 
119 119 119 119 119 119 119 119 119 119 119 119 119 119 119 119 119 119 119 119 119 119 119 119 119 119 119 119 119 119 119 119 119 119 119 119 119 119 119 119 119 119 119 119 119 119 119 119 119 119 119 119 119 119 119 119 119 119 119 119 119 119 119 119 119 119 119 119 119 119 119 119 119 119 119 119 119 119 119 119 119 119 119 119 119 119 119 119 119 119 119 119 119 119 119 119 119 119 119 119 119 119 119 119 119 119 119 119 119 119 119 119 119 119 119 119 119 119 119 119 
Weight factor: 0.8
Crossover rate: 0.9
Max iteration: 6000
Best solution: 
[82, 109, 91, 94, 42, 66, 23, 31, 69, 70, 112, 119, 7, 83, 73, 53, 97, 116, 1, 76, 36, 41, 25, 32, 93, 33, 89, 56, 92, 48, 55, 15, 22, 20, 54, 39, 6, 77, 115, 100, 113, 14, 108, 0, 78, 105, 110, 61, 107, 103, 60, 102, 71, 50, 51, 38, 43, 45, 68, 40, 28, 74, 27, 30, 85, 81, 5, 65, 35, 73, 106, 64, 99, 111, 47, 86, 17, 114, 44, 90, 96, 34, 57, 19, 24, 87, 117, 98, 75, 4, 9, 72, 13, 26, 63, 88, 11, 67, 10, 29, 49, 46, 3, 104, 79, 2, 84, 16, 58, 8, 12, 18, 80, 118, 95, 62, 101, 59, 37, 52, ]
Best fitness: 5.55373
SEED: 17648

Solution Bins: 
Bin Number: 34
149 137 145 150 122 147 116 140 145 146 137 146 142 148 149 144 123 126 85 131 150 126 148 143 146 138 137 145 148 128 140 150 150 148 
Elapsed time: 70 s
----------------------------------------

Population size: 600
Problem dimension: 120
Lower bound: 
0 0 0 0 0 0 0 0 0 0 0 0 0 0 0 0 0 0 0 0 0 0 0 0 0 0 0 0 0 0 0 0 0 0 0 0 0 0 0 0 0 0 0 0 0 0 0 0 0 0 0 0 0 0 0 0 0 0 0 0 0 0 0 0 0 0 0 0 0 0 0 0 0 0 0 0 0 0 0 0 0 0 0 0 0 0 0 0 0 0 0 0 0 0 0 0 0 0 0 0 0 0 0 0 0 0 0 0 0 0 0 0 0 0 0 0 0 0 0 0 
Upper bound: 
119 119 119 119 119 119 119 119 119 119 119 119 119 119 119 119 119 119 119 119 119 119 119 119 119 119 119 119 119 119 119 119 119 119 119 119 119 119 119 119 119 119 119 119 119 119 119 119 119 119 119 119 119 119 119 119 119 119 119 119 119 119 119 119 119 119 119 119 119 119 119 119 119 119 119 119 119 119 119 119 119 119 119 119 119 119 119 119 119 119 119 119 119 119 119 119 119 119 119 119 119 119 119 119 119 119 119 119 119 119 119 119 119 119 119 119 119 119 119 119 
Weight factor: 0.8
Crossover rate: 0.9
Max iteration: 6000
Best solution: 
[70, 80, 68, 110, 10, 91, 98, 36, 40, 14, 99, 89, 116, 82, 24, 31, 44, 4, 71, 18, 49, 84, 60, 73, 8, 46, 42, 100, 102, 0, 30, 66, 54, 117, 58, 69, 96, 61, 13, 64, 76, 77, 5, 3, 87, 35, 85, 74, 63, 29, 27, 97, 107, 79, 17, 75, 32, 106, 65, 52, 104, 11, 59, 9, 33, 48, 51, 23, 118, 90, 15, 44, 83, 94, 6, 19, 56, 21, 111, 72, 39, 78, 7, 103, 112, 114, 2, 43, 25, 113, 81, 28, 88, 12, 53, 47, 34, 45, 26, 109, 92, 16, 62, 95, 67, 20, 57, 37, 50, 41, 119, 115, 105, 108, 86, 1, 101, 22, 55, 93, ]
Best fitness: 4.55338
SEED: 32067

Solution Bins: 
Bin Number: 34
142 130 147 144 148 133 146 142 131 140 143 146 138 145 146 129 149 148 147 146 150 144 147 126 123 150 128 147 148 150 133 150 140 143 
Elapsed time: 71 s
----------------------------------------

Population size: 600
Problem dimension: 120
Lower bound: 
0 0 0 0 0 0 0 0 0 0 0 0 0 0 0 0 0 0 0 0 0 0 0 0 0 0 0 0 0 0 0 0 0 0 0 0 0 0 0 0 0 0 0 0 0 0 0 0 0 0 0 0 0 0 0 0 0 0 0 0 0 0 0 0 0 0 0 0 0 0 0 0 0 0 0 0 0 0 0 0 0 0 0 0 0 0 0 0 0 0 0 0 0 0 0 0 0 0 0 0 0 0 0 0 0 0 0 0 0 0 0 0 0 0 0 0 0 0 0 0 
Upper bound: 
119 119 119 119 119 119 119 119 119 119 119 119 119 119 119 119 119 119 119 119 119 119 119 119 119 119 119 119 119 119 119 119 119 119 119 119 119 119 119 119 119 119 119 119 119 119 119 119 119 119 119 119 119 119 119 119 119 119 119 119 119 119 119 119 119 119 119 119 119 119 119 119 119 119 119 119 119 119 119 119 119 119 119 119 119 119 119 119 119 119 119 119 119 119 119 119 119 119 119 119 119 119 119 119 119 119 119 119 119 119 119 119 119 119 119 119 119 119 119 119 
Weight factor: 0.8
Crossover rate: 0.9
Max iteration: 6000
Best solution: 
[84, 20, 118, 62, 17, 58, 81, 41, 52, 26, 77, 6, 82, 25, 100, 101, 32, 0, 80, 79, 64, 24, 4, 5, 66, 59, 76, 45, 106, 119, 105, 78, 39, 33, 108, 63, 97, 111, 22, 54, 27, 55, 110, 83, 40, 88, 31, 42, 75, 36, 117, 70, 9, 47, 34, 12, 2, 73, 21, 72, 79, 61, 37, 74, 114, 43, 3, 96, 14, 112, 23, 30, 49, 102, 91, 116, 44, 68, 10, 67, 38, 50, 71, 103, 28, 99, 107, 19, 50, 69, 15, 8, 90, 98, 48, 53, 57, 11, 85, 51, 16, 104, 35, 56, 65, 92, 7, 1, 29, 46, 94, 113, 95, 18, 87, 86, 60, 89, 109, 115, ]
Best fitness: 4.468
SEED: 8786

Solution Bins: 
Bin Number: 34
149 142 137 137 149 141 139 149 145 149 150 142 143 150 146 147 144 147 142 149 148 133 146 149 150 134 146 149 150 136 132 149 148 141 
Elapsed time: 71 s
----------------------------------------

Population size: 600
Problem dimension: 120
Lower bound: 
0 0 0 0 0 0 0 0 0 0 0 0 0 0 0 0 0 0 0 0 0 0 0 0 0 0 0 0 0 0 0 0 0 0 0 0 0 0 0 0 0 0 0 0 0 0 0 0 0 0 0 0 0 0 0 0 0 0 0 0 0 0 0 0 0 0 0 0 0 0 0 0 0 0 0 0 0 0 0 0 0 0 0 0 0 0 0 0 0 0 0 0 0 0 0 0 0 0 0 0 0 0 0 0 0 0 0 0 0 0 0 0 0 0 0 0 0 0 0 0 
Upper bound: 
119 119 119 119 119 119 119 119 119 119 119 119 119 119 119 119 119 119 119 119 119 119 119 119 119 119 119 119 119 119 119 119 119 119 119 119 119 119 119 119 119 119 119 119 119 119 119 119 119 119 119 119 119 119 119 119 119 119 119 119 119 119 119 119 119 119 119 119 119 119 119 119 119 119 119 119 119 119 119 119 119 119 119 119 119 119 119 119 119 119 119 119 119 119 119 119 119 119 119 119 119 119 119 119 119 119 119 119 119 119 119 119 119 119 119 119 119 119 119 119 
Weight factor: 0.8
Crossover rate: 0.9
Max iteration: 6000
Best solution: 
[34, 67, 3, 64, 32, 116, 62, 42, 61, 28, 60, 76, 80, 90, 66, 16, 19, 115, 79, 51, 35, 2, 33, 108, 86, 5, 26, 45, 25, 43, 36, 7, 96, 39, 105, 30, 107, 100, 104, 77, 102, 38, 113, 68, 6, 65, 20, 22, 89, 37, 1, 21, 53, 40, 87, 50, 88, 99, 69, 101, 52, 49, 10, 58, 13, 106, 4, 103, 18, 54, 29, 12, 93, 117, 9, 112, 92, 31, 0, 110, 73, 109, 78, 97, 57, 11, 59, 63, 24, 70, 85, 91, 56, 23, 55, 15, 72, 41, 118, 71, 82, 14, 83, 8, 114, 119, 44, 17, 27, 46, 74, 75, 94, 95, 111, 48, 98, 84, 47, 81, ]
Best fitness: 4.174
SEED: 30209

Solution Bins: 
Bin Number: 34
133 135 129 138 139 109 142 150 150 145 142 141 149 139 115 145 150 146 149 126 146 148 144 147 149 139 141 145 145 127 115 150 148 147 
Elapsed time: 70 s
----------------------------------------

Population size: 600
Problem dimension: 120
Lower bound: 
0 0 0 0 0 0 0 0 0 0 0 0 0 0 0 0 0 0 0 0 0 0 0 0 0 0 0 0 0 0 0 0 0 0 0 0 0 0 0 0 0 0 0 0 0 0 0 0 0 0 0 0 0 0 0 0 0 0 0 0 0 0 0 0 0 0 0 0 0 0 0 0 0 0 0 0 0 0 0 0 0 0 0 0 0 0 0 0 0 0 0 0 0 0 0 0 0 0 0 0 0 0 0 0 0 0 0 0 0 0 0 0 0 0 0 0 0 0 0 0 
Upper bound: 
119 119 119 119 119 119 119 119 119 119 119 119 119 119 119 119 119 119 119 119 119 119 119 119 119 119 119 119 119 119 119 119 119 119 119 119 119 119 119 119 119 119 119 119 119 119 119 119 119 119 119 119 119 119 119 119 119 119 119 119 119 119 119 119 119 119 119 119 119 119 119 119 119 119 119 119 119 119 119 119 119 119 119 119 119 119 119 119 119 119 119 119 119 119 119 119 119 119 119 119 119 119 119 119 119 119 119 119 119 119 119 119 119 119 119 119 119 119 119 119 
Weight factor: 0.8
Crossover rate: 0.9
Max iteration: 6000
Best solution: 
[43, 38, 49, 11, 59, 32, 73, 117, 99, 82, 50, 34, 61, 23, 56, 36, 8, 100, 79, 48, 101, 46, 47, 93, 51, 25, 6, 54, 35, 4, 103, 91, 33, 19, 97, 73, 112, 90, 68, 107, 106, 62, 104, 85, 24, 118, 81, 40, 57, 9, 60, 116, 105, 20, 39, 12, 111, 66, 41, 83, 113, 10, 30, 44, 18, 2, 69, 72, 65, 70, 75, 27, 71, 7, 88, 110, 17, 94, 119, 64, 96, 67, 1, 14, 53, 52, 28, 114, 76, 109, 0, 26, 74, 15, 63, 84, 3, 87, 55, 21, 78, 92, 42, 95, 29, 45, 31, 77, 80, 58, 86, 5, 22, 98, 108, 37, 115, 13, 102, 89, ]
Best fitness: 4.1056
SEED: 27534

Solution Bins: 
Bin Number: 34
144 148 148 135 134 147 139 147 138 150 150 149 148 150 140 114 141 149 147 149 142 150 149 147 150 98 131 138 143 149 148 143 149 144 
Elapsed time: 71 s
----------------------------------------

Population size: 600
Problem dimension: 120
Lower bound: 
0 0 0 0 0 0 0 0 0 0 0 0 0 0 0 0 0 0 0 0 0 0 0 0 0 0 0 0 0 0 0 0 0 0 0 0 0 0 0 0 0 0 0 0 0 0 0 0 0 0 0 0 0 0 0 0 0 0 0 0 0 0 0 0 0 0 0 0 0 0 0 0 0 0 0 0 0 0 0 0 0 0 0 0 0 0 0 0 0 0 0 0 0 0 0 0 0 0 0 0 0 0 0 0 0 0 0 0 0 0 0 0 0 0 0 0 0 0 0 0 
Upper bound: 
119 119 119 119 119 119 119 119 119 119 119 119 119 119 119 119 119 119 119 119 119 119 119 119 119 119 119 119 119 119 119 119 119 119 119 119 119 119 119 119 119 119 119 119 119 119 119 119 119 119 119 119 119 119 119 119 119 119 119 119 119 119 119 119 119 119 119 119 119 119 119 119 119 119 119 119 119 119 119 119 119 119 119 119 119 119 119 119 119 119 119 119 119 119 119 119 119 119 119 119 119 119 119 119 119 119 119 119 119 119 119 119 119 119 119 119 119 119 119 119 
Weight factor: 0.8
Crossover rate: 0.9
Max iteration: 6000
Best solution: 
[67, 116, 16, 103, 2, 79, 106, 5, 18, 65, 99, 64, 93, 38, 81, 40, 44, 36, 56, 100, 110, 12, 14, 84, 11, 77, 113, 29, 76, 91, 75, 95, 62, 20, 101, 118, 6, 45, 59, 13, 4, 60, 26, 87, 9, 69, 27, 10, 58, 15, 48, 33, 34, 53, 105, 97, 28, 111, 30, 82, 22, 115, 68, 66, 119, 46, 23, 54, 41, 78, 61, 71, 43, 49, 31, 19, 24, 74, 89, 47, 25, 90, 32, 51, 8, 85, 0, 7, 37, 83, 108, 63, 57, 17, 55, 39, 72, 112, 80, 52, 109, 70, 73, 117, 35, 96, 102, 86, 1, 42, 94, 3, 92, 104, 88, 50, 114, 21, 107, 98, ]
Best fitness: 4.34911
SEED: 19849

Solution Bins: 
Bin Number: 34
79 131 124 148 116 144 150 132 150 140 149 144 138 140 149 147 130 149 150 144 150 147 128 150 144 140 146 143 147 142 136 140 134 140 
Elapsed time: 71 s
----------------------------------------

Population size: 600
Problem dimension: 120
Lower bound: 
0 0 0 0 0 0 0 0 0 0 0 0 0 0 0 0 0 0 0 0 0 0 0 0 0 0 0 0 0 0 0 0 0 0 0 0 0 0 0 0 0 0 0 0 0 0 0 0 0 0 0 0 0 0 0 0 0 0 0 0 0 0 0 0 0 0 0 0 0 0 0 0 0 0 0 0 0 0 0 0 0 0 0 0 0 0 0 0 0 0 0 0 0 0 0 0 0 0 0 0 0 0 0 0 0 0 0 0 0 0 0 0 0 0 0 0 0 0 0 0 
Upper bound: 
119 119 119 119 119 119 119 119 119 119 119 119 119 119 119 119 119 119 119 119 119 119 119 119 119 119 119 119 119 119 119 119 119 119 119 119 119 119 119 119 119 119 119 119 119 119 119 119 119 119 119 119 119 119 119 119 119 119 119 119 119 119 119 119 119 119 119 119 119 119 119 119 119 119 119 119 119 119 119 119 119 119 119 119 119 119 119 119 119 119 119 119 119 119 119 119 119 119 119 119 119 119 119 119 119 119 119 119 119 119 119 119 119 119 119 119 119 119 119 119 
Weight factor: 0.8
Crossover rate: 0.9
Max iteration: 6000
Best solution: 
[89, 21, 29, 86, 15, 30, 90, 69, 67, 118, 76, 100, 45, 112, 35, 37, 63, 2, 75, 87, 26, 81, 116, 101, 71, 117, 42, 23, 47, 79, 102, 98, 36, 110, 97, 4, 74, 103, 58, 82, 48, 27, 77, 65, 31, 46, 41, 85, 1, 62, 7, 11, 40, 95, 99, 88, 38, 39, 72, 28, 50, 53, 70, 16, 12, 0, 73, 21, 106, 119, 14, 25, 43, 32, 6, 57, 107, 56, 10, 84, 49, 91, 111, 115, 93, 17, 18, 8, 68, 22, 54, 20, 34, 3, 104, 83, 96, 24, 108, 61, 66, 59, 64, 92, 114, 80, 94, 109, 13, 52, 44, 19, 51, 113, 78, 9, 33, 55, 60, 105, ]
Best fitness: 4.70862
SEED: 25188

Solution Bins: 
Bin Number: 34
124 127 145 150 150 143 147 144 145 138 137 149 133 115 150 147 146 147 133 144 135 149 149 150 147 142 146 128 149 113 145 150 150 135 
Elapsed time: 70 s
----------------------------------------

Population size: 600
Problem dimension: 120
Lower bound: 
0 0 0 0 0 0 0 0 0 0 0 0 0 0 0 0 0 0 0 0 0 0 0 0 0 0 0 0 0 0 0 0 0 0 0 0 0 0 0 0 0 0 0 0 0 0 0 0 0 0 0 0 0 0 0 0 0 0 0 0 0 0 0 0 0 0 0 0 0 0 0 0 0 0 0 0 0 0 0 0 0 0 0 0 0 0 0 0 0 0 0 0 0 0 0 0 0 0 0 0 0 0 0 0 0 0 0 0 0 0 0 0 0 0 0 0 0 0 0 0 
Upper bound: 
119 119 119 119 119 119 119 119 119 119 119 119 119 119 119 119 119 119 119 119 119 119 119 119 119 119 119 119 119 119 119 119 119 119 119 119 119 119 119 119 119 119 119 119 119 119 119 119 119 119 119 119 119 119 119 119 119 119 119 119 119 119 119 119 119 119 119 119 119 119 119 119 119 119 119 119 119 119 119 119 119 119 119 119 119 119 119 119 119 119 119 119 119 119 119 119 119 119 119 119 119 119 119 119 119 119 119 119 119 119 119 119 119 119 119 119 119 119 119 119 
Weight factor: 0.8
Crossover rate: 0.9
Max iteration: 6000
Best solution: 
[63, 14, 60, 56, 80, 75, 20, 71, 1, 43, 110, 67, 53, 49, 4, 74, 12, 41, 92, 116, 95, 88, 109, 32, 19, 59, 16, 62, 101, 27, 97, 73, 3, 100, 114, 108, 117, 23, 111, 9, 57, 7, 15, 119, 104, 105, 34, 44, 48, 13, 58, 39, 54, 69, 103, 36, 31, 113, 77, 18, 94, 26, 112, 107, 21, 85, 99, 17, 64, 72, 35, 42, 2, 28, 52, 115, 8, 84, 82, 11, 96, 79, 86, 65, 47, 68, 98, 55, 81, 25, 50, 30, 102, 87, 40, 45, 83, 51, 89, 46, 61, 10, 91, 33, 90, 0, 118, 38, 93, 29, 70, 66, 76, 6, 5, 24, 22, 78, 106, 37, ]
Best fitness: 4.74476
SEED: 11100

Solution Bins: 
Bin Number: 35
142 148 147 145 142 136 148 142 149 131 135 150 137 148 144 144 148 145 125 141 148 144 134 127 97 146 148 148 149 148 119 134 149 94 127 
Elapsed time: 70 s
----------------------------------------

Population size: 600
Problem dimension: 120
Lower bound: 
0 0 0 0 0 0 0 0 0 0 0 0 0 0 0 0 0 0 0 0 0 0 0 0 0 0 0 0 0 0 0 0 0 0 0 0 0 0 0 0 0 0 0 0 0 0 0 0 0 0 0 0 0 0 0 0 0 0 0 0 0 0 0 0 0 0 0 0 0 0 0 0 0 0 0 0 0 0 0 0 0 0 0 0 0 0 0 0 0 0 0 0 0 0 0 0 0 0 0 0 0 0 0 0 0 0 0 0 0 0 0 0 0 0 0 0 0 0 0 0 
Upper bound: 
119 119 119 119 119 119 119 119 119 119 119 119 119 119 119 119 119 119 119 119 119 119 119 119 119 119 119 119 119 119 119 119 119 119 119 119 119 119 119 119 119 119 119 119 119 119 119 119 119 119 119 119 119 119 119 119 119 119 119 119 119 119 119 119 119 119 119 119 119 119 119 119 119 119 119 119 119 119 119 119 119 119 119 119 119 119 119 119 119 119 119 119 119 119 119 119 119 119 119 119 119 119 119 119 119 119 119 119 119 119 119 119 119 119 119 119 119 119 119 119 
Weight factor: 0.8
Crossover rate: 0.9
Max iteration: 6000
Best solution: 
[1, 98, 93, 27, 51, 18, 60, 83, 75, 105, 65, 12, 43, 19, 54, 31, 21, 108, 69, 44, 41, 34, 97, 40, 89, 55, 62, 68, 90, 74, 53, 13, 111, 106, 30, 92, 4, 6, 101, 50, 46, 94, 107, 17, 73, 22, 47, 72, 29, 116, 88, 100, 33, 96, 3, 14, 86, 59, 8, 80, 109, 52, 20, 61, 66, 26, 16, 77, 0, 49, 38, 103, 82, 5, 48, 37, 81, 85, 25, 7, 78, 79, 63, 115, 112, 23, 96, 64, 67, 45, 118, 36, 56, 87, 113, 70, 117, 42, 84, 28, 58, 10, 11, 15, 102, 104, 35, 91, 110, 32, 39, 2, 71, 57, 99, 76, 114, 95, 9, 24, ]
Best fitness: 4.8056
SEED: 21003

Solution Bins: 
Bin Number: 34
134 146 145 142 146 113 143 150 148 148 148 126 138 129 150 150 127 135 148 135 142 149 143 123 144 146 148 128 137 149 150 145 147 144 
Elapsed time: 70 s
----------------------------------------

Population size: 600
Problem dimension: 120
Lower bound: 
0 0 0 0 0 0 0 0 0 0 0 0 0 0 0 0 0 0 0 0 0 0 0 0 0 0 0 0 0 0 0 0 0 0 0 0 0 0 0 0 0 0 0 0 0 0 0 0 0 0 0 0 0 0 0 0 0 0 0 0 0 0 0 0 0 0 0 0 0 0 0 0 0 0 0 0 0 0 0 0 0 0 0 0 0 0 0 0 0 0 0 0 0 0 0 0 0 0 0 0 0 0 0 0 0 0 0 0 0 0 0 0 0 0 0 0 0 0 0 0 
Upper bound: 
119 119 119 119 119 119 119 119 119 119 119 119 119 119 119 119 119 119 119 119 119 119 119 119 119 119 119 119 119 119 119 119 119 119 119 119 119 119 119 119 119 119 119 119 119 119 119 119 119 119 119 119 119 119 119 119 119 119 119 119 119 119 119 119 119 119 119 119 119 119 119 119 119 119 119 119 119 119 119 119 119 119 119 119 119 119 119 119 119 119 119 119 119 119 119 119 119 119 119 119 119 119 119 119 119 119 119 119 119 119 119 119 119 119 119 119 119 119 119 119 
Weight factor: 0.8
Crossover rate: 0.9
Max iteration: 6000
Best solution: 
[69, 9, 13, 102, 77, 41, 64, 110, 43, 68, 24, 117, 100, 12, 14, 67, 6, 37, 114, 31, 85, 58, 51, 23, 105, 39, 79, 35, 8, 61, 93, 59, 16, 52, 70, 74, 87, 75, 109, 84, 32, 66, 1, 86, 118, 49, 28, 21, 11, 92, 7, 50, 30, 5, 10, 112, 119, 98, 56, 44, 33, 73, 96, 55, 0, 80, 2, 45, 60, 27, 20, 26, 54, 81, 104, 36, 90, 19, 108, 15, 110, 29, 57, 18, 63, 53, 82, 103, 3, 115, 88, 38, 4, 42, 94, 91, 48, 97, 78, 111, 95, 83, 34, 99, 101, 76, 72, 107, 46, 65, 22, 106, 113, 47, 17, 62, 40, 116, 89, 25, ]
Best fitness: 4.27964
SEED: 20648

Solution Bins: 
Bin Number: 33
140 150 149 145 148 145 148 116 149 142 137 149 140 149 129 146 138 130 143 141 138 142 147 143 143 138 139 149 145 147 147 139 141 
Elapsed time: 70 s
----------------------------------------

Population size: 600
Problem dimension: 120
Lower bound: 
0 0 0 0 0 0 0 0 0 0 0 0 0 0 0 0 0 0 0 0 0 0 0 0 0 0 0 0 0 0 0 0 0 0 0 0 0 0 0 0 0 0 0 0 0 0 0 0 0 0 0 0 0 0 0 0 0 0 0 0 0 0 0 0 0 0 0 0 0 0 0 0 0 0 0 0 0 0 0 0 0 0 0 0 0 0 0 0 0 0 0 0 0 0 0 0 0 0 0 0 0 0 0 0 0 0 0 0 0 0 0 0 0 0 0 0 0 0 0 0 
Upper bound: 
119 119 119 119 119 119 119 119 119 119 119 119 119 119 119 119 119 119 119 119 119 119 119 119 119 119 119 119 119 119 119 119 119 119 119 119 119 119 119 119 119 119 119 119 119 119 119 119 119 119 119 119 119 119 119 119 119 119 119 119 119 119 119 119 119 119 119 119 119 119 119 119 119 119 119 119 119 119 119 119 119 119 119 119 119 119 119 119 119 119 119 119 119 119 119 119 119 119 119 119 119 119 119 119 119 119 119 119 119 119 119 119 119 119 119 119 119 119 119 119 
Weight factor: 0.8
Crossover rate: 0.9
Max iteration: 6000
Best solution: 
[58, 24, 20, 62, 6, 13, 90, 115, 78, 99, 9, 57, 38, 48, 73, 101, 118, 72, 71, 81, 83, 77, 34, 105, 74, 63, 51, 21, 61, 87, 37, 67, 94, 33, 49, 0, 100, 16, 70, 82, 39, 109, 4, 117, 47, 65, 19, 92, 7, 76, 29, 45, 3, 36, 41, 28, 27, 44, 22, 107, 104, 12, 108, 80, 114, 25, 98, 1, 113, 52, 31, 84, 112, 17, 116, 60, 50, 15, 56, 119, 110, 93, 79, 35, 55, 86, 97, 43, 89, 18, 85, 95, 64, 102, 42, 32, 54, 14, 69, 91, 8, 75, 96, 23, 53, 40, 111, 2, 106, 66, 30, 88, 59, 11, 68, 26, 46, 10, 5, 103, ]
Best fitness: 3.85311
SEED: 22147

Solution Bins: 
Bin Number: 34
140 150 146 132 149 129 135 140 129 147 119 145 147 132 149 147 150 149 149 124 147 149 146 136 148 137 150 134 137 144 125 134 148 150 
Elapsed time: 70 s
----------------------------------------

Population size: 600
Problem dimension: 120
Lower bound: 
0 0 0 0 0 0 0 0 0 0 0 0 0 0 0 0 0 0 0 0 0 0 0 0 0 0 0 0 0 0 0 0 0 0 0 0 0 0 0 0 0 0 0 0 0 0 0 0 0 0 0 0 0 0 0 0 0 0 0 0 0 0 0 0 0 0 0 0 0 0 0 0 0 0 0 0 0 0 0 0 0 0 0 0 0 0 0 0 0 0 0 0 0 0 0 0 0 0 0 0 0 0 0 0 0 0 0 0 0 0 0 0 0 0 0 0 0 0 0 0 
Upper bound: 
119 119 119 119 119 119 119 119 119 119 119 119 119 119 119 119 119 119 119 119 119 119 119 119 119 119 119 119 119 119 119 119 119 119 119 119 119 119 119 119 119 119 119 119 119 119 119 119 119 119 119 119 119 119 119 119 119 119 119 119 119 119 119 119 119 119 119 119 119 119 119 119 119 119 119 119 119 119 119 119 119 119 119 119 119 119 119 119 119 119 119 119 119 119 119 119 119 119 119 119 119 119 119 119 119 119 119 119 119 119 119 119 119 119 119 119 119 119 119 119 
Weight factor: 0.8
Crossover rate: 0.9
Max iteration: 6000
Best solution: 
[18, 62, 71, 36, 58, 11, 85, 98, 51, 77, 52, 46, 26, 81, 73, 14, 61, 12, 29, 10, 64, 15, 25, 79, 113, 114, 33, 94, 104, 2, 5, 86, 109, 99, 19, 118, 27, 78, 88, 67, 90, 87, 31, 111, 3, 97, 89, 38, 92, 66, 30, 24, 53, 32, 37, 59, 20, 110, 0, 70, 45, 119, 39, 68, 91, 1, 96, 22, 8, 108, 115, 13, 17, 54, 55, 65, 40, 102, 80, 107, 42, 72, 41, 48, 106, 16, 60, 117, 116, 7, 23, 47, 34, 83, 6, 74, 82, 76, 4, 69, 84, 43, 100, 93, 35, 56, 49, 28, 63, 57, 75, 105, 101, 95, 9, 103, 21, 112, 50, 44, ]
Best fitness: 4.40876
SEED: 29394

Solution Bins: 
Bin Number: 35
141 132 144 134 89 144 148 150 148 136 143 140 147 150 134 140 142 147 143 135 147 146 128 145 142 142 117 147 139 141 148 136 137 148 143 
Elapsed time: 69 s
----------------------------------------

