Population size: 600
Problem dimension: 402
Lower bound: 
0 0 0 0 0 0 0 0 0 0 0 0 0 0 0 0 0 0 0 0 0 0 0 0 0 0 0 0 0 0 0 0 0 0 0 0 0 0 0 0 0 0 0 0 0 0 0 0 0 0 0 0 0 0 0 0 0 0 0 0 0 0 0 0 0 0 0 0 0 0 0 0 0 0 0 0 0 0 0 0 0 0 0 0 0 0 0 0 0 0 0 0 0 0 0 0 0 0 0 0 0 0 0 0 0 0 0 0 0 0 0 0 0 0 0 0 0 0 0 0 0 0 0 0 0 0 0 0 0 0 0 0 0 0 0 0 0 0 0 0 0 0 0 0 0 0 0 0 0 0 0 0 0 0 0 0 0 0 0 0 0 0 0 0 0 0 0 0 0 0 0 0 0 0 0 0 0 0 0 0 0 0 0 0 0 0 0 0 0 0 0 0 0 0 0 0 0 0 0 0 0 0 0 0 0 0 0 0 0 0 0 0 0 0 0 0 0 0 0 0 0 0 0 0 0 0 0 0 0 0 0 0 0 0 0 0 0 0 0 0 0 0 0 0 0 0 0 0 0 0 0 0 0 0 0 0 0 0 0 0 0 0 0 0 0 0 0 0 0 0 0 0 0 0 0 0 0 0 0 0 0 0 0 0 0 0 0 0 0 0 0 0 0 0 0 0 0 0 0 0 0 0 0 0 0 0 0 0 0 0 0 0 0 0 0 0 0 0 0 0 0 0 0 0 0 0 0 0 0 0 0 0 0 0 0 0 0 0 0 0 0 0 0 0 0 0 0 0 0 0 0 0 0 0 0 0 0 0 0 0 0 0 0 0 0 0 0 0 0 0 0 0 0 0 0 0 0 0 0 0 0 0 0 0 0 0 0 0 0 0 0 0 0 0 0 0 0 0 0 0 0 0 
Upper bound: 
401 401 401 401 401 401 401 401 401 401 401 401 401 401 401 401 401 401 401 401 401 401 401 401 401 401 401 401 401 401 401 401 401 401 401 401 401 401 401 401 401 401 401 401 401 401 401 401 401 401 401 401 401 401 401 401 401 401 401 401 401 401 401 401 401 401 401 401 401 401 401 401 401 401 401 401 401 401 401 401 401 401 401 401 401 401 401 401 401 401 401 401 401 401 401 401 401 401 401 401 401 401 401 401 401 401 401 401 401 401 401 401 401 401 401 401 401 401 401 401 401 401 401 401 401 401 401 401 401 401 401 401 401 401 401 401 401 401 401 401 401 401 401 401 401 401 401 401 401 401 401 401 401 401 401 401 401 401 401 401 401 401 401 401 401 401 401 401 401 401 401 401 401 401 401 401 401 401 401 401 401 401 401 401 401 401 401 401 401 401 401 401 401 401 401 401 401 401 401 401 401 401 401 401 401 401 401 401 401 401 401 401 401 401 401 401 401 401 401 401 401 401 401 401 401 401 401 401 401 401 401 401 401 401 401 401 401 401 401 401 401 401 401 401 401 401 401 401 401 401 401 401 401 401 401 401 401 401 401 401 401 401 401 401 401 401 401 401 401 401 401 401 401 401 401 401 401 401 401 401 401 401 401 401 401 401 401 401 401 401 401 401 401 401 401 401 401 401 401 401 401 401 401 401 401 401 401 401 401 401 401 401 401 401 401 401 401 401 401 401 401 401 401 401 401 401 401 401 401 401 401 401 401 401 401 401 401 401 401 401 401 401 401 401 401 401 401 401 401 401 401 401 401 401 401 401 401 401 401 401 401 401 401 401 401 401 401 401 401 401 401 401 401 401 401 401 401 401 401 401 401 401 401 401 401 401 401 401 401 401 401 401 401 401 401 401 401 401 401 401 401 401 
Weight factor: 0.8
Crossover rate: 0.9
Max iteration: 6000
Best solution: 
[260, 184, 130, 300, 49, 204, 70, 212, 81, 211, 387, 305, 347, 268, 185, 72, 259, 275, 243, 90, 148, 356, 160, 103, 205, 154, 295, 129, 0, 262, 156, 220, 147, 253, 134, 303, 361, 93, 181, 397, 42, 198, 245, 396, 314, 208, 277, 123, 232, 336, 299, 192, 83, 178, 317, 74, 38, 291, 16, 182, 192, 59, 206, 248, 116, 150, 309, 346, 145, 369, 235, 236, 139, 45, 186, 167, 124, 55, 183, 76, 88, 107, 374, 308, 270, 354, 372, 20, 353, 294, 349, 318, 247, 84, 345, 4, 281, 173, 324, 50, 36, 9, 155, 142, 114, 378, 180, 119, 383, 278, 92, 87, 177, 241, 194, 196, 302, 355, 342, 172, 230, 279, 335, 333, 379, 367, 95, 110, 228, 32, 44, 226, 78, 398, 276, 60, 113, 316, 127, 5, 46, 290, 152, 15, 269, 106, 115, 292, 207, 219, 320, 10, 251, 190, 126, 190, 331, 40, 231, 23, 6, 272, 310, 14, 101, 263, 26, 325, 229, 365, 363, 89, 187, 39, 111, 352, 328, 168, 62, 191, 163, 381, 334, 149, 254, 24, 214, 400, 97, 41, 34, 380, 57, 273, 33, 159, 7, 395, 140, 340, 11, 265, 25, 239, 399, 48, 98, 135, 394, 202, 176, 376, 133, 327, 77, 105, 31, 99, 261, 341, 384, 368, 306, 122, 366, 287, 307, 136, 154, 151, 311, 322, 197, 19, 350, 13, 8, 326, 257, 30, 157, 343, 100, 222, 18, 215, 51, 370, 73, 54, 63, 162, 337, 138, 360, 242, 86, 285, 135, 313, 251, 319, 304, 225, 344, 213, 1, 240, 293, 364, 250, 338, 393, 282, 258, 137, 223, 351, 217, 375, 56, 382, 246, 286, 128, 96, 175, 301, 392, 385, 244, 267, 165, 144, 256, 29, 82, 266, 132, 289, 216, 193, 3, 210, 199, 121, 225, 120, 108, 141, 373, 234, 21, 17, 358, 348, 22, 85, 161, 112, 125, 284, 315, 28, 359, 362, 264, 2, 391, 143, 386, 297, 218, 233, 179, 330, 249, 221, 12, 158, 274, 227, 131, 390, 357, 109, 69, 371, 35, 252, 312, 91, 188, 104, 171, 102, 271, 280, 389, 339, 200, 224, 238, 153, 209, 255, 64, 201, 118, 174, 37, 401, 79, 68, 210, 47, 195, 27, 288, 329, 117, 146, 164, 189, 321, 203, 58, 377, 169, 170, 166, 43, 332, 296, 283, 53, 61, 71, 67, 323, 65, 388, ]
Best fitness: 21.1504
SEED: 16333

Solution Bins: 
Bin Number: 88
6256 7156 7448 7474 6853 7330 6527 7343 7511 6431 7536 7347 6155 7100 7503 7444 7523 7134 7340 6190 7436 7242 6573 6754 7553 4966 7282 7258 5665 7375 6767 4070 6786 7313 7180 7558 7511 7548 7474 7292 6964 6797 6420 6638 7070 6857 7561 7210 6255 6042 6563 6671 6477 6879 7488 6324 7501 6274 6279 7407 6711 7531 5005 5678 7250 6714 7483 7513 7474 6975 6793 7484 7540 5946 7552 4782 7353 6941 7489 7372 7270 5844 7387 7263 7529 5702 7383 5996 
Elapsed time: 193 s
----------------------------------------

Population size: 600
Problem dimension: 402
Lower bound: 
0 0 0 0 0 0 0 0 0 0 0 0 0 0 0 0 0 0 0 0 0 0 0 0 0 0 0 0 0 0 0 0 0 0 0 0 0 0 0 0 0 0 0 0 0 0 0 0 0 0 0 0 0 0 0 0 0 0 0 0 0 0 0 0 0 0 0 0 0 0 0 0 0 0 0 0 0 0 0 0 0 0 0 0 0 0 0 0 0 0 0 0 0 0 0 0 0 0 0 0 0 0 0 0 0 0 0 0 0 0 0 0 0 0 0 0 0 0 0 0 0 0 0 0 0 0 0 0 0 0 0 0 0 0 0 0 0 0 0 0 0 0 0 0 0 0 0 0 0 0 0 0 0 0 0 0 0 0 0 0 0 0 0 0 0 0 0 0 0 0 0 0 0 0 0 0 0 0 0 0 0 0 0 0 0 0 0 0 0 0 0 0 0 0 0 0 0 0 0 0 0 0 0 0 0 0 0 0 0 0 0 0 0 0 0 0 0 0 0 0 0 0 0 0 0 0 0 0 0 0 0 0 0 0 0 0 0 0 0 0 0 0 0 0 0 0 0 0 0 0 0 0 0 0 0 0 0 0 0 0 0 0 0 0 0 0 0 0 0 0 0 0 0 0 0 0 0 0 0 0 0 0 0 0 0 0 0 0 0 0 0 0 0 0 0 0 0 0 0 0 0 0 0 0 0 0 0 0 0 0 0 0 0 0 0 0 0 0 0 0 0 0 0 0 0 0 0 0 0 0 0 0 0 0 0 0 0 0 0 0 0 0 0 0 0 0 0 0 0 0 0 0 0 0 0 0 0 0 0 0 0 0 0 0 0 0 0 0 0 0 0 0 0 0 0 0 0 0 0 0 0 0 0 0 0 0 0 0 0 0 0 0 0 0 0 0 0 0 0 0 0 0 
Upper bound: 
401 401 401 401 401 401 401 401 401 401 401 401 401 401 401 401 401 401 401 401 401 401 401 401 401 401 401 401 401 401 401 401 401 401 401 401 401 401 401 401 401 401 401 401 401 401 401 401 401 401 401 401 401 401 401 401 401 401 401 401 401 401 401 401 401 401 401 401 401 401 401 401 401 401 401 401 401 401 401 401 401 401 401 401 401 401 401 401 401 401 401 401 401 401 401 401 401 401 401 401 401 401 401 401 401 401 401 401 401 401 401 401 401 401 401 401 401 401 401 401 401 401 401 401 401 401 401 401 401 401 401 401 401 401 401 401 401 401 401 401 401 401 401 401 401 401 401 401 401 401 401 401 401 401 401 401 401 401 401 401 401 401 401 401 401 401 401 401 401 401 401 401 401 401 401 401 401 401 401 401 401 401 401 401 401 401 401 401 401 401 401 401 401 401 401 401 401 401 401 401 401 401 401 401 401 401 401 401 401 401 401 401 401 401 401 401 401 401 401 401 401 401 401 401 401 401 401 401 401 401 401 401 401 401 401 401 401 401 401 401 401 401 401 401 401 401 401 401 401 401 401 401 401 401 401 401 401 401 401 401 401 401 401 401 401 401 401 401 401 401 401 401 401 401 401 401 401 401 401 401 401 401 401 401 401 401 401 401 401 401 401 401 401 401 401 401 401 401 401 401 401 401 401 401 401 401 401 401 401 401 401 401 401 401 401 401 401 401 401 401 401 401 401 401 401 401 401 401 401 401 401 401 401 401 401 401 401 401 401 401 401 401 401 401 401 401 401 401 401 401 401 401 401 401 401 401 401 401 401 401 401 401 401 401 401 401 401 401 401 401 401 401 401 401 401 401 401 401 401 401 401 401 401 401 401 401 401 401 401 401 401 401 401 401 401 401 401 401 401 401 401 401 
Weight factor: 0.8
Crossover rate: 0.9
Max iteration: 6000
Best solution: 
[164, 338, 300, 138, 182, 352, 121, 19, 211, 308, 112, 156, 86, 22, 361, 44, 370, 323, 376, 42, 48, 226, 386, 126, 223, 307, 272, 238, 241, 105, 220, 259, 243, 55, 91, 362, 193, 334, 339, 388, 194, 395, 36, 2, 207, 45, 112, 101, 196, 84, 227, 119, 229, 198, 166, 210, 83, 258, 167, 130, 160, 217, 330, 67, 137, 199, 302, 230, 177, 399, 233, 162, 384, 131, 305, 325, 351, 43, 342, 288, 93, 340, 215, 46, 186, 373, 73, 134, 313, 175, 144, 145, 33, 8, 191, 20, 239, 7, 364, 170, 273, 120, 173, 38, 277, 57, 52, 122, 301, 311, 39, 299, 184, 247, 383, 290, 60, 312, 40, 253, 263, 58, 329, 127, 79, 62, 123, 234, 185, 37, 204, 279, 78, 68, 345, 10, 168, 133, 283, 149, 192, 35, 61, 31, 17, 246, 56, 88, 269, 347, 214, 322, 155, 104, 114, 94, 250, 350, 401, 216, 358, 34, 18, 147, 80, 95, 251, 271, 172, 129, 276, 51, 75, 292, 109, 353, 13, 297, 232, 382, 0, 257, 385, 178, 157, 50, 303, 180, 128, 222, 5, 324, 26, 390, 397, 281, 333, 47, 343, 332, 389, 143, 244, 41, 316, 87, 32, 161, 212, 328, 203, 378, 21, 99, 265, 314, 256, 27, 309, 63, 393, 306, 240, 319, 320, 197, 89, 317, 242, 183, 235, 394, 231, 151, 372, 209, 53, 176, 96, 102, 231, 221, 349, 282, 208, 124, 117, 113, 153, 321, 65, 89, 282, 187, 100, 289, 363, 274, 348, 64, 74, 341, 71, 294, 139, 81, 262, 305, 365, 357, 90, 278, 108, 368, 318, 268, 201, 287, 266, 369, 72, 248, 97, 298, 205, 135, 296, 150, 110, 396, 9, 195, 380, 315, 59, 319, 261, 70, 12, 103, 291, 236, 174, 116, 337, 29, 213, 331, 285, 158, 142, 327, 225, 375, 304, 140, 249, 270, 118, 136, 23, 295, 85, 11, 106, 237, 224, 252, 381, 228, 179, 163, 141, 260, 15, 24, 400, 286, 190, 154, 206, 159, 28, 1, 165, 275, 30, 392, 3, 326, 107, 152, 264, 355, 98, 189, 115, 66, 284, 293, 335, 16, 155, 202, 377, 254, 218, 360, 310, 255, 267, 132, 76, 92, 346, 336, 354, 371, 14, 200, 54, 219, 4, 259, 25, 379, 188, 366, 391, 77, 280, 245, 367, 356, 171, 146, 148, 359, 111, 344, 398, 374, ]
Best fitness: 20.5365
SEED: 30878

Solution Bins: 
Bin Number: 89
7316 6663 7367 6783 6973 7519 7549 7548 6597 7498 6411 7332 7387 7062 7287 6613 7320 7501 7412 6757 7474 6810 7018 6324 7494 7484 7163 6420 5796 6228 7478 6943 7350 6174 7426 7424 7414 7537 6668 5780 7439 6279 7247 6942 4056 6679 7482 6895 7518 6561 2563 6775 6881 7548 6888 7087 7415 7335 7452 7478 6604 7060 7512 7504 7431 6826 7524 6722 7362 6573 7348 5657 7022 6725 7165 7363 7560 6788 7224 7411 6799 7149 7104 5838 7424 7280 7403 7466 7250 
Elapsed time: 193 s
----------------------------------------

Population size: 600
Problem dimension: 402
Lower bound: 
0 0 0 0 0 0 0 0 0 0 0 0 0 0 0 0 0 0 0 0 0 0 0 0 0 0 0 0 0 0 0 0 0 0 0 0 0 0 0 0 0 0 0 0 0 0 0 0 0 0 0 0 0 0 0 0 0 0 0 0 0 0 0 0 0 0 0 0 0 0 0 0 0 0 0 0 0 0 0 0 0 0 0 0 0 0 0 0 0 0 0 0 0 0 0 0 0 0 0 0 0 0 0 0 0 0 0 0 0 0 0 0 0 0 0 0 0 0 0 0 0 0 0 0 0 0 0 0 0 0 0 0 0 0 0 0 0 0 0 0 0 0 0 0 0 0 0 0 0 0 0 0 0 0 0 0 0 0 0 0 0 0 0 0 0 0 0 0 0 0 0 0 0 0 0 0 0 0 0 0 0 0 0 0 0 0 0 0 0 0 0 0 0 0 0 0 0 0 0 0 0 0 0 0 0 0 0 0 0 0 0 0 0 0 0 0 0 0 0 0 0 0 0 0 0 0 0 0 0 0 0 0 0 0 0 0 0 0 0 0 0 0 0 0 0 0 0 0 0 0 0 0 0 0 0 0 0 0 0 0 0 0 0 0 0 0 0 0 0 0 0 0 0 0 0 0 0 0 0 0 0 0 0 0 0 0 0 0 0 0 0 0 0 0 0 0 0 0 0 0 0 0 0 0 0 0 0 0 0 0 0 0 0 0 0 0 0 0 0 0 0 0 0 0 0 0 0 0 0 0 0 0 0 0 0 0 0 0 0 0 0 0 0 0 0 0 0 0 0 0 0 0 0 0 0 0 0 0 0 0 0 0 0 0 0 0 0 0 0 0 0 0 0 0 0 0 0 0 0 0 0 0 0 0 0 0 0 0 0 0 0 0 0 0 0 0 0 0 0 0 0 0 
Upper bound: 
401 401 401 401 401 401 401 401 401 401 401 401 401 401 401 401 401 401 401 401 401 401 401 401 401 401 401 401 401 401 401 401 401 401 401 401 401 401 401 401 401 401 401 401 401 401 401 401 401 401 401 401 401 401 401 401 401 401 401 401 401 401 401 401 401 401 401 401 401 401 401 401 401 401 401 401 401 401 401 401 401 401 401 401 401 401 401 401 401 401 401 401 401 401 401 401 401 401 401 401 401 401 401 401 401 401 401 401 401 401 401 401 401 401 401 401 401 401 401 401 401 401 401 401 401 401 401 401 401 401 401 401 401 401 401 401 401 401 401 401 401 401 401 401 401 401 401 401 401 401 401 401 401 401 401 401 401 401 401 401 401 401 401 401 401 401 401 401 401 401 401 401 401 401 401 401 401 401 401 401 401 401 401 401 401 401 401 401 401 401 401 401 401 401 401 401 401 401 401 401 401 401 401 401 401 401 401 401 401 401 401 401 401 401 401 401 401 401 401 401 401 401 401 401 401 401 401 401 401 401 401 401 401 401 401 401 401 401 401 401 401 401 401 401 401 401 401 401 401 401 401 401 401 401 401 401 401 401 401 401 401 401 401 401 401 401 401 401 401 401 401 401 401 401 401 401 401 401 401 401 401 401 401 401 401 401 401 401 401 401 401 401 401 401 401 401 401 401 401 401 401 401 401 401 401 401 401 401 401 401 401 401 401 401 401 401 401 401 401 401 401 401 401 401 401 401 401 401 401 401 401 401 401 401 401 401 401 401 401 401 401 401 401 401 401 401 401 401 401 401 401 401 401 401 401 401 401 401 401 401 401 401 401 401 401 401 401 401 401 401 401 401 401 401 401 401 401 401 401 401 401 401 401 401 401 401 401 401 401 401 401 401 401 401 401 401 401 401 401 401 401 401 
Weight factor: 0.8
Crossover rate: 0.9
Max iteration: 6000
Best solution: 
[116, 360, 192, 329, 253, 66, 284, 276, 131, 158, 34, 20, 81, 146, 235, 294, 322, 205, 341, 3, 353, 359, 47, 393, 312, 150, 52, 384, 372, 245, 206, 28, 121, 133, 264, 277, 219, 218, 334, 320, 300, 308, 102, 375, 305, 313, 80, 371, 296, 226, 165, 262, 175, 233, 161, 51, 74, 85, 330, 162, 154, 23, 252, 217, 319, 263, 328, 281, 142, 228, 111, 155, 392, 298, 304, 301, 255, 196, 198, 246, 18, 37, 100, 180, 278, 275, 211, 249, 391, 50, 60, 75, 168, 400, 189, 122, 141, 230, 36, 63, 357, 240, 27, 109, 163, 129, 237, 72, 339, 4, 14, 190, 248, 366, 367, 379, 279, 250, 286, 340, 170, 272, 39, 251, 244, 143, 225, 176, 33, 24, 387, 86, 317, 120, 274, 149, 61, 73, 140, 203, 82, 374, 112, 215, 202, 342, 113, 352, 348, 268, 54, 209, 397, 269, 256, 197, 106, 99, 267, 71, 173, 96, 201, 266, 388, 368, 221, 280, 1, 5, 67, 25, 22, 38, 220, 35, 98, 231, 26, 349, 377, 351, 324, 243, 232, 337, 174, 139, 87, 30, 92, 193, 208, 126, 210, 356, 10, 21, 184, 103, 290, 336, 325, 285, 238, 380, 19, 43, 6, 351, 214, 159, 259, 134, 125, 114, 69, 97, 315, 178, 107, 16, 119, 335, 306, 282, 321, 166, 169, 389, 167, 316, 59, 108, 160, 117, 223, 381, 44, 258, 347, 153, 106, 213, 314, 297, 57, 179, 7, 273, 293, 224, 369, 90, 396, 137, 91, 172, 88, 199, 144, 194, 247, 378, 207, 152, 12, 84, 76, 182, 101, 136, 260, 132, 8, 29, 241, 118, 254, 77, 40, 365, 363, 48, 188, 368, 270, 2, 310, 0, 311, 123, 318, 11, 327, 15, 110, 186, 331, 385, 398, 248, 105, 370, 292, 271, 401, 358, 361, 104, 289, 95, 200, 157, 191, 181, 222, 382, 386, 390, 376, 135, 124, 227, 323, 219, 55, 79, 307, 212, 265, 89, 94, 130, 127, 364, 53, 302, 32, 70, 195, 242, 13, 156, 49, 183, 9, 41, 185, 344, 350, 326, 291, 355, 303, 138, 216, 288, 287, 30, 354, 239, 148, 62, 333, 58, 68, 345, 283, 46, 257, 83, 55, 17, 309, 187, 65, 395, 64, 145, 177, 261, 164, 295, 45, 399, 332, 56, 394, 236, 362, 31, 93, 204, 147, 42, 338, 229, 171, 234, 383, 151, ]
Best fitness: 20.9226
SEED: 6718

Solution Bins: 
Bin Number: 89
6747 6948 6652 5546 7073 7364 6574 7516 7064 7262 5875 4635 6979 7400 6500 4550 6179 7556 7392 7551 6640 6976 6864 6878 6749 7533 5879 7026 7477 7395 6743 6624 7449 7260 6041 6623 7507 7471 7045 6572 7393 6638 7395 6427 7185 4696 7242 6686 7295 6859 7515 7399 6847 7305 6698 7315 7213 6722 7348 7123 7364 6495 6652 7544 7106 7221 7380 7070 7469 7210 7530 7525 7524 6657 7294 6703 6338 6754 7556 7566 6400 6708 6343 6987 6210 7429 7556 6578 7533 
Elapsed time: 193 s
----------------------------------------

Population size: 600
Problem dimension: 402
Lower bound: 
0 0 0 0 0 0 0 0 0 0 0 0 0 0 0 0 0 0 0 0 0 0 0 0 0 0 0 0 0 0 0 0 0 0 0 0 0 0 0 0 0 0 0 0 0 0 0 0 0 0 0 0 0 0 0 0 0 0 0 0 0 0 0 0 0 0 0 0 0 0 0 0 0 0 0 0 0 0 0 0 0 0 0 0 0 0 0 0 0 0 0 0 0 0 0 0 0 0 0 0 0 0 0 0 0 0 0 0 0 0 0 0 0 0 0 0 0 0 0 0 0 0 0 0 0 0 0 0 0 0 0 0 0 0 0 0 0 0 0 0 0 0 0 0 0 0 0 0 0 0 0 0 0 0 0 0 0 0 0 0 0 0 0 0 0 0 0 0 0 0 0 0 0 0 0 0 0 0 0 0 0 0 0 0 0 0 0 0 0 0 0 0 0 0 0 0 0 0 0 0 0 0 0 0 0 0 0 0 0 0 0 0 0 0 0 0 0 0 0 0 0 0 0 0 0 0 0 0 0 0 0 0 0 0 0 0 0 0 0 0 0 0 0 0 0 0 0 0 0 0 0 0 0 0 0 0 0 0 0 0 0 0 0 0 0 0 0 0 0 0 0 0 0 0 0 0 0 0 0 0 0 0 0 0 0 0 0 0 0 0 0 0 0 0 0 0 0 0 0 0 0 0 0 0 0 0 0 0 0 0 0 0 0 0 0 0 0 0 0 0 0 0 0 0 0 0 0 0 0 0 0 0 0 0 0 0 0 0 0 0 0 0 0 0 0 0 0 0 0 0 0 0 0 0 0 0 0 0 0 0 0 0 0 0 0 0 0 0 0 0 0 0 0 0 0 0 0 0 0 0 0 0 0 0 0 0 0 0 0 0 0 0 0 0 0 0 0 0 0 0 0 0 
Upper bound: 
401 401 401 401 401 401 401 401 401 401 401 401 401 401 401 401 401 401 401 401 401 401 401 401 401 401 401 401 401 401 401 401 401 401 401 401 401 401 401 401 401 401 401 401 401 401 401 401 401 401 401 401 401 401 401 401 401 401 401 401 401 401 401 401 401 401 401 401 401 401 401 401 401 401 401 401 401 401 401 401 401 401 401 401 401 401 401 401 401 401 401 401 401 401 401 401 401 401 401 401 401 401 401 401 401 401 401 401 401 401 401 401 401 401 401 401 401 401 401 401 401 401 401 401 401 401 401 401 401 401 401 401 401 401 401 401 401 401 401 401 401 401 401 401 401 401 401 401 401 401 401 401 401 401 401 401 401 401 401 401 401 401 401 401 401 401 401 401 401 401 401 401 401 401 401 401 401 401 401 401 401 401 401 401 401 401 401 401 401 401 401 401 401 401 401 401 401 401 401 401 401 401 401 401 401 401 401 401 401 401 401 401 401 401 401 401 401 401 401 401 401 401 401 401 401 401 401 401 401 401 401 401 401 401 401 401 401 401 401 401 401 401 401 401 401 401 401 401 401 401 401 401 401 401 401 401 401 401 401 401 401 401 401 401 401 401 401 401 401 401 401 401 401 401 401 401 401 401 401 401 401 401 401 401 401 401 401 401 401 401 401 401 401 401 401 401 401 401 401 401 401 401 401 401 401 401 401 401 401 401 401 401 401 401 401 401 401 401 401 401 401 401 401 401 401 401 401 401 401 401 401 401 401 401 401 401 401 401 401 401 401 401 401 401 401 401 401 401 401 401 401 401 401 401 401 401 401 401 401 401 401 401 401 401 401 401 401 401 401 401 401 401 401 401 401 401 401 401 401 401 401 401 401 401 401 401 401 401 401 401 401 401 401 401 401 401 401 401 401 401 401 401 
Weight factor: 0.8
Crossover rate: 0.9
Max iteration: 6000
Best solution: 
[212, 115, 272, 159, 68, 275, 139, 49, 366, 301, 90, 373, 78, 289, 288, 260, 335, 30, 326, 331, 372, 319, 47, 249, 60, 228, 94, 213, 215, 361, 77, 348, 235, 314, 380, 162, 399, 137, 243, 382, 180, 2, 242, 148, 225, 150, 353, 316, 396, 117, 41, 28, 394, 182, 95, 87, 253, 232, 181, 240, 231, 320, 156, 125, 88, 210, 141, 59, 252, 70, 151, 131, 134, 108, 186, 143, 121, 196, 282, 205, 268, 112, 6, 116, 255, 293, 164, 104, 118, 368, 102, 397, 103, 364, 386, 393, 339, 234, 199, 14, 21, 9, 140, 322, 359, 200, 76, 147, 257, 15, 8, 18, 197, 177, 387, 358, 100, 107, 135, 218, 375, 178, 374, 305, 220, 400, 61, 351, 29, 25, 229, 52, 176, 300, 167, 106, 289, 239, 194, 321, 122, 327, 304, 279, 356, 352, 226, 113, 146, 241, 161, 138, 208, 183, 79, 184, 338, 34, 292, 185, 93, 342, 10, 349, 86, 389, 179, 294, 178, 83, 119, 58, 193, 259, 22, 237, 283, 211, 62, 172, 3, 209, 266, 48, 4, 306, 276, 24, 173, 370, 33, 254, 203, 367, 216, 286, 80, 206, 360, 11, 72, 251, 296, 54, 392, 129, 126, 280, 171, 45, 1, 130, 223, 217, 285, 201, 188, 20, 310, 98, 190, 347, 317, 168, 290, 69, 74, 378, 330, 0, 238, 51, 219, 155, 132, 269, 270, 313, 298, 158, 192, 4, 391, 75, 38, 91, 204, 127, 153, 42, 160, 105, 187, 244, 395, 109, 313, 214, 120, 295, 16, 308, 133, 376, 250, 309, 46, 96, 111, 152, 227, 224, 78, 247, 81, 381, 230, 271, 336, 263, 128, 236, 362, 371, 97, 12, 333, 355, 256, 264, 17, 354, 66, 55, 384, 207, 53, 273, 398, 165, 110, 82, 328, 84, 221, 267, 302, 388, 299, 191, 124, 13, 311, 343, 248, 236, 92, 85, 350, 377, 329, 142, 281, 195, 202, 363, 307, 37, 36, 71, 99, 222, 27, 7, 383, 369, 19, 323, 174, 265, 163, 154, 35, 262, 40, 170, 73, 345, 198, 297, 23, 379, 274, 346, 26, 246, 340, 341, 65, 63, 32, 277, 39, 150, 157, 324, 233, 332, 189, 89, 31, 390, 43, 136, 175, 145, 344, 5, 284, 56, 144, 312, 261, 401, 169, 365, 303, 67, 44, 315, 334, 50, 64, 278, 337, 291, 318, 287, 245, 325, 166, 258, ]
Best fitness: 20.0327
SEED: 1753

Solution Bins: 
Bin Number: 91
5965 6580 6850 7512 7446 6906 7460 7245 5711 7237 6458 6997 7453 6632 6893 6045 6266 7195 4727 7432 4472 6581 6700 6754 7422 7373 6668 7108 7460 6749 7216 7522 7281 7422 6200 7498 7526 7560 7287 7496 7452 7216 6773 6968 7481 7363 7422 6889 7491 6055 6788 5025 7399 6446 7176 7331 7452 6890 6482 7297 7154 6976 7404 7542 7096 7501 7411 7118 7477 7528 7314 7511 5606 7522 6664 6501 6142 7041 7038 7114 7269 7492 7279 7097 7437 6683 7567 7228 6024 6932 7556 
Elapsed time: 193 s
----------------------------------------

Population size: 600
Problem dimension: 402
Lower bound: 
0 0 0 0 0 0 0 0 0 0 0 0 0 0 0 0 0 0 0 0 0 0 0 0 0 0 0 0 0 0 0 0 0 0 0 0 0 0 0 0 0 0 0 0 0 0 0 0 0 0 0 0 0 0 0 0 0 0 0 0 0 0 0 0 0 0 0 0 0 0 0 0 0 0 0 0 0 0 0 0 0 0 0 0 0 0 0 0 0 0 0 0 0 0 0 0 0 0 0 0 0 0 0 0 0 0 0 0 0 0 0 0 0 0 0 0 0 0 0 0 0 0 0 0 0 0 0 0 0 0 0 0 0 0 0 0 0 0 0 0 0 0 0 0 0 0 0 0 0 0 0 0 0 0 0 0 0 0 0 0 0 0 0 0 0 0 0 0 0 0 0 0 0 0 0 0 0 0 0 0 0 0 0 0 0 0 0 0 0 0 0 0 0 0 0 0 0 0 0 0 0 0 0 0 0 0 0 0 0 0 0 0 0 0 0 0 0 0 0 0 0 0 0 0 0 0 0 0 0 0 0 0 0 0 0 0 0 0 0 0 0 0 0 0 0 0 0 0 0 0 0 0 0 0 0 0 0 0 0 0 0 0 0 0 0 0 0 0 0 0 0 0 0 0 0 0 0 0 0 0 0 0 0 0 0 0 0 0 0 0 0 0 0 0 0 0 0 0 0 0 0 0 0 0 0 0 0 0 0 0 0 0 0 0 0 0 0 0 0 0 0 0 0 0 0 0 0 0 0 0 0 0 0 0 0 0 0 0 0 0 0 0 0 0 0 0 0 0 0 0 0 0 0 0 0 0 0 0 0 0 0 0 0 0 0 0 0 0 0 0 0 0 0 0 0 0 0 0 0 0 0 0 0 0 0 0 0 0 0 0 0 0 0 0 0 0 0 0 0 0 0 0 
Upper bound: 
401 401 401 401 401 401 401 401 401 401 401 401 401 401 401 401 401 401 401 401 401 401 401 401 401 401 401 401 401 401 401 401 401 401 401 401 401 401 401 401 401 401 401 401 401 401 401 401 401 401 401 401 401 401 401 401 401 401 401 401 401 401 401 401 401 401 401 401 401 401 401 401 401 401 401 401 401 401 401 401 401 401 401 401 401 401 401 401 401 401 401 401 401 401 401 401 401 401 401 401 401 401 401 401 401 401 401 401 401 401 401 401 401 401 401 401 401 401 401 401 401 401 401 401 401 401 401 401 401 401 401 401 401 401 401 401 401 401 401 401 401 401 401 401 401 401 401 401 401 401 401 401 401 401 401 401 401 401 401 401 401 401 401 401 401 401 401 401 401 401 401 401 401 401 401 401 401 401 401 401 401 401 401 401 401 401 401 401 401 401 401 401 401 401 401 401 401 401 401 401 401 401 401 401 401 401 401 401 401 401 401 401 401 401 401 401 401 401 401 401 401 401 401 401 401 401 401 401 401 401 401 401 401 401 401 401 401 401 401 401 401 401 401 401 401 401 401 401 401 401 401 401 401 401 401 401 401 401 401 401 401 401 401 401 401 401 401 401 401 401 401 401 401 401 401 401 401 401 401 401 401 401 401 401 401 401 401 401 401 401 401 401 401 401 401 401 401 401 401 401 401 401 401 401 401 401 401 401 401 401 401 401 401 401 401 401 401 401 401 401 401 401 401 401 401 401 401 401 401 401 401 401 401 401 401 401 401 401 401 401 401 401 401 401 401 401 401 401 401 401 401 401 401 401 401 401 401 401 401 401 401 401 401 401 401 401 401 401 401 401 401 401 401 401 401 401 401 401 401 401 401 401 401 401 401 401 401 401 401 401 401 401 401 401 401 401 401 401 401 401 401 401 
Weight factor: 0.8
Crossover rate: 0.9
Max iteration: 6000
Best solution: 
[384, 1, 272, 120, 287, 181, 93, 390, 62, 178, 197, 237, 239, 314, 140, 227, 113, 132, 396, 142, 85, 232, 18, 13, 28, 356, 21, 202, 53, 29, 365, 118, 169, 216, 150, 339, 125, 205, 189, 284, 374, 332, 94, 24, 345, 310, 303, 143, 60, 218, 117, 208, 200, 167, 198, 187, 23, 395, 298, 234, 280, 376, 139, 305, 179, 278, 209, 28, 341, 185, 259, 321, 43, 381, 379, 194, 90, 175, 363, 35, 316, 322, 299, 133, 387, 8, 380, 399, 22, 266, 346, 362, 128, 151, 101, 180, 131, 184, 389, 20, 373, 171, 104, 309, 368, 260, 229, 19, 330, 51, 251, 328, 48, 165, 290, 77, 49, 33, 193, 57, 25, 315, 188, 213, 344, 215, 195, 116, 240, 16, 308, 207, 206, 276, 343, 196, 136, 65, 87, 247, 258, 354, 135, 313, 325, 9, 317, 75, 231, 352, 164, 124, 333, 269, 11, 244, 174, 52, 304, 81, 375, 385, 55, 351, 245, 129, 6, 394, 112, 3, 400, 0, 338, 249, 199, 369, 342, 286, 277, 401, 306, 162, 217, 220, 97, 360, 312, 219, 63, 44, 274, 273, 102, 226, 293, 67, 127, 157, 226, 235, 160, 340, 371, 47, 138, 302, 361, 130, 246, 297, 46, 261, 110, 30, 267, 311, 295, 58, 255, 144, 398, 59, 378, 334, 45, 279, 391, 285, 250, 377, 96, 89, 191, 74, 170, 347, 257, 153, 161, 172, 296, 158, 36, 292, 38, 248, 17, 393, 388, 82, 73, 238, 76, 149, 5, 156, 68, 358, 154, 236, 241, 99, 42, 134, 350, 294, 159, 271, 122, 196, 61, 252, 50, 203, 72, 92, 228, 282, 34, 66, 323, 84, 324, 37, 270, 4, 71, 364, 163, 265, 147, 275, 210, 326, 12, 148, 357, 192, 2, 151, 263, 253, 318, 166, 288, 366, 382, 329, 386, 300, 397, 7, 285, 26, 335, 15, 114, 268, 222, 214, 98, 137, 281, 211, 146, 212, 242, 370, 31, 331, 243, 233, 190, 121, 372, 14, 108, 168, 224, 27, 264, 78, 106, 327, 307, 10, 367, 88, 126, 32, 186, 262, 119, 254, 107, 256, 348, 64, 301, 177, 103, 173, 355, 320, 155, 221, 41, 54, 70, 337, 230, 152, 182, 91, 145, 204, 83, 109, 75, 225, 141, 201, 111, 39, 359, 392, 183, 105, 80, 319, 95, 100, 123, 291, 40, 86, 349, 176, 336, 283, 79, 289, ]
Best fitness: 20.5697
SEED: 27525

Solution Bins: 
Bin Number: 90
7468 7467 6172 6843 6099 7554 6742 7460 7319 7400 7461 7201 6738 7195 6778 7488 6831 7561 7065 7135 6883 7494 7555 7282 2388 6338 7499 5252 7498 7441 7223 7562 7095 7503 6660 7478 6858 6821 6928 6802 7514 7402 6509 7304 7393 7496 6870 6593 7353 7193 7466 6913 7509 5726 6666 6764 6204 6801 6484 7447 7485 6837 6303 7352 6152 5116 4072 7452 7270 7314 7367 7501 7511 7565 6432 7451 3789 7127 7367 7301 7446 7107 7032 6819 6818 5891 6861 5651 4322 7531 
Elapsed time: 193 s
----------------------------------------

Population size: 600
Problem dimension: 402
Lower bound: 
0 0 0 0 0 0 0 0 0 0 0 0 0 0 0 0 0 0 0 0 0 0 0 0 0 0 0 0 0 0 0 0 0 0 0 0 0 0 0 0 0 0 0 0 0 0 0 0 0 0 0 0 0 0 0 0 0 0 0 0 0 0 0 0 0 0 0 0 0 0 0 0 0 0 0 0 0 0 0 0 0 0 0 0 0 0 0 0 0 0 0 0 0 0 0 0 0 0 0 0 0 0 0 0 0 0 0 0 0 0 0 0 0 0 0 0 0 0 0 0 0 0 0 0 0 0 0 0 0 0 0 0 0 0 0 0 0 0 0 0 0 0 0 0 0 0 0 0 0 0 0 0 0 0 0 0 0 0 0 0 0 0 0 0 0 0 0 0 0 0 0 0 0 0 0 0 0 0 0 0 0 0 0 0 0 0 0 0 0 0 0 0 0 0 0 0 0 0 0 0 0 0 0 0 0 0 0 0 0 0 0 0 0 0 0 0 0 0 0 0 0 0 0 0 0 0 0 0 0 0 0 0 0 0 0 0 0 0 0 0 0 0 0 0 0 0 0 0 0 0 0 0 0 0 0 0 0 0 0 0 0 0 0 0 0 0 0 0 0 0 0 0 0 0 0 0 0 0 0 0 0 0 0 0 0 0 0 0 0 0 0 0 0 0 0 0 0 0 0 0 0 0 0 0 0 0 0 0 0 0 0 0 0 0 0 0 0 0 0 0 0 0 0 0 0 0 0 0 0 0 0 0 0 0 0 0 0 0 0 0 0 0 0 0 0 0 0 0 0 0 0 0 0 0 0 0 0 0 0 0 0 0 0 0 0 0 0 0 0 0 0 0 0 0 0 0 0 0 0 0 0 0 0 0 0 0 0 0 0 0 0 0 0 0 0 0 0 0 0 0 0 0 
Upper bound: 
401 401 401 401 401 401 401 401 401 401 401 401 401 401 401 401 401 401 401 401 401 401 401 401 401 401 401 401 401 401 401 401 401 401 401 401 401 401 401 401 401 401 401 401 401 401 401 401 401 401 401 401 401 401 401 401 401 401 401 401 401 401 401 401 401 401 401 401 401 401 401 401 401 401 401 401 401 401 401 401 401 401 401 401 401 401 401 401 401 401 401 401 401 401 401 401 401 401 401 401 401 401 401 401 401 401 401 401 401 401 401 401 401 401 401 401 401 401 401 401 401 401 401 401 401 401 401 401 401 401 401 401 401 401 401 401 401 401 401 401 401 401 401 401 401 401 401 401 401 401 401 401 401 401 401 401 401 401 401 401 401 401 401 401 401 401 401 401 401 401 401 401 401 401 401 401 401 401 401 401 401 401 401 401 401 401 401 401 401 401 401 401 401 401 401 401 401 401 401 401 401 401 401 401 401 401 401 401 401 401 401 401 401 401 401 401 401 401 401 401 401 401 401 401 401 401 401 401 401 401 401 401 401 401 401 401 401 401 401 401 401 401 401 401 401 401 401 401 401 401 401 401 401 401 401 401 401 401 401 401 401 401 401 401 401 401 401 401 401 401 401 401 401 401 401 401 401 401 401 401 401 401 401 401 401 401 401 401 401 401 401 401 401 401 401 401 401 401 401 401 401 401 401 401 401 401 401 401 401 401 401 401 401 401 401 401 401 401 401 401 401 401 401 401 401 401 401 401 401 401 401 401 401 401 401 401 401 401 401 401 401 401 401 401 401 401 401 401 401 401 401 401 401 401 401 401 401 401 401 401 401 401 401 401 401 401 401 401 401 401 401 401 401 401 401 401 401 401 401 401 401 401 401 401 401 401 401 401 401 401 401 401 401 401 401 401 401 401 401 401 401 401 
Weight factor: 0.8
Crossover rate: 0.9
Max iteration: 6000
Best solution: 
[24, 136, 27, 158, 296, 265, 278, 317, 398, 107, 311, 85, 2, 295, 100, 202, 82, 132, 118, 156, 289, 395, 103, 288, 165, 128, 229, 212, 185, 231, 53, 1, 325, 313, 89, 320, 188, 117, 249, 97, 173, 93, 257, 180, 130, 227, 40, 364, 348, 306, 12, 240, 106, 312, 110, 225, 92, 109, 155, 380, 131, 160, 214, 206, 122, 234, 115, 361, 216, 321, 339, 194, 153, 292, 233, 352, 172, 355, 168, 377, 388, 299, 259, 362, 198, 186, 385, 126, 66, 236, 329, 56, 252, 159, 270, 174, 87, 14, 43, 41, 222, 274, 86, 169, 146, 38, 258, 163, 73, 281, 244, 25, 147, 150, 334, 381, 193, 383, 123, 22, 384, 16, 250, 8, 15, 39, 178, 294, 140, 195, 354, 207, 54, 197, 378, 60, 21, 61, 230, 68, 245, 57, 356, 290, 124, 91, 282, 183, 88, 52, 273, 256, 4, 262, 179, 201, 134, 319, 399, 298, 248, 217, 34, 116, 164, 119, 326, 26, 209, 376, 63, 242, 261, 291, 74, 76, 11, 113, 78, 19, 297, 48, 366, 283, 342, 80, 271, 336, 99, 305, 323, 391, 196, 5, 359, 114, 48, 181, 77, 208, 7, 32, 293, 253, 324, 200, 70, 365, 277, 287, 332, 58, 18, 161, 45, 370, 232, 379, 104, 95, 235, 46, 331, 358, 138, 121, 47, 322, 279, 367, 215, 162, 184, 154, 171, 255, 350, 219, 137, 75, 175, 129, 310, 36, 72, 28, 139, 335, 167, 187, 318, 42, 308, 13, 210, 368, 363, 389, 10, 17, 94, 223, 241, 143, 176, 315, 101, 220, 371, 203, 228, 166, 360, 247, 330, 401, 6, 349, 29, 144, 141, 284, 266, 191, 372, 267, 239, 345, 55, 268, 386, 49, 280, 301, 374, 64, 145, 108, 251, 394, 286, 35, 382, 33, 338, 387, 44, 62, 237, 189, 373, 79, 238, 276, 102, 65, 221, 142, 105, 275, 311, 346, 190, 400, 341, 90, 83, 309, 152, 347, 133, 254, 112, 246, 300, 84, 357, 303, 314, 98, 151, 177, 344, 369, 264, 170, 304, 23, 272, 328, 192, 285, 316, 226, 269, 37, 125, 353, 211, 243, 396, 204, 149, 69, 224, 135, 375, 213, 393, 351, 218, 120, 20, 337, 0, 71, 31, 340, 111, 59, 205, 148, 83, 30, 157, 392, 127, 51, 343, 333, 9, 327, 390, 81, 199, 67, 50, 3, 263, 302, 182, 307, ]
Best fitness: 21.0095
SEED: 8500

Solution Bins: 
Bin Number: 91
6621 6575 6970 7186 6885 7188 7098 2373 7316 6732 7212 6271 7386 5144 6409 6132 7291 6770 6248 7111 5248 6700 7420 7452 7156 7129 6830 6755 7481 6474 5738 7527 7065 7547 7496 7545 7259 7529 6552 7342 6952 6725 5798 7532 6698 6928 6340 6888 6973 7568 6874 2066 6258 7423 7351 5517 6809 5793 5990 6602 7021 7173 7147 7126 5342 6761 6929 7562 6286 6069 6996 7001 7308 7102 7568 5524 6720 7568 7150 4411 7027 6976 6772 7022 6769 7338 5667 6208 7538 7228 7425 
Elapsed time: 193 s
----------------------------------------

Population size: 600
Problem dimension: 402
Lower bound: 
0 0 0 0 0 0 0 0 0 0 0 0 0 0 0 0 0 0 0 0 0 0 0 0 0 0 0 0 0 0 0 0 0 0 0 0 0 0 0 0 0 0 0 0 0 0 0 0 0 0 0 0 0 0 0 0 0 0 0 0 0 0 0 0 0 0 0 0 0 0 0 0 0 0 0 0 0 0 0 0 0 0 0 0 0 0 0 0 0 0 0 0 0 0 0 0 0 0 0 0 0 0 0 0 0 0 0 0 0 0 0 0 0 0 0 0 0 0 0 0 0 0 0 0 0 0 0 0 0 0 0 0 0 0 0 0 0 0 0 0 0 0 0 0 0 0 0 0 0 0 0 0 0 0 0 0 0 0 0 0 0 0 0 0 0 0 0 0 0 0 0 0 0 0 0 0 0 0 0 0 0 0 0 0 0 0 0 0 0 0 0 0 0 0 0 0 0 0 0 0 0 0 0 0 0 0 0 0 0 0 0 0 0 0 0 0 0 0 0 0 0 0 0 0 0 0 0 0 0 0 0 0 0 0 0 0 0 0 0 0 0 0 0 0 0 0 0 0 0 0 0 0 0 0 0 0 0 0 0 0 0 0 0 0 0 0 0 0 0 0 0 0 0 0 0 0 0 0 0 0 0 0 0 0 0 0 0 0 0 0 0 0 0 0 0 0 0 0 0 0 0 0 0 0 0 0 0 0 0 0 0 0 0 0 0 0 0 0 0 0 0 0 0 0 0 0 0 0 0 0 0 0 0 0 0 0 0 0 0 0 0 0 0 0 0 0 0 0 0 0 0 0 0 0 0 0 0 0 0 0 0 0 0 0 0 0 0 0 0 0 0 0 0 0 0 0 0 0 0 0 0 0 0 0 0 0 0 0 0 0 0 0 0 0 0 0 0 0 0 0 0 0 
Upper bound: 
401 401 401 401 401 401 401 401 401 401 401 401 401 401 401 401 401 401 401 401 401 401 401 401 401 401 401 401 401 401 401 401 401 401 401 401 401 401 401 401 401 401 401 401 401 401 401 401 401 401 401 401 401 401 401 401 401 401 401 401 401 401 401 401 401 401 401 401 401 401 401 401 401 401 401 401 401 401 401 401 401 401 401 401 401 401 401 401 401 401 401 401 401 401 401 401 401 401 401 401 401 401 401 401 401 401 401 401 401 401 401 401 401 401 401 401 401 401 401 401 401 401 401 401 401 401 401 401 401 401 401 401 401 401 401 401 401 401 401 401 401 401 401 401 401 401 401 401 401 401 401 401 401 401 401 401 401 401 401 401 401 401 401 401 401 401 401 401 401 401 401 401 401 401 401 401 401 401 401 401 401 401 401 401 401 401 401 401 401 401 401 401 401 401 401 401 401 401 401 401 401 401 401 401 401 401 401 401 401 401 401 401 401 401 401 401 401 401 401 401 401 401 401 401 401 401 401 401 401 401 401 401 401 401 401 401 401 401 401 401 401 401 401 401 401 401 401 401 401 401 401 401 401 401 401 401 401 401 401 401 401 401 401 401 401 401 401 401 401 401 401 401 401 401 401 401 401 401 401 401 401 401 401 401 401 401 401 401 401 401 401 401 401 401 401 401 401 401 401 401 401 401 401 401 401 401 401 401 401 401 401 401 401 401 401 401 401 401 401 401 401 401 401 401 401 401 401 401 401 401 401 401 401 401 401 401 401 401 401 401 401 401 401 401 401 401 401 401 401 401 401 401 401 401 401 401 401 401 401 401 401 401 401 401 401 401 401 401 401 401 401 401 401 401 401 401 401 401 401 401 401 401 401 401 401 401 401 401 401 401 401 401 401 401 401 401 401 401 401 401 401 401 
Weight factor: 0.8
Crossover rate: 0.9
Max iteration: 6000
Best solution: 
[362, 20, 350, 29, 3, 379, 159, 174, 120, 380, 103, 175, 128, 329, 212, 9, 170, 376, 222, 318, 169, 396, 76, 352, 93, 180, 88, 138, 311, 129, 100, 210, 299, 95, 249, 41, 240, 158, 177, 211, 377, 267, 27, 358, 347, 269, 150, 160, 266, 187, 287, 315, 247, 46, 109, 35, 235, 94, 273, 156, 195, 123, 19, 239, 61, 86, 331, 17, 183, 298, 327, 92, 104, 62, 335, 317, 389, 385, 292, 224, 229, 302, 268, 83, 87, 338, 30, 246, 157, 40, 304, 18, 375, 228, 102, 254, 321, 84, 127, 305, 270, 208, 294, 306, 231, 77, 288, 310, 200, 144, 149, 387, 43, 23, 371, 370, 374, 276, 59, 277, 289, 80, 130, 140, 227, 363, 176, 357, 111, 146, 398, 244, 245, 163, 168, 390, 356, 234, 395, 126, 91, 32, 161, 319, 342, 115, 178, 252, 366, 165, 184, 142, 243, 400, 75, 360, 49, 275, 336, 354, 58, 64, 193, 181, 135, 218, 68, 101, 381, 337, 349, 343, 14, 274, 4, 117, 209, 34, 206, 44, 314, 107, 11, 13, 79, 5, 353, 203, 237, 197, 258, 401, 226, 154, 78, 2, 189, 393, 255, 327, 116, 166, 221, 248, 25, 39, 202, 361, 214, 118, 171, 297, 309, 284, 152, 285, 139, 281, 351, 21, 217, 372, 232, 282, 323, 271, 124, 330, 85, 303, 42, 369, 114, 339, 191, 71, 238, 65, 256, 250, 190, 10, 141, 187, 257, 194, 145, 220, 359, 53, 57, 26, 137, 207, 241, 241, 313, 196, 55, 308, 60, 12, 261, 37, 90, 7, 391, 324, 99, 106, 173, 199, 296, 233, 112, 333, 348, 33, 392, 293, 122, 148, 97, 259, 378, 15, 264, 320, 38, 113, 388, 260, 332, 131, 155, 341, 265, 38, 81, 51, 108, 355, 73, 22, 382, 105, 216, 272, 134, 63, 236, 365, 386, 186, 242, 147, 136, 132, 31, 45, 28, 119, 89, 301, 179, 192, 125, 346, 326, 153, 48, 24, 295, 50, 82, 215, 8, 291, 278, 373, 72, 290, 52, 384, 36, 364, 279, 110, 164, 253, 198, 394, 185, 334, 328, 300, 205, 0, 66, 316, 162, 251, 307, 263, 143, 182, 67, 16, 54, 399, 312, 201, 368, 322, 167, 241, 286, 172, 56, 151, 133, 1, 325, 225, 96, 121, 223, 367, 74, 283, 345, 204, 219, 230, 188, 167, 98, 383, 340, 262, 69, 344, ]
Best fitness: 20.7099
SEED: 27520

Solution Bins: 
Bin Number: 86
6988 6907 6219 6763 5058 7193 7133 7528 6542 7485 7393 7334 4156 7485 5867 7564 7340 7539 7537 6796 7087 7419 7166 7058 7171 7426 6599 6659 5522 6910 7037 6079 7116 7069 5870 7314 7563 6714 6725 5796 7388 6786 7292 7334 6673 7443 7407 6919 7520 7515 6743 7299 6191 7420 6497 7163 7125 6638 6397 7390 7504 6738 7228 6482 6325 6047 6789 7259 6603 6563 6574 7509 6583 7021 6754 7500 7317 7452 6331 5925 6686 6816 5527 6572 7452 6328 
Elapsed time: 196 s
----------------------------------------

Population size: 600
Problem dimension: 402
Lower bound: 
0 0 0 0 0 0 0 0 0 0 0 0 0 0 0 0 0 0 0 0 0 0 0 0 0 0 0 0 0 0 0 0 0 0 0 0 0 0 0 0 0 0 0 0 0 0 0 0 0 0 0 0 0 0 0 0 0 0 0 0 0 0 0 0 0 0 0 0 0 0 0 0 0 0 0 0 0 0 0 0 0 0 0 0 0 0 0 0 0 0 0 0 0 0 0 0 0 0 0 0 0 0 0 0 0 0 0 0 0 0 0 0 0 0 0 0 0 0 0 0 0 0 0 0 0 0 0 0 0 0 0 0 0 0 0 0 0 0 0 0 0 0 0 0 0 0 0 0 0 0 0 0 0 0 0 0 0 0 0 0 0 0 0 0 0 0 0 0 0 0 0 0 0 0 0 0 0 0 0 0 0 0 0 0 0 0 0 0 0 0 0 0 0 0 0 0 0 0 0 0 0 0 0 0 0 0 0 0 0 0 0 0 0 0 0 0 0 0 0 0 0 0 0 0 0 0 0 0 0 0 0 0 0 0 0 0 0 0 0 0 0 0 0 0 0 0 0 0 0 0 0 0 0 0 0 0 0 0 0 0 0 0 0 0 0 0 0 0 0 0 0 0 0 0 0 0 0 0 0 0 0 0 0 0 0 0 0 0 0 0 0 0 0 0 0 0 0 0 0 0 0 0 0 0 0 0 0 0 0 0 0 0 0 0 0 0 0 0 0 0 0 0 0 0 0 0 0 0 0 0 0 0 0 0 0 0 0 0 0 0 0 0 0 0 0 0 0 0 0 0 0 0 0 0 0 0 0 0 0 0 0 0 0 0 0 0 0 0 0 0 0 0 0 0 0 0 0 0 0 0 0 0 0 0 0 0 0 0 0 0 0 0 0 0 0 0 0 0 0 0 0 0 
Upper bound: 
401 401 401 401 401 401 401 401 401 401 401 401 401 401 401 401 401 401 401 401 401 401 401 401 401 401 401 401 401 401 401 401 401 401 401 401 401 401 401 401 401 401 401 401 401 401 401 401 401 401 401 401 401 401 401 401 401 401 401 401 401 401 401 401 401 401 401 401 401 401 401 401 401 401 401 401 401 401 401 401 401 401 401 401 401 401 401 401 401 401 401 401 401 401 401 401 401 401 401 401 401 401 401 401 401 401 401 401 401 401 401 401 401 401 401 401 401 401 401 401 401 401 401 401 401 401 401 401 401 401 401 401 401 401 401 401 401 401 401 401 401 401 401 401 401 401 401 401 401 401 401 401 401 401 401 401 401 401 401 401 401 401 401 401 401 401 401 401 401 401 401 401 401 401 401 401 401 401 401 401 401 401 401 401 401 401 401 401 401 401 401 401 401 401 401 401 401 401 401 401 401 401 401 401 401 401 401 401 401 401 401 401 401 401 401 401 401 401 401 401 401 401 401 401 401 401 401 401 401 401 401 401 401 401 401 401 401 401 401 401 401 401 401 401 401 401 401 401 401 401 401 401 401 401 401 401 401 401 401 401 401 401 401 401 401 401 401 401 401 401 401 401 401 401 401 401 401 401 401 401 401 401 401 401 401 401 401 401 401 401 401 401 401 401 401 401 401 401 401 401 401 401 401 401 401 401 401 401 401 401 401 401 401 401 401 401 401 401 401 401 401 401 401 401 401 401 401 401 401 401 401 401 401 401 401 401 401 401 401 401 401 401 401 401 401 401 401 401 401 401 401 401 401 401 401 401 401 401 401 401 401 401 401 401 401 401 401 401 401 401 401 401 401 401 401 401 401 401 401 401 401 401 401 401 401 401 401 401 401 401 401 401 401 401 401 401 401 401 401 401 401 401 
Weight factor: 0.8
Crossover rate: 0.9
Max iteration: 6000
Best solution: 
[37, 325, 309, 270, 183, 350, 133, 213, 187, 58, 95, 380, 199, 352, 374, 7, 306, 11, 128, 142, 134, 221, 76, 334, 277, 121, 166, 251, 375, 109, 193, 324, 320, 238, 249, 217, 56, 23, 93, 140, 72, 22, 122, 161, 394, 342, 299, 284, 310, 111, 385, 242, 33, 260, 376, 339, 267, 173, 200, 318, 180, 71, 90, 191, 68, 230, 203, 244, 294, 117, 66, 192, 370, 80, 384, 353, 373, 190, 70, 74, 290, 167, 263, 351, 119, 311, 39, 139, 3, 349, 368, 38, 55, 226, 10, 239, 317, 348, 281, 363, 333, 97, 319, 155, 359, 107, 218, 53, 81, 17, 86, 13, 126, 229, 31, 36, 129, 214, 268, 136, 50, 14, 207, 146, 152, 231, 297, 41, 246, 114, 92, 148, 121, 340, 372, 228, 273, 362, 338, 357, 241, 396, 237, 275, 247, 255, 185, 196, 0, 120, 302, 278, 397, 162, 398, 143, 209, 35, 127, 65, 105, 84, 87, 327, 145, 303, 154, 182, 64, 112, 101, 51, 337, 227, 330, 47, 102, 332, 262, 274, 387, 144, 204, 159, 390, 178, 379, 365, 110, 132, 400, 232, 116, 255, 197, 307, 177, 331, 172, 243, 130, 219, 392, 54, 285, 63, 153, 100, 88, 292, 343, 388, 12, 240, 361, 335, 124, 164, 321, 44, 32, 282, 195, 389, 264, 259, 156, 189, 253, 289, 301, 315, 28, 265, 30, 322, 106, 62, 314, 222, 328, 257, 234, 67, 75, 391, 279, 4, 16, 341, 356, 377, 49, 293, 313, 163, 224, 43, 131, 304, 308, 11, 59, 276, 5, 188, 258, 252, 223, 395, 103, 123, 73, 85, 40, 248, 280, 18, 254, 96, 9, 358, 295, 158, 34, 215, 99, 312, 8, 45, 216, 378, 316, 235, 382, 125, 298, 2, 288, 291, 77, 345, 386, 79, 212, 94, 287, 48, 46, 206, 19, 138, 171, 329, 175, 399, 346, 165, 98, 202, 393, 211, 157, 186, 355, 250, 174, 137, 27, 29, 24, 220, 69, 344, 296, 135, 169, 226, 366, 266, 245, 26, 305, 369, 113, 151, 168, 15, 104, 115, 198, 25, 286, 60, 323, 149, 176, 210, 52, 61, 208, 269, 21, 233, 283, 236, 160, 42, 57, 201, 367, 401, 271, 256, 49, 78, 225, 147, 272, 150, 83, 118, 141, 205, 170, 261, 336, 347, 326, 354, 162, 194, 82, 91, 181, 1, 6, 179, 300, 184, 108, 383, ]
Best fitness: 20.3955
SEED: 18244

Solution Bins: 
Bin Number: 91
7056 7311 7030 7045 6867 7001 7558 7215 5426 5990 7468 5647 6441 6842 7559 7552 7413 7418 6474 7111 7219 7486 7292 6301 6671 6703 7455 5441 6329 7450 5451 7241 7498 7358 7560 6114 5659 7134 4727 7481 6341 7566 6668 7482 7554 6738 7519 7462 6442 7033 6957 7458 7422 7553 7418 7546 7381 7379 7304 7524 5879 7198 7357 7318 7534 7049 6567 7004 6892 7511 7026 7523 7307 6573 7226 7462 7567 6697 5570 6897 2752 7256 7508 2901 7553 7015 6533 7047 6658 7107 6762 
Elapsed time: 194 s
----------------------------------------

Population size: 600
Problem dimension: 402
Lower bound: 
0 0 0 0 0 0 0 0 0 0 0 0 0 0 0 0 0 0 0 0 0 0 0 0 0 0 0 0 0 0 0 0 0 0 0 0 0 0 0 0 0 0 0 0 0 0 0 0 0 0 0 0 0 0 0 0 0 0 0 0 0 0 0 0 0 0 0 0 0 0 0 0 0 0 0 0 0 0 0 0 0 0 0 0 0 0 0 0 0 0 0 0 0 0 0 0 0 0 0 0 0 0 0 0 0 0 0 0 0 0 0 0 0 0 0 0 0 0 0 0 0 0 0 0 0 0 0 0 0 0 0 0 0 0 0 0 0 0 0 0 0 0 0 0 0 0 0 0 0 0 0 0 0 0 0 0 0 0 0 0 0 0 0 0 0 0 0 0 0 0 0 0 0 0 0 0 0 0 0 0 0 0 0 0 0 0 0 0 0 0 0 0 0 0 0 0 0 0 0 0 0 0 0 0 0 0 0 0 0 0 0 0 0 0 0 0 0 0 0 0 0 0 0 0 0 0 0 0 0 0 0 0 0 0 0 0 0 0 0 0 0 0 0 0 0 0 0 0 0 0 0 0 0 0 0 0 0 0 0 0 0 0 0 0 0 0 0 0 0 0 0 0 0 0 0 0 0 0 0 0 0 0 0 0 0 0 0 0 0 0 0 0 0 0 0 0 0 0 0 0 0 0 0 0 0 0 0 0 0 0 0 0 0 0 0 0 0 0 0 0 0 0 0 0 0 0 0 0 0 0 0 0 0 0 0 0 0 0 0 0 0 0 0 0 0 0 0 0 0 0 0 0 0 0 0 0 0 0 0 0 0 0 0 0 0 0 0 0 0 0 0 0 0 0 0 0 0 0 0 0 0 0 0 0 0 0 0 0 0 0 0 0 0 0 0 0 0 0 0 0 0 0 
Upper bound: 
401 401 401 401 401 401 401 401 401 401 401 401 401 401 401 401 401 401 401 401 401 401 401 401 401 401 401 401 401 401 401 401 401 401 401 401 401 401 401 401 401 401 401 401 401 401 401 401 401 401 401 401 401 401 401 401 401 401 401 401 401 401 401 401 401 401 401 401 401 401 401 401 401 401 401 401 401 401 401 401 401 401 401 401 401 401 401 401 401 401 401 401 401 401 401 401 401 401 401 401 401 401 401 401 401 401 401 401 401 401 401 401 401 401 401 401 401 401 401 401 401 401 401 401 401 401 401 401 401 401 401 401 401 401 401 401 401 401 401 401 401 401 401 401 401 401 401 401 401 401 401 401 401 401 401 401 401 401 401 401 401 401 401 401 401 401 401 401 401 401 401 401 401 401 401 401 401 401 401 401 401 401 401 401 401 401 401 401 401 401 401 401 401 401 401 401 401 401 401 401 401 401 401 401 401 401 401 401 401 401 401 401 401 401 401 401 401 401 401 401 401 401 401 401 401 401 401 401 401 401 401 401 401 401 401 401 401 401 401 401 401 401 401 401 401 401 401 401 401 401 401 401 401 401 401 401 401 401 401 401 401 401 401 401 401 401 401 401 401 401 401 401 401 401 401 401 401 401 401 401 401 401 401 401 401 401 401 401 401 401 401 401 401 401 401 401 401 401 401 401 401 401 401 401 401 401 401 401 401 401 401 401 401 401 401 401 401 401 401 401 401 401 401 401 401 401 401 401 401 401 401 401 401 401 401 401 401 401 401 401 401 401 401 401 401 401 401 401 401 401 401 401 401 401 401 401 401 401 401 401 401 401 401 401 401 401 401 401 401 401 401 401 401 401 401 401 401 401 401 401 401 401 401 401 401 401 401 401 401 401 401 401 401 401 401 401 401 401 401 401 401 401 
Weight factor: 0.8
Crossover rate: 0.9
Max iteration: 6000
Best solution: 
[373, 262, 367, 392, 379, 95, 319, 335, 97, 276, 94, 197, 383, 372, 34, 88, 102, 196, 57, 84, 168, 109, 31, 233, 18, 119, 176, 273, 114, 374, 293, 333, 198, 54, 20, 43, 381, 346, 366, 278, 377, 93, 143, 112, 210, 9, 248, 145, 395, 280, 307, 301, 341, 279, 95, 332, 19, 169, 8, 368, 358, 185, 277, 79, 340, 259, 36, 218, 59, 267, 296, 56, 252, 111, 238, 353, 82, 192, 239, 179, 281, 375, 314, 140, 376, 334, 271, 66, 282, 5, 125, 6, 155, 242, 244, 371, 147, 311, 323, 270, 173, 149, 53, 144, 386, 153, 191, 7, 123, 141, 174, 37, 184, 230, 264, 365, 76, 308, 265, 101, 299, 382, 213, 187, 254, 272, 118, 193, 257, 17, 85, 287, 298, 139, 40, 89, 312, 39, 158, 400, 215, 77, 52, 207, 87, 269, 359, 304, 310, 127, 151, 297, 350, 90, 163, 96, 227, 65, 361, 225, 51, 201, 223, 68, 16, 161, 50, 321, 240, 126, 216, 384, 209, 132, 338, 316, 224, 313, 62, 4, 364, 288, 146, 44, 219, 104, 393, 78, 343, 193, 391, 67, 69, 2, 336, 305, 389, 105, 330, 60, 80, 175, 124, 378, 294, 325, 120, 284, 0, 15, 182, 237, 58, 33, 148, 171, 220, 232, 162, 72, 362, 268, 128, 70, 110, 25, 348, 249, 181, 300, 236, 318, 195, 107, 14, 177, 73, 190, 226, 211, 189, 221, 129, 283, 355, 136, 331, 285, 152, 98, 28, 167, 289, 74, 160, 324, 178, 122, 75, 55, 274, 166, 256, 309, 41, 199, 23, 103, 164, 263, 181, 315, 200, 206, 370, 24, 202, 205, 99, 71, 188, 286, 356, 290, 360, 116, 11, 12, 260, 369, 131, 243, 165, 113, 317, 46, 291, 133, 137, 320, 388, 229, 327, 157, 135, 13, 328, 292, 29, 349, 83, 288, 214, 154, 345, 339, 385, 380, 32, 319, 398, 159, 42, 142, 344, 247, 26, 10, 156, 399, 228, 180, 186, 35, 106, 212, 295, 235, 342, 255, 38, 261, 222, 22, 387, 81, 352, 134, 303, 138, 3, 63, 351, 245, 117, 275, 1, 337, 354, 49, 172, 217, 194, 363, 302, 390, 322, 183, 203, 61, 234, 30, 130, 27, 204, 108, 64, 150, 397, 253, 326, 258, 170, 251, 396, 231, 47, 100, 250, 329, 91, 401, 246, 394, 357, 48, 266, 121, 205, 241, 347, 208, ]
Best fitness: 21.3365
SEED: 19948

Solution Bins: 
Bin Number: 91
7071 7429 5586 7464 6605 7538 7502 7464 7567 7449 7492 7371 6663 7071 7211 7209 7282 6730 7043 7236 6762 7316 6301 3803 6633 6500 7519 7297 7543 6467 6460 6766 6882 7534 7001 7407 7225 2119 6686 7397 7253 7382 7432 7526 6022 5983 7488 5543 6697 7017 6276 6774 6004 7511 7546 7533 4392 6850 6574 6323 6138 6814 7451 6622 6986 7490 6971 7536 7475 6776 6971 7351 7343 7535 6431 7531 6346 7324 7145 6751 6724 7085 7540 6338 5876 7408 6575 4788 7546 6118 7403 
Elapsed time: 193 s
----------------------------------------

Population size: 600
Problem dimension: 402
Lower bound: 
0 0 0 0 0 0 0 0 0 0 0 0 0 0 0 0 0 0 0 0 0 0 0 0 0 0 0 0 0 0 0 0 0 0 0 0 0 0 0 0 0 0 0 0 0 0 0 0 0 0 0 0 0 0 0 0 0 0 0 0 0 0 0 0 0 0 0 0 0 0 0 0 0 0 0 0 0 0 0 0 0 0 0 0 0 0 0 0 0 0 0 0 0 0 0 0 0 0 0 0 0 0 0 0 0 0 0 0 0 0 0 0 0 0 0 0 0 0 0 0 0 0 0 0 0 0 0 0 0 0 0 0 0 0 0 0 0 0 0 0 0 0 0 0 0 0 0 0 0 0 0 0 0 0 0 0 0 0 0 0 0 0 0 0 0 0 0 0 0 0 0 0 0 0 0 0 0 0 0 0 0 0 0 0 0 0 0 0 0 0 0 0 0 0 0 0 0 0 0 0 0 0 0 0 0 0 0 0 0 0 0 0 0 0 0 0 0 0 0 0 0 0 0 0 0 0 0 0 0 0 0 0 0 0 0 0 0 0 0 0 0 0 0 0 0 0 0 0 0 0 0 0 0 0 0 0 0 0 0 0 0 0 0 0 0 0 0 0 0 0 0 0 0 0 0 0 0 0 0 0 0 0 0 0 0 0 0 0 0 0 0 0 0 0 0 0 0 0 0 0 0 0 0 0 0 0 0 0 0 0 0 0 0 0 0 0 0 0 0 0 0 0 0 0 0 0 0 0 0 0 0 0 0 0 0 0 0 0 0 0 0 0 0 0 0 0 0 0 0 0 0 0 0 0 0 0 0 0 0 0 0 0 0 0 0 0 0 0 0 0 0 0 0 0 0 0 0 0 0 0 0 0 0 0 0 0 0 0 0 0 0 0 0 0 0 0 0 0 0 0 0 0 
Upper bound: 
401 401 401 401 401 401 401 401 401 401 401 401 401 401 401 401 401 401 401 401 401 401 401 401 401 401 401 401 401 401 401 401 401 401 401 401 401 401 401 401 401 401 401 401 401 401 401 401 401 401 401 401 401 401 401 401 401 401 401 401 401 401 401 401 401 401 401 401 401 401 401 401 401 401 401 401 401 401 401 401 401 401 401 401 401 401 401 401 401 401 401 401 401 401 401 401 401 401 401 401 401 401 401 401 401 401 401 401 401 401 401 401 401 401 401 401 401 401 401 401 401 401 401 401 401 401 401 401 401 401 401 401 401 401 401 401 401 401 401 401 401 401 401 401 401 401 401 401 401 401 401 401 401 401 401 401 401 401 401 401 401 401 401 401 401 401 401 401 401 401 401 401 401 401 401 401 401 401 401 401 401 401 401 401 401 401 401 401 401 401 401 401 401 401 401 401 401 401 401 401 401 401 401 401 401 401 401 401 401 401 401 401 401 401 401 401 401 401 401 401 401 401 401 401 401 401 401 401 401 401 401 401 401 401 401 401 401 401 401 401 401 401 401 401 401 401 401 401 401 401 401 401 401 401 401 401 401 401 401 401 401 401 401 401 401 401 401 401 401 401 401 401 401 401 401 401 401 401 401 401 401 401 401 401 401 401 401 401 401 401 401 401 401 401 401 401 401 401 401 401 401 401 401 401 401 401 401 401 401 401 401 401 401 401 401 401 401 401 401 401 401 401 401 401 401 401 401 401 401 401 401 401 401 401 401 401 401 401 401 401 401 401 401 401 401 401 401 401 401 401 401 401 401 401 401 401 401 401 401 401 401 401 401 401 401 401 401 401 401 401 401 401 401 401 401 401 401 401 401 401 401 401 401 401 401 401 401 401 401 401 401 401 401 401 401 401 401 401 401 401 401 401 
Weight factor: 0.8
Crossover rate: 0.9
Max iteration: 6000
Best solution: 
[311, 312, 244, 327, 50, 172, 114, 280, 204, 263, 287, 240, 141, 220, 167, 389, 122, 140, 304, 338, 168, 118, 265, 399, 195, 309, 38, 371, 352, 255, 225, 262, 243, 367, 281, 186, 273, 17, 214, 223, 282, 108, 131, 99, 239, 256, 313, 67, 314, 158, 120, 291, 350, 45, 24, 73, 321, 224, 76, 295, 119, 125, 283, 133, 75, 213, 55, 210, 290, 39, 1, 277, 93, 341, 219, 85, 128, 138, 333, 103, 136, 181, 166, 382, 60, 130, 152, 207, 89, 343, 303, 111, 191, 347, 380, 107, 183, 70, 5, 7, 351, 397, 110, 3, 279, 78, 8, 192, 337, 319, 193, 81, 102, 258, 29, 40, 190, 354, 83, 199, 14, 390, 82, 254, 396, 365, 112, 381, 340, 56, 336, 239, 302, 150, 211, 155, 32, 23, 307, 6, 84, 363, 116, 54, 201, 331, 26, 302, 393, 326, 324, 115, 316, 391, 197, 170, 135, 206, 245, 139, 124, 95, 61, 68, 345, 20, 71, 315, 109, 171, 42, 31, 329, 35, 62, 86, 296, 378, 308, 285, 63, 16, 164, 148, 167, 69, 268, 353, 64, 127, 394, 383, 216, 270, 149, 226, 104, 229, 33, 292, 77, 257, 310, 87, 74, 215, 319, 360, 356, 0, 47, 151, 189, 80, 196, 105, 157, 98, 400, 173, 165, 328, 202, 266, 358, 231, 335, 53, 58, 372, 344, 46, 375, 385, 126, 398, 137, 175, 401, 41, 242, 187, 234, 159, 174, 163, 248, 12, 162, 288, 267, 180, 253, 208, 323, 30, 146, 276, 289, 217, 332, 177, 322, 284, 154, 237, 57, 373, 228, 129, 145, 238, 212, 25, 92, 305, 233, 252, 156, 348, 235, 9, 293, 21, 36, 18, 342, 298, 361, 194, 359, 377, 269, 27, 106, 49, 330, 222, 28, 325, 37, 278, 241, 11, 357, 306, 364, 368, 113, 209, 97, 275, 134, 300, 43, 65, 142, 370, 379, 369, 384, 227, 388, 19, 261, 22, 161, 246, 247, 144, 286, 203, 334, 156, 169, 376, 90, 132, 205, 52, 94, 101, 230, 221, 299, 374, 301, 178, 79, 236, 294, 59, 249, 271, 362, 96, 66, 346, 91, 198, 2, 10, 250, 259, 297, 117, 147, 355, 188, 88, 264, 392, 395, 100, 51, 13, 159, 200, 184, 143, 44, 230, 48, 160, 185, 349, 251, 387, 317, 176, 274, 318, 182, 386, 121, 4, 272, 218, 123, 232, 179, 320, ]
Best fitness: 20.521
SEED: 20042

Solution Bins: 
Bin Number: 87
1602 6961 7509 7566 6606 6042 7249 6967 7447 6621 7448 7420 7303 6898 7172 7066 6812 7229 6909 7506 7001 7301 6757 7538 7247 7248 6820 5982 7136 6942 5815 7436 7522 6579 7376 6174 6852 6858 6795 6172 7445 6458 6942 5219 7418 6782 7495 6341 7191 7391 7098 6532 7256 7296 7534 6775 7315 7164 7319 6596 5245 7050 7400 7491 7532 7268 7515 6937 6789 4357 7286 6058 7479 7475 7525 7416 7318 5541 6904 7467 7526 6428 6325 7526 7231 6949 7318 
Elapsed time: 193 s
----------------------------------------

Population size: 600
Problem dimension: 402
Lower bound: 
0 0 0 0 0 0 0 0 0 0 0 0 0 0 0 0 0 0 0 0 0 0 0 0 0 0 0 0 0 0 0 0 0 0 0 0 0 0 0 0 0 0 0 0 0 0 0 0 0 0 0 0 0 0 0 0 0 0 0 0 0 0 0 0 0 0 0 0 0 0 0 0 0 0 0 0 0 0 0 0 0 0 0 0 0 0 0 0 0 0 0 0 0 0 0 0 0 0 0 0 0 0 0 0 0 0 0 0 0 0 0 0 0 0 0 0 0 0 0 0 0 0 0 0 0 0 0 0 0 0 0 0 0 0 0 0 0 0 0 0 0 0 0 0 0 0 0 0 0 0 0 0 0 0 0 0 0 0 0 0 0 0 0 0 0 0 0 0 0 0 0 0 0 0 0 0 0 0 0 0 0 0 0 0 0 0 0 0 0 0 0 0 0 0 0 0 0 0 0 0 0 0 0 0 0 0 0 0 0 0 0 0 0 0 0 0 0 0 0 0 0 0 0 0 0 0 0 0 0 0 0 0 0 0 0 0 0 0 0 0 0 0 0 0 0 0 0 0 0 0 0 0 0 0 0 0 0 0 0 0 0 0 0 0 0 0 0 0 0 0 0 0 0 0 0 0 0 0 0 0 0 0 0 0 0 0 0 0 0 0 0 0 0 0 0 0 0 0 0 0 0 0 0 0 0 0 0 0 0 0 0 0 0 0 0 0 0 0 0 0 0 0 0 0 0 0 0 0 0 0 0 0 0 0 0 0 0 0 0 0 0 0 0 0 0 0 0 0 0 0 0 0 0 0 0 0 0 0 0 0 0 0 0 0 0 0 0 0 0 0 0 0 0 0 0 0 0 0 0 0 0 0 0 0 0 0 0 0 0 0 0 0 0 0 0 0 0 0 0 0 0 0 
Upper bound: 
401 401 401 401 401 401 401 401 401 401 401 401 401 401 401 401 401 401 401 401 401 401 401 401 401 401 401 401 401 401 401 401 401 401 401 401 401 401 401 401 401 401 401 401 401 401 401 401 401 401 401 401 401 401 401 401 401 401 401 401 401 401 401 401 401 401 401 401 401 401 401 401 401 401 401 401 401 401 401 401 401 401 401 401 401 401 401 401 401 401 401 401 401 401 401 401 401 401 401 401 401 401 401 401 401 401 401 401 401 401 401 401 401 401 401 401 401 401 401 401 401 401 401 401 401 401 401 401 401 401 401 401 401 401 401 401 401 401 401 401 401 401 401 401 401 401 401 401 401 401 401 401 401 401 401 401 401 401 401 401 401 401 401 401 401 401 401 401 401 401 401 401 401 401 401 401 401 401 401 401 401 401 401 401 401 401 401 401 401 401 401 401 401 401 401 401 401 401 401 401 401 401 401 401 401 401 401 401 401 401 401 401 401 401 401 401 401 401 401 401 401 401 401 401 401 401 401 401 401 401 401 401 401 401 401 401 401 401 401 401 401 401 401 401 401 401 401 401 401 401 401 401 401 401 401 401 401 401 401 401 401 401 401 401 401 401 401 401 401 401 401 401 401 401 401 401 401 401 401 401 401 401 401 401 401 401 401 401 401 401 401 401 401 401 401 401 401 401 401 401 401 401 401 401 401 401 401 401 401 401 401 401 401 401 401 401 401 401 401 401 401 401 401 401 401 401 401 401 401 401 401 401 401 401 401 401 401 401 401 401 401 401 401 401 401 401 401 401 401 401 401 401 401 401 401 401 401 401 401 401 401 401 401 401 401 401 401 401 401 401 401 401 401 401 401 401 401 401 401 401 401 401 401 401 401 401 401 401 401 401 401 401 401 401 401 401 401 401 401 401 401 401 
Weight factor: 0.8
Crossover rate: 0.9
Max iteration: 6000
Best solution: 
[389, 157, 113, 312, 394, 396, 158, 331, 127, 79, 201, 52, 40, 27, 246, 33, 244, 258, 130, 359, 159, 4, 391, 257, 106, 280, 213, 324, 125, 273, 94, 35, 151, 293, 24, 13, 141, 380, 86, 194, 202, 7, 397, 390, 51, 288, 74, 379, 230, 234, 298, 346, 54, 57, 95, 301, 334, 320, 386, 219, 356, 110, 12, 309, 310, 329, 384, 31, 63, 232, 71, 255, 142, 363, 155, 160, 172, 46, 281, 268, 120, 322, 218, 345, 307, 352, 153, 90, 378, 313, 192, 278, 41, 238, 88, 0, 250, 70, 237, 349, 36, 118, 177, 87, 89, 362, 341, 103, 287, 190, 387, 9, 207, 228, 243, 112, 18, 44, 210, 382, 253, 344, 37, 121, 34, 133, 211, 77, 398, 11, 319, 337, 196, 176, 45, 93, 3, 323, 126, 214, 220, 204, 350, 347, 339, 304, 314, 39, 365, 290, 395, 369, 360, 149, 385, 123, 302, 138, 212, 111, 264, 277, 366, 291, 75, 188, 200, 222, 316, 131, 84, 175, 317, 152, 139, 167, 101, 318, 178, 140, 225, 82, 197, 128, 182, 169, 22, 348, 303, 265, 370, 72, 209, 343, 393, 16, 250, 60, 171, 85, 224, 269, 245, 6, 279, 376, 311, 67, 180, 333, 361, 145, 184, 116, 199, 295, 256, 247, 117, 14, 262, 64, 109, 47, 198, 124, 282, 321, 65, 325, 371, 340, 251, 170, 105, 259, 357, 174, 80, 5, 294, 183, 308, 119, 285, 150, 375, 223, 147, 162, 137, 30, 99, 42, 56, 342, 335, 221, 260, 266, 267, 358, 286, 227, 274, 315, 383, 388, 186, 165, 81, 270, 240, 62, 168, 297, 261, 208, 163, 283, 100, 148, 195, 194, 189, 367, 254, 49, 336, 20, 291, 154, 83, 132, 332, 59, 216, 129, 191, 249, 97, 68, 115, 161, 50, 242, 354, 53, 374, 229, 134, 236, 372, 26, 58, 401, 300, 231, 91, 252, 69, 29, 215, 98, 96, 2, 205, 143, 164, 146, 114, 166, 230, 135, 263, 289, 299, 76, 43, 296, 92, 400, 66, 327, 235, 276, 21, 64, 226, 173, 136, 353, 206, 306, 179, 38, 78, 19, 102, 241, 28, 193, 233, 25, 8, 292, 239, 305, 104, 275, 1, 248, 122, 73, 32, 284, 368, 392, 328, 23, 338, 217, 330, 144, 182, 364, 355, 271, 272, 108, 15, 156, 253, 377, 185, 326, 107, 17, 203, 61, 10, 55, ]
Best fitness: 21.0537
SEED: 10650

Solution Bins: 
Bin Number: 90
7542 6286 7486 7330 7500 7397 5943 2781 6703 7076 6945 7356 6834 7533 7338 6695 7564 6344 7371 7262 7286 7534 7518 7282 7448 7549 7472 7403 6506 6898 3451 5426 7407 7460 7208 7502 7503 7171 7018 6677 7111 7296 6986 6179 7213 7430 6041 4586 7343 6796 7531 7432 7565 7566 6994 5818 6572 6431 7474 7178 6430 7441 7282 5667 7443 7385 6446 7407 4130 7487 6728 6248 6786 7428 7451 6811 7164 6638 7533 6482 6663 7365 7466 7192 5012 7523 7157 6697 7367 7330 
Elapsed time: 193 s
----------------------------------------

Population size: 600
Problem dimension: 402
Lower bound: 
0 0 0 0 0 0 0 0 0 0 0 0 0 0 0 0 0 0 0 0 0 0 0 0 0 0 0 0 0 0 0 0 0 0 0 0 0 0 0 0 0 0 0 0 0 0 0 0 0 0 0 0 0 0 0 0 0 0 0 0 0 0 0 0 0 0 0 0 0 0 0 0 0 0 0 0 0 0 0 0 0 0 0 0 0 0 0 0 0 0 0 0 0 0 0 0 0 0 0 0 0 0 0 0 0 0 0 0 0 0 0 0 0 0 0 0 0 0 0 0 0 0 0 0 0 0 0 0 0 0 0 0 0 0 0 0 0 0 0 0 0 0 0 0 0 0 0 0 0 0 0 0 0 0 0 0 0 0 0 0 0 0 0 0 0 0 0 0 0 0 0 0 0 0 0 0 0 0 0 0 0 0 0 0 0 0 0 0 0 0 0 0 0 0 0 0 0 0 0 0 0 0 0 0 0 0 0 0 0 0 0 0 0 0 0 0 0 0 0 0 0 0 0 0 0 0 0 0 0 0 0 0 0 0 0 0 0 0 0 0 0 0 0 0 0 0 0 0 0 0 0 0 0 0 0 0 0 0 0 0 0 0 0 0 0 0 0 0 0 0 0 0 0 0 0 0 0 0 0 0 0 0 0 0 0 0 0 0 0 0 0 0 0 0 0 0 0 0 0 0 0 0 0 0 0 0 0 0 0 0 0 0 0 0 0 0 0 0 0 0 0 0 0 0 0 0 0 0 0 0 0 0 0 0 0 0 0 0 0 0 0 0 0 0 0 0 0 0 0 0 0 0 0 0 0 0 0 0 0 0 0 0 0 0 0 0 0 0 0 0 0 0 0 0 0 0 0 0 0 0 0 0 0 0 0 0 0 0 0 0 0 0 0 0 0 0 0 0 0 0 0 0 
Upper bound: 
401 401 401 401 401 401 401 401 401 401 401 401 401 401 401 401 401 401 401 401 401 401 401 401 401 401 401 401 401 401 401 401 401 401 401 401 401 401 401 401 401 401 401 401 401 401 401 401 401 401 401 401 401 401 401 401 401 401 401 401 401 401 401 401 401 401 401 401 401 401 401 401 401 401 401 401 401 401 401 401 401 401 401 401 401 401 401 401 401 401 401 401 401 401 401 401 401 401 401 401 401 401 401 401 401 401 401 401 401 401 401 401 401 401 401 401 401 401 401 401 401 401 401 401 401 401 401 401 401 401 401 401 401 401 401 401 401 401 401 401 401 401 401 401 401 401 401 401 401 401 401 401 401 401 401 401 401 401 401 401 401 401 401 401 401 401 401 401 401 401 401 401 401 401 401 401 401 401 401 401 401 401 401 401 401 401 401 401 401 401 401 401 401 401 401 401 401 401 401 401 401 401 401 401 401 401 401 401 401 401 401 401 401 401 401 401 401 401 401 401 401 401 401 401 401 401 401 401 401 401 401 401 401 401 401 401 401 401 401 401 401 401 401 401 401 401 401 401 401 401 401 401 401 401 401 401 401 401 401 401 401 401 401 401 401 401 401 401 401 401 401 401 401 401 401 401 401 401 401 401 401 401 401 401 401 401 401 401 401 401 401 401 401 401 401 401 401 401 401 401 401 401 401 401 401 401 401 401 401 401 401 401 401 401 401 401 401 401 401 401 401 401 401 401 401 401 401 401 401 401 401 401 401 401 401 401 401 401 401 401 401 401 401 401 401 401 401 401 401 401 401 401 401 401 401 401 401 401 401 401 401 401 401 401 401 401 401 401 401 401 401 401 401 401 401 401 401 401 401 401 401 401 401 401 401 401 401 401 401 401 401 401 401 401 401 401 401 401 401 401 401 401 
Weight factor: 0.8
Crossover rate: 0.9
Max iteration: 6000
Best solution: 
[61, 153, 133, 89, 266, 25, 7, 147, 176, 199, 141, 66, 249, 389, 148, 275, 307, 322, 111, 64, 24, 45, 265, 380, 330, 34, 391, 106, 164, 254, 149, 118, 233, 399, 186, 140, 136, 329, 295, 246, 234, 151, 75, 328, 268, 237, 223, 27, 122, 48, 324, 60, 6, 269, 50, 157, 103, 68, 292, 85, 276, 221, 33, 219, 358, 43, 31, 385, 303, 126, 187, 230, 146, 39, 86, 177, 114, 308, 312, 35, 73, 49, 197, 340, 182, 200, 366, 184, 26, 18, 128, 290, 155, 320, 171, 150, 377, 88, 294, 19, 384, 158, 293, 162, 145, 203, 217, 54, 166, 338, 375, 134, 41, 379, 159, 344, 185, 179, 279, 309, 310, 394, 248, 63, 100, 305, 180, 42, 209, 93, 4, 231, 302, 227, 195, 167, 260, 387, 285, 378, 30, 274, 193, 190, 333, 178, 243, 352, 345, 87, 395, 165, 220, 348, 381, 313, 354, 154, 373, 207, 8, 194, 327, 261, 277, 289, 367, 131, 300, 357, 102, 369, 28, 255, 67, 96, 401, 264, 332, 374, 341, 323, 282, 14, 213, 83, 271, 228, 120, 262, 284, 132, 94, 306, 21, 256, 331, 356, 58, 355, 74, 202, 215, 346, 397, 382, 116, 392, 362, 196, 3, 325, 206, 245, 160, 123, 359, 1, 263, 372, 208, 370, 173, 371, 351, 257, 188, 349, 291, 376, 296, 72, 239, 363, 101, 342, 70, 236, 198, 350, 337, 129, 267, 121, 32, 107, 336, 201, 138, 62, 242, 10, 189, 210, 36, 204, 65, 218, 142, 105, 270, 12, 240, 97, 192, 298, 258, 38, 317, 92, 283, 47, 183, 175, 335, 90, 124, 59, 119, 316, 168, 238, 368, 163, 161, 51, 232, 84, 326, 115, 44, 393, 99, 235, 46, 281, 76, 137, 9, 343, 388, 71, 23, 311, 15, 347, 253, 56, 55, 247, 278, 301, 79, 315, 371, 95, 222, 214, 11, 143, 108, 212, 91, 226, 216, 20, 112, 205, 252, 386, 365, 321, 53, 40, 139, 69, 182, 169, 170, 104, 272, 304, 364, 280, 261, 297, 225, 181, 172, 259, 125, 109, 288, 156, 135, 81, 299, 77, 211, 361, 78, 29, 396, 5, 16, 244, 113, 383, 287, 314, 250, 110, 334, 400, 0, 13, 130, 174, 127, 224, 273, 82, 353, 339, 229, 191, 398, 98, 57, 52, 2, 144, 360, 318, 390, 181, 154, 80, 152, 117, 241, 22, ]
Best fitness: 20.9497
SEED: 30239

Solution Bins: 
Bin Number: 88
6174 3158 7224 5553 6900 5845 6621 7500 7547 6718 5376 7556 6575 6584 7378 7399 6595 7532 6427 6590 6474 6960 5879 5738 6668 7308 7199 7358 5448 7555 7081 6483 6731 6274 7456 7544 7404 7367 7300 5419 5719 7431 7179 7013 6907 7353 6320 6821 6561 4430 7533 7547 7136 5691 7468 7436 6809 7456 6187 7175 6785 6526 7193 5838 7082 6918 7085 7433 7529 7510 7497 7124 6460 7532 7447 6661 7560 6122 7002 6836 7100 7082 5522 7400 7478 6324 7181 7488 
Elapsed time: 195 s
----------------------------------------

Population size: 600
Problem dimension: 402
Lower bound: 
0 0 0 0 0 0 0 0 0 0 0 0 0 0 0 0 0 0 0 0 0 0 0 0 0 0 0 0 0 0 0 0 0 0 0 0 0 0 0 0 0 0 0 0 0 0 0 0 0 0 0 0 0 0 0 0 0 0 0 0 0 0 0 0 0 0 0 0 0 0 0 0 0 0 0 0 0 0 0 0 0 0 0 0 0 0 0 0 0 0 0 0 0 0 0 0 0 0 0 0 0 0 0 0 0 0 0 0 0 0 0 0 0 0 0 0 0 0 0 0 0 0 0 0 0 0 0 0 0 0 0 0 0 0 0 0 0 0 0 0 0 0 0 0 0 0 0 0 0 0 0 0 0 0 0 0 0 0 0 0 0 0 0 0 0 0 0 0 0 0 0 0 0 0 0 0 0 0 0 0 0 0 0 0 0 0 0 0 0 0 0 0 0 0 0 0 0 0 0 0 0 0 0 0 0 0 0 0 0 0 0 0 0 0 0 0 0 0 0 0 0 0 0 0 0 0 0 0 0 0 0 0 0 0 0 0 0 0 0 0 0 0 0 0 0 0 0 0 0 0 0 0 0 0 0 0 0 0 0 0 0 0 0 0 0 0 0 0 0 0 0 0 0 0 0 0 0 0 0 0 0 0 0 0 0 0 0 0 0 0 0 0 0 0 0 0 0 0 0 0 0 0 0 0 0 0 0 0 0 0 0 0 0 0 0 0 0 0 0 0 0 0 0 0 0 0 0 0 0 0 0 0 0 0 0 0 0 0 0 0 0 0 0 0 0 0 0 0 0 0 0 0 0 0 0 0 0 0 0 0 0 0 0 0 0 0 0 0 0 0 0 0 0 0 0 0 0 0 0 0 0 0 0 0 0 0 0 0 0 0 0 0 0 0 0 0 0 0 0 0 0 0 
Upper bound: 
401 401 401 401 401 401 401 401 401 401 401 401 401 401 401 401 401 401 401 401 401 401 401 401 401 401 401 401 401 401 401 401 401 401 401 401 401 401 401 401 401 401 401 401 401 401 401 401 401 401 401 401 401 401 401 401 401 401 401 401 401 401 401 401 401 401 401 401 401 401 401 401 401 401 401 401 401 401 401 401 401 401 401 401 401 401 401 401 401 401 401 401 401 401 401 401 401 401 401 401 401 401 401 401 401 401 401 401 401 401 401 401 401 401 401 401 401 401 401 401 401 401 401 401 401 401 401 401 401 401 401 401 401 401 401 401 401 401 401 401 401 401 401 401 401 401 401 401 401 401 401 401 401 401 401 401 401 401 401 401 401 401 401 401 401 401 401 401 401 401 401 401 401 401 401 401 401 401 401 401 401 401 401 401 401 401 401 401 401 401 401 401 401 401 401 401 401 401 401 401 401 401 401 401 401 401 401 401 401 401 401 401 401 401 401 401 401 401 401 401 401 401 401 401 401 401 401 401 401 401 401 401 401 401 401 401 401 401 401 401 401 401 401 401 401 401 401 401 401 401 401 401 401 401 401 401 401 401 401 401 401 401 401 401 401 401 401 401 401 401 401 401 401 401 401 401 401 401 401 401 401 401 401 401 401 401 401 401 401 401 401 401 401 401 401 401 401 401 401 401 401 401 401 401 401 401 401 401 401 401 401 401 401 401 401 401 401 401 401 401 401 401 401 401 401 401 401 401 401 401 401 401 401 401 401 401 401 401 401 401 401 401 401 401 401 401 401 401 401 401 401 401 401 401 401 401 401 401 401 401 401 401 401 401 401 401 401 401 401 401 401 401 401 401 401 401 401 401 401 401 401 401 401 401 401 401 401 401 401 401 401 401 401 401 401 401 401 401 401 401 401 401 
Weight factor: 0.8
Crossover rate: 0.9
Max iteration: 6000
Best solution: 
[237, 276, 383, 86, 323, 150, 75, 209, 245, 154, 124, 121, 104, 175, 63, 84, 312, 254, 181, 13, 31, 92, 334, 318, 319, 194, 206, 281, 365, 37, 340, 20, 177, 133, 352, 165, 330, 157, 76, 182, 397, 294, 21, 27, 113, 218, 208, 287, 335, 109, 53, 55, 286, 60, 248, 91, 2, 146, 68, 230, 229, 135, 202, 43, 64, 266, 199, 351, 307, 51, 310, 371, 380, 370, 265, 289, 251, 134, 138, 306, 180, 78, 74, 242, 303, 271, 85, 386, 149, 341, 28, 97, 391, 88, 333, 309, 385, 236, 240, 259, 174, 184, 222, 36, 162, 96, 168, 291, 364, 400, 102, 203, 299, 389, 394, 163, 262, 131, 267, 153, 16, 221, 395, 87, 304, 6, 288, 94, 376, 315, 65, 238, 255, 283, 108, 231, 373, 300, 11, 143, 331, 246, 332, 253, 217, 272, 173, 320, 223, 48, 392, 73, 329, 132, 170, 119, 197, 207, 83, 321, 350, 328, 348, 235, 126, 67, 378, 1, 261, 4, 205, 258, 193, 90, 167, 24, 200, 263, 166, 353, 381, 125, 345, 220, 9, 396, 270, 152, 252, 372, 47, 387, 22, 49, 232, 137, 70, 106, 0, 82, 274, 377, 59, 192, 215, 99, 39, 393, 212, 171, 213, 158, 338, 275, 71, 32, 145, 7, 139, 148, 122, 211, 54, 311, 295, 93, 356, 233, 35, 273, 249, 226, 374, 337, 123, 301, 292, 346, 81, 228, 56, 95, 12, 324, 155, 29, 375, 100, 159, 187, 178, 317, 250, 186, 30, 80, 198, 50, 127, 349, 399, 38, 314, 128, 79, 147, 234, 344, 316, 89, 26, 260, 62, 280, 14, 8, 284, 19, 343, 129, 18, 44, 113, 201, 45, 40, 290, 3, 105, 354, 117, 360, 214, 241, 358, 244, 15, 361, 256, 277, 172, 398, 357, 142, 224, 190, 33, 216, 72, 296, 359, 293, 51, 247, 355, 57, 204, 179, 366, 279, 322, 140, 347, 201, 191, 239, 58, 285, 196, 325, 305, 120, 336, 156, 10, 66, 5, 110, 282, 183, 107, 368, 379, 112, 382, 268, 390, 52, 269, 210, 229, 116, 41, 342, 327, 225, 141, 401, 185, 367, 219, 308, 46, 115, 164, 298, 242, 199, 264, 136, 297, 144, 195, 339, 169, 103, 61, 363, 130, 114, 25, 302, 101, 384, 326, 313, 17, 362, 69, 369, 98, 160, 176, 257, 118, 189, 243, 23, 227, 161, 278, 388, ]
Best fitness: 20.9634
SEED: 23074

Solution Bins: 
Bin Number: 91
7392 6924 6138 6798 6640 6703 7509 7334 7184 7412 6638 7506 6301 7381 6786 6931 4313 6770 7545 7377 7389 7501 6778 7208 4913 7442 7453 7315 7048 6277 6766 7231 6488 6223 7329 7354 6175 7433 7506 6621 6896 7434 7319 7224 6004 6810 6867 6208 6982 6561 6761 6866 6970 7541 6904 7099 6966 6713 6214 6572 7519 7006 5796 6856 7310 7221 3985 6426 7534 7197 7431 7055 7552 7285 7511 7174 6822 6743 6764 7062 7200 6270 7124 7544 6865 7112 3892 6952 7491 7439 7198 
Elapsed time: 194 s
----------------------------------------

Population size: 600
Problem dimension: 402
Lower bound: 
0 0 0 0 0 0 0 0 0 0 0 0 0 0 0 0 0 0 0 0 0 0 0 0 0 0 0 0 0 0 0 0 0 0 0 0 0 0 0 0 0 0 0 0 0 0 0 0 0 0 0 0 0 0 0 0 0 0 0 0 0 0 0 0 0 0 0 0 0 0 0 0 0 0 0 0 0 0 0 0 0 0 0 0 0 0 0 0 0 0 0 0 0 0 0 0 0 0 0 0 0 0 0 0 0 0 0 0 0 0 0 0 0 0 0 0 0 0 0 0 0 0 0 0 0 0 0 0 0 0 0 0 0 0 0 0 0 0 0 0 0 0 0 0 0 0 0 0 0 0 0 0 0 0 0 0 0 0 0 0 0 0 0 0 0 0 0 0 0 0 0 0 0 0 0 0 0 0 0 0 0 0 0 0 0 0 0 0 0 0 0 0 0 0 0 0 0 0 0 0 0 0 0 0 0 0 0 0 0 0 0 0 0 0 0 0 0 0 0 0 0 0 0 0 0 0 0 0 0 0 0 0 0 0 0 0 0 0 0 0 0 0 0 0 0 0 0 0 0 0 0 0 0 0 0 0 0 0 0 0 0 0 0 0 0 0 0 0 0 0 0 0 0 0 0 0 0 0 0 0 0 0 0 0 0 0 0 0 0 0 0 0 0 0 0 0 0 0 0 0 0 0 0 0 0 0 0 0 0 0 0 0 0 0 0 0 0 0 0 0 0 0 0 0 0 0 0 0 0 0 0 0 0 0 0 0 0 0 0 0 0 0 0 0 0 0 0 0 0 0 0 0 0 0 0 0 0 0 0 0 0 0 0 0 0 0 0 0 0 0 0 0 0 0 0 0 0 0 0 0 0 0 0 0 0 0 0 0 0 0 0 0 0 0 0 0 0 0 0 0 0 0 
Upper bound: 
401 401 401 401 401 401 401 401 401 401 401 401 401 401 401 401 401 401 401 401 401 401 401 401 401 401 401 401 401 401 401 401 401 401 401 401 401 401 401 401 401 401 401 401 401 401 401 401 401 401 401 401 401 401 401 401 401 401 401 401 401 401 401 401 401 401 401 401 401 401 401 401 401 401 401 401 401 401 401 401 401 401 401 401 401 401 401 401 401 401 401 401 401 401 401 401 401 401 401 401 401 401 401 401 401 401 401 401 401 401 401 401 401 401 401 401 401 401 401 401 401 401 401 401 401 401 401 401 401 401 401 401 401 401 401 401 401 401 401 401 401 401 401 401 401 401 401 401 401 401 401 401 401 401 401 401 401 401 401 401 401 401 401 401 401 401 401 401 401 401 401 401 401 401 401 401 401 401 401 401 401 401 401 401 401 401 401 401 401 401 401 401 401 401 401 401 401 401 401 401 401 401 401 401 401 401 401 401 401 401 401 401 401 401 401 401 401 401 401 401 401 401 401 401 401 401 401 401 401 401 401 401 401 401 401 401 401 401 401 401 401 401 401 401 401 401 401 401 401 401 401 401 401 401 401 401 401 401 401 401 401 401 401 401 401 401 401 401 401 401 401 401 401 401 401 401 401 401 401 401 401 401 401 401 401 401 401 401 401 401 401 401 401 401 401 401 401 401 401 401 401 401 401 401 401 401 401 401 401 401 401 401 401 401 401 401 401 401 401 401 401 401 401 401 401 401 401 401 401 401 401 401 401 401 401 401 401 401 401 401 401 401 401 401 401 401 401 401 401 401 401 401 401 401 401 401 401 401 401 401 401 401 401 401 401 401 401 401 401 401 401 401 401 401 401 401 401 401 401 401 401 401 401 401 401 401 401 401 401 401 401 401 401 401 401 401 401 401 401 401 401 401 
Weight factor: 0.8
Crossover rate: 0.9
Max iteration: 6000
Best solution: 
[241, 196, 395, 267, 294, 279, 178, 368, 167, 391, 29, 8, 353, 190, 32, 314, 390, 384, 173, 100, 165, 242, 145, 274, 99, 379, 322, 342, 157, 218, 252, 321, 270, 214, 263, 41, 154, 45, 104, 116, 10, 269, 261, 230, 289, 258, 118, 283, 65, 15, 12, 298, 245, 64, 365, 220, 69, 297, 43, 58, 348, 310, 238, 306, 313, 345, 311, 339, 105, 381, 183, 232, 73, 36, 16, 226, 200, 68, 357, 182, 35, 9, 56, 194, 14, 359, 113, 299, 326, 363, 153, 47, 133, 400, 17, 396, 52, 0, 124, 344, 19, 307, 264, 401, 169, 114, 233, 2, 28, 30, 349, 87, 160, 247, 152, 155, 327, 324, 61, 386, 186, 98, 225, 302, 11, 385, 213, 159, 317, 337, 142, 350, 131, 273, 387, 5, 237, 20, 140, 369, 215, 174, 127, 129, 242, 31, 50, 266, 316, 382, 325, 290, 89, 320, 393, 358, 1, 162, 3, 291, 315, 80, 205, 62, 234, 208, 49, 102, 103, 179, 88, 341, 296, 38, 319, 328, 172, 206, 90, 333, 24, 198, 354, 81, 141, 13, 33, 308, 207, 107, 203, 108, 22, 137, 244, 48, 398, 199, 46, 331, 376, 272, 51, 78, 77, 74, 188, 85, 210, 44, 180, 346, 112, 251, 332, 330, 67, 59, 70, 174, 86, 139, 109, 284, 356, 388, 285, 377, 202, 193, 149, 164, 150, 277, 95, 156, 158, 316, 300, 195, 216, 136, 371, 223, 383, 239, 138, 389, 255, 352, 151, 250, 23, 372, 212, 176, 276, 257, 148, 288, 304, 181, 262, 259, 63, 37, 249, 228, 364, 394, 111, 351, 340, 189, 75, 66, 254, 135, 177, 21, 84, 106, 168, 82, 79, 336, 175, 128, 170, 54, 373, 378, 39, 256, 91, 374, 55, 209, 93, 293, 134, 126, 144, 192, 121, 278, 397, 312, 347, 40, 166, 201, 187, 305, 343, 231, 211, 334, 236, 286, 34, 295, 367, 246, 72, 338, 97, 122, 282, 227, 224, 229, 248, 281, 7, 240, 362, 123, 189, 235, 329, 4, 53, 303, 221, 361, 265, 268, 380, 120, 185, 370, 171, 18, 287, 119, 147, 271, 399, 130, 96, 335, 25, 83, 60, 163, 26, 92, 27, 253, 42, 309, 375, 197, 392, 222, 184, 132, 146, 280, 57, 366, 71, 292, 375, 143, 318, 301, 204, 219, 323, 217, 125, 355, 360, 243, 275, 191, 115, 76, 6, 260, ]
Best fitness: 21.0261
SEED: 25234

Solution Bins: 
Bin Number: 91
7470 6933 7101 7126 3250 7178 2342 5090 7359 6803 6697 7430 6390 7504 6205 6765 6686 7368 6503 7499 5646 6341 6791 6810 7183 7429 6574 5816 5920 6826 7209 5539 7436 6652 6750 7353 7500 6952 7469 7323 7420 6702 7566 6901 7120 6703 7404 6623 7166 7280 5798 7294 7472 6102 6187 7423 7301 7324 7550 6089 7490 6306 7472 6997 5867 5497 5659 7549 7519 7429 7471 7357 6689 7231 7522 6200 7536 7233 6542 6641 7479 7124 7044 6820 6179 6582 7278 7540 6815 7329 7359 
Elapsed time: 195 s
----------------------------------------

Population size: 600
Problem dimension: 402
Lower bound: 
0 0 0 0 0 0 0 0 0 0 0 0 0 0 0 0 0 0 0 0 0 0 0 0 0 0 0 0 0 0 0 0 0 0 0 0 0 0 0 0 0 0 0 0 0 0 0 0 0 0 0 0 0 0 0 0 0 0 0 0 0 0 0 0 0 0 0 0 0 0 0 0 0 0 0 0 0 0 0 0 0 0 0 0 0 0 0 0 0 0 0 0 0 0 0 0 0 0 0 0 0 0 0 0 0 0 0 0 0 0 0 0 0 0 0 0 0 0 0 0 0 0 0 0 0 0 0 0 0 0 0 0 0 0 0 0 0 0 0 0 0 0 0 0 0 0 0 0 0 0 0 0 0 0 0 0 0 0 0 0 0 0 0 0 0 0 0 0 0 0 0 0 0 0 0 0 0 0 0 0 0 0 0 0 0 0 0 0 0 0 0 0 0 0 0 0 0 0 0 0 0 0 0 0 0 0 0 0 0 0 0 0 0 0 0 0 0 0 0 0 0 0 0 0 0 0 0 0 0 0 0 0 0 0 0 0 0 0 0 0 0 0 0 0 0 0 0 0 0 0 0 0 0 0 0 0 0 0 0 0 0 0 0 0 0 0 0 0 0 0 0 0 0 0 0 0 0 0 0 0 0 0 0 0 0 0 0 0 0 0 0 0 0 0 0 0 0 0 0 0 0 0 0 0 0 0 0 0 0 0 0 0 0 0 0 0 0 0 0 0 0 0 0 0 0 0 0 0 0 0 0 0 0 0 0 0 0 0 0 0 0 0 0 0 0 0 0 0 0 0 0 0 0 0 0 0 0 0 0 0 0 0 0 0 0 0 0 0 0 0 0 0 0 0 0 0 0 0 0 0 0 0 0 0 0 0 0 0 0 0 0 0 0 0 0 0 0 0 0 0 0 0 
Upper bound: 
401 401 401 401 401 401 401 401 401 401 401 401 401 401 401 401 401 401 401 401 401 401 401 401 401 401 401 401 401 401 401 401 401 401 401 401 401 401 401 401 401 401 401 401 401 401 401 401 401 401 401 401 401 401 401 401 401 401 401 401 401 401 401 401 401 401 401 401 401 401 401 401 401 401 401 401 401 401 401 401 401 401 401 401 401 401 401 401 401 401 401 401 401 401 401 401 401 401 401 401 401 401 401 401 401 401 401 401 401 401 401 401 401 401 401 401 401 401 401 401 401 401 401 401 401 401 401 401 401 401 401 401 401 401 401 401 401 401 401 401 401 401 401 401 401 401 401 401 401 401 401 401 401 401 401 401 401 401 401 401 401 401 401 401 401 401 401 401 401 401 401 401 401 401 401 401 401 401 401 401 401 401 401 401 401 401 401 401 401 401 401 401 401 401 401 401 401 401 401 401 401 401 401 401 401 401 401 401 401 401 401 401 401 401 401 401 401 401 401 401 401 401 401 401 401 401 401 401 401 401 401 401 401 401 401 401 401 401 401 401 401 401 401 401 401 401 401 401 401 401 401 401 401 401 401 401 401 401 401 401 401 401 401 401 401 401 401 401 401 401 401 401 401 401 401 401 401 401 401 401 401 401 401 401 401 401 401 401 401 401 401 401 401 401 401 401 401 401 401 401 401 401 401 401 401 401 401 401 401 401 401 401 401 401 401 401 401 401 401 401 401 401 401 401 401 401 401 401 401 401 401 401 401 401 401 401 401 401 401 401 401 401 401 401 401 401 401 401 401 401 401 401 401 401 401 401 401 401 401 401 401 401 401 401 401 401 401 401 401 401 401 401 401 401 401 401 401 401 401 401 401 401 401 401 401 401 401 401 401 401 401 401 401 401 401 401 401 401 401 401 401 401 
Weight factor: 0.8
Crossover rate: 0.9
Max iteration: 6000
Best solution: 
[398, 237, 245, 76, 180, 72, 182, 225, 292, 80, 377, 48, 222, 137, 226, 326, 197, 183, 67, 201, 276, 282, 90, 314, 25, 186, 92, 265, 173, 91, 64, 319, 138, 328, 140, 220, 366, 35, 3, 159, 32, 332, 248, 81, 45, 10, 57, 29, 312, 330, 359, 23, 344, 315, 379, 367, 396, 170, 119, 274, 40, 343, 82, 255, 224, 59, 298, 9, 188, 143, 318, 146, 295, 280, 227, 108, 373, 313, 53, 110, 283, 356, 334, 214, 200, 195, 184, 310, 24, 336, 115, 306, 162, 219, 169, 107, 124, 303, 12, 155, 275, 215, 380, 171, 364, 228, 243, 260, 11, 198, 267, 308, 365, 251, 305, 293, 125, 168, 296, 386, 89, 209, 147, 38, 230, 95, 261, 383, 353, 240, 271, 139, 357, 211, 93, 134, 128, 75, 6, 205, 130, 317, 285, 242, 347, 393, 247, 387, 392, 54, 204, 47, 394, 58, 62, 341, 131, 350, 153, 241, 14, 176, 193, 338, 206, 358, 254, 185, 299, 42, 0, 284, 238, 68, 199, 339, 191, 385, 30, 16, 99, 321, 2, 189, 74, 231, 36, 79, 7, 281, 288, 151, 118, 179, 8, 56, 382, 207, 190, 132, 116, 174, 307, 221, 187, 157, 83, 250, 26, 384, 51, 34, 239, 368, 287, 33, 217, 13, 391, 60, 342, 85, 109, 164, 266, 77, 88, 400, 362, 258, 325, 120, 112, 235, 277, 329, 291, 163, 121, 164, 272, 352, 333, 337, 126, 87, 256, 375, 397, 252, 65, 290, 66, 216, 15, 294, 18, 259, 44, 43, 309, 100, 223, 152, 363, 28, 390, 327, 331, 178, 123, 148, 17, 316, 320, 156, 122, 84, 301, 0, 86, 96, 378, 246, 31, 236, 55, 27, 19, 372, 160, 324, 218, 348, 113, 50, 127, 165, 172, 111, 302, 262, 136, 73, 323, 208, 69, 103, 61, 52, 21, 39, 248, 70, 322, 234, 192, 289, 94, 310, 346, 37, 46, 5, 278, 106, 232, 166, 133, 114, 175, 360, 135, 196, 351, 150, 355, 376, 71, 286, 105, 335, 273, 374, 142, 263, 354, 297, 371, 257, 213, 269, 395, 41, 389, 253, 177, 268, 210, 264, 141, 145, 144, 154, 181, 311, 102, 361, 203, 233, 401, 370, 388, 212, 129, 349, 369, 194, 270, 167, 345, 340, 381, 158, 98, 101, 202, 229, 49, 249, 293, 104, 300, 22, 279, 4, 304, 244, 399, 20, 149, 63, ]
Best fitness: 19.6022
SEED: 14408

Solution Bins: 
Bin Number: 88
7479 7500 6328 6516 7203 6284 7566 5522 7450 6773 7529 6372 6191 7510 7017 7562 7122 7498 6733 6138 6977 6619 7062 6012 7547 7107 7373 6407 6942 6762 6549 7493 6188 7204 7074 7274 7433 6700 5436 7286 6501 7233 6691 6757 5971 6844 7438 7478 7549 6503 7416 6708 6740 7469 7215 7499 7072 6426 6435 7316 6500 7134 7170 6270 7100 6807 6176 7545 4163 7358 6174 6638 6998 7463 6500 7292 5986 6475 6768 7392 7510 6933 7520 6581 7189 6591 7298 7478 
Elapsed time: 195 s
----------------------------------------

Population size: 600
Problem dimension: 402
Lower bound: 
0 0 0 0 0 0 0 0 0 0 0 0 0 0 0 0 0 0 0 0 0 0 0 0 0 0 0 0 0 0 0 0 0 0 0 0 0 0 0 0 0 0 0 0 0 0 0 0 0 0 0 0 0 0 0 0 0 0 0 0 0 0 0 0 0 0 0 0 0 0 0 0 0 0 0 0 0 0 0 0 0 0 0 0 0 0 0 0 0 0 0 0 0 0 0 0 0 0 0 0 0 0 0 0 0 0 0 0 0 0 0 0 0 0 0 0 0 0 0 0 0 0 0 0 0 0 0 0 0 0 0 0 0 0 0 0 0 0 0 0 0 0 0 0 0 0 0 0 0 0 0 0 0 0 0 0 0 0 0 0 0 0 0 0 0 0 0 0 0 0 0 0 0 0 0 0 0 0 0 0 0 0 0 0 0 0 0 0 0 0 0 0 0 0 0 0 0 0 0 0 0 0 0 0 0 0 0 0 0 0 0 0 0 0 0 0 0 0 0 0 0 0 0 0 0 0 0 0 0 0 0 0 0 0 0 0 0 0 0 0 0 0 0 0 0 0 0 0 0 0 0 0 0 0 0 0 0 0 0 0 0 0 0 0 0 0 0 0 0 0 0 0 0 0 0 0 0 0 0 0 0 0 0 0 0 0 0 0 0 0 0 0 0 0 0 0 0 0 0 0 0 0 0 0 0 0 0 0 0 0 0 0 0 0 0 0 0 0 0 0 0 0 0 0 0 0 0 0 0 0 0 0 0 0 0 0 0 0 0 0 0 0 0 0 0 0 0 0 0 0 0 0 0 0 0 0 0 0 0 0 0 0 0 0 0 0 0 0 0 0 0 0 0 0 0 0 0 0 0 0 0 0 0 0 0 0 0 0 0 0 0 0 0 0 0 0 0 0 0 0 0 0 
Upper bound: 
401 401 401 401 401 401 401 401 401 401 401 401 401 401 401 401 401 401 401 401 401 401 401 401 401 401 401 401 401 401 401 401 401 401 401 401 401 401 401 401 401 401 401 401 401 401 401 401 401 401 401 401 401 401 401 401 401 401 401 401 401 401 401 401 401 401 401 401 401 401 401 401 401 401 401 401 401 401 401 401 401 401 401 401 401 401 401 401 401 401 401 401 401 401 401 401 401 401 401 401 401 401 401 401 401 401 401 401 401 401 401 401 401 401 401 401 401 401 401 401 401 401 401 401 401 401 401 401 401 401 401 401 401 401 401 401 401 401 401 401 401 401 401 401 401 401 401 401 401 401 401 401 401 401 401 401 401 401 401 401 401 401 401 401 401 401 401 401 401 401 401 401 401 401 401 401 401 401 401 401 401 401 401 401 401 401 401 401 401 401 401 401 401 401 401 401 401 401 401 401 401 401 401 401 401 401 401 401 401 401 401 401 401 401 401 401 401 401 401 401 401 401 401 401 401 401 401 401 401 401 401 401 401 401 401 401 401 401 401 401 401 401 401 401 401 401 401 401 401 401 401 401 401 401 401 401 401 401 401 401 401 401 401 401 401 401 401 401 401 401 401 401 401 401 401 401 401 401 401 401 401 401 401 401 401 401 401 401 401 401 401 401 401 401 401 401 401 401 401 401 401 401 401 401 401 401 401 401 401 401 401 401 401 401 401 401 401 401 401 401 401 401 401 401 401 401 401 401 401 401 401 401 401 401 401 401 401 401 401 401 401 401 401 401 401 401 401 401 401 401 401 401 401 401 401 401 401 401 401 401 401 401 401 401 401 401 401 401 401 401 401 401 401 401 401 401 401 401 401 401 401 401 401 401 401 401 401 401 401 401 401 401 401 401 401 401 401 401 401 401 401 401 
Weight factor: 0.8
Crossover rate: 0.9
Max iteration: 6000
Best solution: 
[35, 153, 70, 182, 53, 12, 261, 123, 130, 399, 372, 321, 366, 38, 61, 195, 250, 28, 348, 255, 324, 375, 13, 48, 307, 326, 391, 65, 24, 21, 4, 369, 243, 91, 360, 332, 378, 252, 155, 269, 227, 137, 17, 356, 88, 180, 140, 213, 86, 162, 14, 388, 183, 15, 238, 9, 71, 244, 262, 154, 315, 42, 347, 87, 318, 329, 146, 271, 161, 47, 327, 219, 335, 293, 137, 150, 98, 116, 233, 290, 224, 334, 339, 319, 270, 268, 316, 277, 299, 139, 141, 359, 362, 170, 172, 338, 379, 341, 134, 373, 127, 364, 376, 49, 247, 100, 99, 200, 212, 401, 167, 80, 361, 240, 392, 260, 101, 125, 371, 44, 34, 164, 288, 72, 355, 296, 92, 166, 138, 194, 46, 222, 354, 246, 152, 149, 309, 159, 232, 97, 74, 272, 67, 275, 11, 83, 199, 0, 191, 115, 236, 110, 54, 350, 124, 29, 274, 158, 314, 23, 177, 33, 322, 285, 97, 187, 66, 281, 353, 89, 122, 157, 184, 190, 107, 231, 383, 197, 249, 126, 94, 389, 201, 257, 386, 393, 112, 280, 160, 81, 209, 282, 336, 352, 214, 248, 114, 245, 239, 168, 135, 397, 163, 349, 26, 387, 192, 344, 241, 382, 143, 313, 193, 3, 133, 129, 79, 226, 384, 323, 131, 178, 18, 370, 343, 273, 44, 51, 283, 30, 202, 10, 173, 109, 211, 345, 358, 294, 228, 50, 306, 234, 325, 106, 196, 237, 93, 305, 395, 220, 367, 151, 62, 207, 217, 291, 377, 287, 55, 82, 328, 308, 45, 32, 292, 300, 320, 52, 57, 40, 342, 121, 108, 398, 254, 251, 206, 27, 102, 276, 278, 317, 221, 19, 302, 8, 37, 119, 174, 204, 95, 284, 148, 229, 265, 142, 181, 215, 264, 105, 22, 84, 171, 223, 295, 2, 20, 1, 340, 357, 31, 63, 78, 365, 189, 310, 208, 368, 242, 144, 227, 118, 104, 298, 331, 169, 380, 346, 267, 396, 69, 400, 39, 301, 188, 258, 111, 56, 263, 16, 36, 374, 58, 210, 303, 337, 132, 151, 351, 203, 225, 330, 385, 136, 216, 230, 394, 176, 363, 185, 85, 198, 5, 76, 333, 218, 147, 5, 259, 235, 6, 304, 77, 75, 205, 179, 60, 266, 128, 113, 73, 286, 297, 145, 186, 165, 25, 43, 41, 120, 294, 390, 381, 175, 59, 312, 68, 253, 279, 90, 156, 311, ]
Best fitness: 20.2491
SEED: 1218

Solution Bins: 
Bin Number: 89
6503 7514 7385 4336 7464 7444 6843 6794 6638 6987 7035 7345 6670 6828 7525 7428 6903 5858 7403 7270 7511 7450 7383 7429 7530 3938 6506 6998 6301 6980 6226 7129 6854 6528 6450 7117 6910 7246 7491 5714 5209 6751 7389 7503 7230 7255 6885 6943 6631 7318 7040 6743 7501 7521 7006 7298 7276 6926 7354 6664 7395 7431 7113 7244 7301 6745 7453 7186 7158 6145 7543 7503 6962 7182 7338 7378 7217 7388 6833 7088 7437 7098 7018 6807 4722 6980 6427 6665 7563 
Elapsed time: 194 s
----------------------------------------

Population size: 600
Problem dimension: 402
Lower bound: 
0 0 0 0 0 0 0 0 0 0 0 0 0 0 0 0 0 0 0 0 0 0 0 0 0 0 0 0 0 0 0 0 0 0 0 0 0 0 0 0 0 0 0 0 0 0 0 0 0 0 0 0 0 0 0 0 0 0 0 0 0 0 0 0 0 0 0 0 0 0 0 0 0 0 0 0 0 0 0 0 0 0 0 0 0 0 0 0 0 0 0 0 0 0 0 0 0 0 0 0 0 0 0 0 0 0 0 0 0 0 0 0 0 0 0 0 0 0 0 0 0 0 0 0 0 0 0 0 0 0 0 0 0 0 0 0 0 0 0 0 0 0 0 0 0 0 0 0 0 0 0 0 0 0 0 0 0 0 0 0 0 0 0 0 0 0 0 0 0 0 0 0 0 0 0 0 0 0 0 0 0 0 0 0 0 0 0 0 0 0 0 0 0 0 0 0 0 0 0 0 0 0 0 0 0 0 0 0 0 0 0 0 0 0 0 0 0 0 0 0 0 0 0 0 0 0 0 0 0 0 0 0 0 0 0 0 0 0 0 0 0 0 0 0 0 0 0 0 0 0 0 0 0 0 0 0 0 0 0 0 0 0 0 0 0 0 0 0 0 0 0 0 0 0 0 0 0 0 0 0 0 0 0 0 0 0 0 0 0 0 0 0 0 0 0 0 0 0 0 0 0 0 0 0 0 0 0 0 0 0 0 0 0 0 0 0 0 0 0 0 0 0 0 0 0 0 0 0 0 0 0 0 0 0 0 0 0 0 0 0 0 0 0 0 0 0 0 0 0 0 0 0 0 0 0 0 0 0 0 0 0 0 0 0 0 0 0 0 0 0 0 0 0 0 0 0 0 0 0 0 0 0 0 0 0 0 0 0 0 0 0 0 0 0 0 0 0 0 0 0 0 0 
Upper bound: 
401 401 401 401 401 401 401 401 401 401 401 401 401 401 401 401 401 401 401 401 401 401 401 401 401 401 401 401 401 401 401 401 401 401 401 401 401 401 401 401 401 401 401 401 401 401 401 401 401 401 401 401 401 401 401 401 401 401 401 401 401 401 401 401 401 401 401 401 401 401 401 401 401 401 401 401 401 401 401 401 401 401 401 401 401 401 401 401 401 401 401 401 401 401 401 401 401 401 401 401 401 401 401 401 401 401 401 401 401 401 401 401 401 401 401 401 401 401 401 401 401 401 401 401 401 401 401 401 401 401 401 401 401 401 401 401 401 401 401 401 401 401 401 401 401 401 401 401 401 401 401 401 401 401 401 401 401 401 401 401 401 401 401 401 401 401 401 401 401 401 401 401 401 401 401 401 401 401 401 401 401 401 401 401 401 401 401 401 401 401 401 401 401 401 401 401 401 401 401 401 401 401 401 401 401 401 401 401 401 401 401 401 401 401 401 401 401 401 401 401 401 401 401 401 401 401 401 401 401 401 401 401 401 401 401 401 401 401 401 401 401 401 401 401 401 401 401 401 401 401 401 401 401 401 401 401 401 401 401 401 401 401 401 401 401 401 401 401 401 401 401 401 401 401 401 401 401 401 401 401 401 401 401 401 401 401 401 401 401 401 401 401 401 401 401 401 401 401 401 401 401 401 401 401 401 401 401 401 401 401 401 401 401 401 401 401 401 401 401 401 401 401 401 401 401 401 401 401 401 401 401 401 401 401 401 401 401 401 401 401 401 401 401 401 401 401 401 401 401 401 401 401 401 401 401 401 401 401 401 401 401 401 401 401 401 401 401 401 401 401 401 401 401 401 401 401 401 401 401 401 401 401 401 401 401 401 401 401 401 401 401 401 401 401 401 401 401 401 401 401 401 401 
Weight factor: 0.8
Crossover rate: 0.9
Max iteration: 6000
Best solution: 
[141, 378, 208, 198, 33, 64, 122, 250, 95, 90, 160, 325, 342, 179, 232, 74, 314, 393, 170, 214, 163, 280, 173, 182, 268, 166, 158, 263, 172, 76, 234, 391, 117, 351, 319, 43, 246, 21, 274, 304, 295, 228, 377, 104, 18, 355, 36, 233, 200, 92, 171, 17, 374, 235, 397, 81, 368, 100, 213, 159, 226, 240, 303, 199, 301, 347, 35, 299, 222, 132, 25, 321, 9, 288, 363, 187, 138, 322, 205, 188, 309, 218, 300, 275, 359, 379, 339, 174, 236, 150, 389, 50, 327, 4, 380, 189, 294, 258, 42, 289, 1, 12, 348, 210, 84, 333, 372, 85, 129, 161, 237, 249, 39, 60, 197, 354, 193, 310, 290, 28, 89, 323, 53, 73, 259, 62, 272, 65, 375, 145, 225, 239, 139, 311, 277, 94, 202, 176, 192, 87, 266, 247, 49, 54, 88, 367, 24, 279, 373, 123, 157, 7, 23, 96, 346, 130, 211, 19, 140, 154, 152, 155, 257, 398, 270, 110, 46, 392, 127, 357, 254, 344, 223, 71, 20, 98, 183, 80, 77, 165, 362, 128, 332, 221, 83, 231, 388, 59, 224, 105, 312, 260, 345, 264, 93, 219, 48, 383, 37, 286, 390, 0, 82, 61, 293, 306, 102, 38, 16, 13, 307, 334, 27, 269, 252, 273, 320, 296, 326, 195, 395, 133, 181, 120, 245, 173, 153, 365, 241, 34, 108, 103, 178, 356, 151, 369, 15, 285, 30, 238, 251, 101, 55, 201, 243, 115, 148, 5, 317, 282, 119, 267, 324, 147, 382, 194, 177, 262, 386, 97, 209, 271, 134, 229, 370, 179, 175, 137, 125, 86, 51, 349, 68, 57, 242, 144, 335, 41, 338, 60, 207, 227, 366, 281, 118, 56, 69, 229, 316, 384, 113, 399, 167, 216, 204, 244, 124, 45, 248, 361, 328, 22, 169, 180, 305, 330, 298, 331, 292, 352, 230, 184, 47, 318, 313, 297, 44, 337, 91, 32, 291, 156, 265, 109, 185, 10, 381, 6, 396, 70, 72, 79, 376, 3, 40, 186, 143, 203, 287, 190, 340, 116, 111, 136, 29, 360, 276, 114, 341, 8, 146, 400, 149, 283, 121, 353, 52, 107, 220, 212, 253, 142, 329, 168, 197, 126, 315, 2, 261, 31, 206, 196, 63, 255, 78, 215, 302, 26, 284, 256, 278, 131, 385, 14, 11, 401, 58, 75, 162, 308, 161, 99, 217, 164, 371, 350, 112, 343, 135, 336, 67, 364, ]
Best fitness: 20.3903
SEED: 9843

Solution Bins: 
Bin Number: 87
5131 6142 6115 5012 7513 7279 5722 7393 6869 7539 7252 6947 7019 4630 7466 7320 7542 7138 7509 6788 7265 7407 7565 7298 6555 7393 7435 7094 6944 7087 5738 6888 6622 4972 7455 6090 5910 6652 7282 7128 7204 6875 7478 7394 6906 6482 7247 7290 6851 7453 6879 7309 6687 6331 7516 7407 7464 6945 6513 6981 6892 7016 7328 4864 7506 7535 7554 6975 6896 6966 5990 6913 7427 4729 7277 6961 7399 7548 7340 7226 7418 7182 5473 6773 5867 7564 7253 
Elapsed time: 194 s
----------------------------------------

Population size: 600
Problem dimension: 402
Lower bound: 
0 0 0 0 0 0 0 0 0 0 0 0 0 0 0 0 0 0 0 0 0 0 0 0 0 0 0 0 0 0 0 0 0 0 0 0 0 0 0 0 0 0 0 0 0 0 0 0 0 0 0 0 0 0 0 0 0 0 0 0 0 0 0 0 0 0 0 0 0 0 0 0 0 0 0 0 0 0 0 0 0 0 0 0 0 0 0 0 0 0 0 0 0 0 0 0 0 0 0 0 0 0 0 0 0 0 0 0 0 0 0 0 0 0 0 0 0 0 0 0 0 0 0 0 0 0 0 0 0 0 0 0 0 0 0 0 0 0 0 0 0 0 0 0 0 0 0 0 0 0 0 0 0 0 0 0 0 0 0 0 0 0 0 0 0 0 0 0 0 0 0 0 0 0 0 0 0 0 0 0 0 0 0 0 0 0 0 0 0 0 0 0 0 0 0 0 0 0 0 0 0 0 0 0 0 0 0 0 0 0 0 0 0 0 0 0 0 0 0 0 0 0 0 0 0 0 0 0 0 0 0 0 0 0 0 0 0 0 0 0 0 0 0 0 0 0 0 0 0 0 0 0 0 0 0 0 0 0 0 0 0 0 0 0 0 0 0 0 0 0 0 0 0 0 0 0 0 0 0 0 0 0 0 0 0 0 0 0 0 0 0 0 0 0 0 0 0 0 0 0 0 0 0 0 0 0 0 0 0 0 0 0 0 0 0 0 0 0 0 0 0 0 0 0 0 0 0 0 0 0 0 0 0 0 0 0 0 0 0 0 0 0 0 0 0 0 0 0 0 0 0 0 0 0 0 0 0 0 0 0 0 0 0 0 0 0 0 0 0 0 0 0 0 0 0 0 0 0 0 0 0 0 0 0 0 0 0 0 0 0 0 0 0 0 0 0 0 0 0 0 0 0 
Upper bound: 
401 401 401 401 401 401 401 401 401 401 401 401 401 401 401 401 401 401 401 401 401 401 401 401 401 401 401 401 401 401 401 401 401 401 401 401 401 401 401 401 401 401 401 401 401 401 401 401 401 401 401 401 401 401 401 401 401 401 401 401 401 401 401 401 401 401 401 401 401 401 401 401 401 401 401 401 401 401 401 401 401 401 401 401 401 401 401 401 401 401 401 401 401 401 401 401 401 401 401 401 401 401 401 401 401 401 401 401 401 401 401 401 401 401 401 401 401 401 401 401 401 401 401 401 401 401 401 401 401 401 401 401 401 401 401 401 401 401 401 401 401 401 401 401 401 401 401 401 401 401 401 401 401 401 401 401 401 401 401 401 401 401 401 401 401 401 401 401 401 401 401 401 401 401 401 401 401 401 401 401 401 401 401 401 401 401 401 401 401 401 401 401 401 401 401 401 401 401 401 401 401 401 401 401 401 401 401 401 401 401 401 401 401 401 401 401 401 401 401 401 401 401 401 401 401 401 401 401 401 401 401 401 401 401 401 401 401 401 401 401 401 401 401 401 401 401 401 401 401 401 401 401 401 401 401 401 401 401 401 401 401 401 401 401 401 401 401 401 401 401 401 401 401 401 401 401 401 401 401 401 401 401 401 401 401 401 401 401 401 401 401 401 401 401 401 401 401 401 401 401 401 401 401 401 401 401 401 401 401 401 401 401 401 401 401 401 401 401 401 401 401 401 401 401 401 401 401 401 401 401 401 401 401 401 401 401 401 401 401 401 401 401 401 401 401 401 401 401 401 401 401 401 401 401 401 401 401 401 401 401 401 401 401 401 401 401 401 401 401 401 401 401 401 401 401 401 401 401 401 401 401 401 401 401 401 401 401 401 401 401 401 401 401 401 401 401 401 401 401 401 401 401 
Weight factor: 0.8
Crossover rate: 0.9
Max iteration: 6000
Best solution: 
[363, 109, 344, 320, 7, 191, 115, 247, 242, 156, 197, 356, 209, 112, 296, 126, 252, 361, 159, 322, 338, 303, 291, 280, 139, 157, 377, 72, 394, 224, 206, 55, 107, 263, 385, 85, 216, 228, 351, 127, 178, 245, 166, 364, 75, 335, 14, 251, 199, 297, 315, 355, 226, 292, 360, 144, 299, 52, 325, 184, 235, 264, 155, 359, 343, 232, 138, 215, 40, 87, 324, 24, 367, 18, 254, 53, 281, 194, 154, 161, 57, 97, 192, 16, 304, 19, 243, 88, 31, 76, 314, 197, 248, 132, 171, 160, 69, 370, 128, 350, 323, 302, 374, 339, 227, 274, 348, 239, 23, 262, 327, 317, 172, 236, 318, 149, 246, 43, 35, 73, 27, 288, 282, 130, 369, 266, 22, 21, 268, 131, 368, 333, 151, 358, 328, 383, 155, 170, 163, 208, 37, 13, 260, 391, 313, 110, 167, 309, 59, 306, 311, 217, 81, 286, 375, 80, 273, 185, 41, 176, 108, 275, 231, 365, 249, 39, 175, 137, 233, 276, 238, 15, 221, 346, 62, 181, 47, 211, 64, 229, 146, 230, 173, 395, 71, 397, 353, 290, 48, 110, 28, 77, 312, 9, 6, 116, 357, 165, 294, 307, 331, 177, 8, 345, 51, 117, 145, 382, 270, 308, 220, 78, 392, 330, 349, 352, 79, 148, 90, 188, 120, 58, 300, 102, 168, 174, 277, 195, 17, 222, 99, 256, 272, 36, 67, 269, 400, 26, 289, 240, 105, 241, 104, 271, 398, 278, 373, 287, 293, 101, 193, 25, 201, 135, 182, 44, 388, 46, 114, 3, 265, 129, 334, 284, 225, 186, 384, 390, 321, 94, 279, 49, 74, 207, 150, 401, 190, 387, 153, 310, 183, 86, 103, 29, 341, 372, 340, 30, 316, 50, 234, 125, 95, 213, 98, 4, 267, 60, 118, 143, 100, 381, 106, 179, 255, 371, 113, 362, 354, 214, 56, 366, 66, 200, 141, 164, 237, 83, 399, 33, 336, 136, 61, 189, 396, 196, 378, 124, 63, 389, 295, 0, 283, 347, 65, 285, 93, 319, 147, 133, 198, 20, 169, 92, 12, 329, 386, 10, 54, 203, 258, 123, 298, 89, 172, 326, 204, 162, 257, 202, 1, 32, 244, 96, 210, 218, 380, 134, 205, 250, 140, 121, 261, 70, 84, 45, 301, 111, 152, 82, 142, 259, 122, 305, 68, 212, 2, 342, 11, 379, 332, 219, 337, 393, 42, 5, 38, 253, 119, 158, 376, 223, ]
Best fitness: 20.5624
SEED: 7221

Solution Bins: 
Bin Number: 89
5394 7237 7550 7522 7176 6270 7449 6348 6247 7325 6771 7488 7017 7462 4408 6656 6999 5586 7340 7169 7568 7216 6503 7503 7399 7447 7241 7489 6934 7397 6464 6458 7100 7097 7352 7385 6365 7004 6574 7046 7414 6957 7168 7464 5972 6943 6550 5435 7367 6705 7134 7326 6596 4664 6490 7403 3625 6866 7442 7139 7127 7447 6424 7398 7044 7421 7556 7213 2835 6790 6174 5275 7334 6768 7268 7273 7103 6106 7081 7339 7231 4962 5659 7456 3396 7405 7293 6743 7185 
Elapsed time: 195 s
----------------------------------------

