Population size: 600
Problem dimension: 60
Lower bound: 
0 0 0 0 0 0 0 0 0 0 0 0 0 0 0 0 0 0 0 0 0 0 0 0 0 0 0 0 0 0 0 0 0 0 0 0 0 0 0 0 0 0 0 0 0 0 0 0 0 0 0 0 0 0 0 0 0 0 0 0 
Upper bound: 
59 59 59 59 59 59 59 59 59 59 59 59 59 59 59 59 59 59 59 59 59 59 59 59 59 59 59 59 59 59 59 59 59 59 59 59 59 59 59 59 59 59 59 59 59 59 59 59 59 59 59 59 59 59 59 59 59 59 59 59 
Weight factor: 0.8
Crossover rate: 0.9
Max iteration: 6000
Best solution: 
[12, 48, 51, 0, 33, 24, 36, 50, 27, 32, 16, 57, 39, 55, 4, 1, 54, 38, 15, 28, 21, 25, 35, 58, 23, 43, 44, 31, 40, 47, 13, 10, 53, 17, 22, 5, 29, 19, 30, 56, 52, 14, 18, 46, 34, 26, 20, 11, 6, 45, 41, 9, 37, 8, 42, 7, 49, 59, 3, 2, ]
Best fitness: 0.965358
SEED: 23

Solution Bins: 
939 935 984 995 900 995 895 938 979 973 997 1000 989 995 986 ----------------------------------------

