Population size: 600
Problem dimension: 120
Lower bound: 
0 0 0 0 0 0 0 0 0 0 0 0 0 0 0 0 0 0 0 0 0 0 0 0 0 0 0 0 0 0 0 0 0 0 0 0 0 0 0 0 0 0 0 0 0 0 0 0 0 0 0 0 0 0 0 0 0 0 0 0 0 0 0 0 0 0 0 0 0 0 0 0 0 0 0 0 0 0 0 0 0 0 0 0 0 0 0 0 0 0 0 0 0 0 0 0 0 0 0 0 0 0 0 0 0 0 0 0 0 0 0 0 0 0 0 0 0 0 0 0 
Upper bound: 
119 119 119 119 119 119 119 119 119 119 119 119 119 119 119 119 119 119 119 119 119 119 119 119 119 119 119 119 119 119 119 119 119 119 119 119 119 119 119 119 119 119 119 119 119 119 119 119 119 119 119 119 119 119 119 119 119 119 119 119 119 119 119 119 119 119 119 119 119 119 119 119 119 119 119 119 119 119 119 119 119 119 119 119 119 119 119 119 119 119 119 119 119 119 119 119 119 119 119 119 119 119 119 119 119 119 119 119 119 119 119 119 119 119 119 119 119 119 119 119 
Weight factor: 0.8
Crossover rate: 0.9
Max iteration: 6000
Best solution: 
[75, 102, 56, 106, 68, 55, 39, 36, 115, 26, 45, 80, 4, 13, 17, 98, 34, 66, 108, 85, 31, 54, 23, 100, 22, 77, 86, 8, 29, 83, 10, 90, 87, 107, 81, 101, 11, 30, 109, 19, 60, 84, 9, 1, 21, 40, 97, 32, 18, 82, 14, 112, 114, 6, 24, 93, 62, 96, 33, 110, 38, 59, 88, 41, 4, 5, 25, 111, 27, 63, 94, 20, 76, 70, 47, 91, 95, 16, 50, 0, 2, 72, 57, 46, 49, 92, 7, 104, 65, 28, 52, 118, 61, 73, 103, 15, 58, 71, 69, 48, 113, 78, 43, 89, 119, 99, 37, 67, 3, 53, 79, 35, 42, 12, 64, 117, 44, 74, 51, 105, ]
Best fitness: 4.10614
SEED: 13628

Solution Bins: 
Bin Number: 31
882 996 996 918 940 985 950 831 972 973 976 940 998 956 879 950 955 976 954 1000 949 991 676 987 970 976 941 914 934 987 990 
Elapsed time: 70 s
----------------------------------------

Population size: 600
Problem dimension: 120
Lower bound: 
0 0 0 0 0 0 0 0 0 0 0 0 0 0 0 0 0 0 0 0 0 0 0 0 0 0 0 0 0 0 0 0 0 0 0 0 0 0 0 0 0 0 0 0 0 0 0 0 0 0 0 0 0 0 0 0 0 0 0 0 0 0 0 0 0 0 0 0 0 0 0 0 0 0 0 0 0 0 0 0 0 0 0 0 0 0 0 0 0 0 0 0 0 0 0 0 0 0 0 0 0 0 0 0 0 0 0 0 0 0 0 0 0 0 0 0 0 0 0 0 
Upper bound: 
119 119 119 119 119 119 119 119 119 119 119 119 119 119 119 119 119 119 119 119 119 119 119 119 119 119 119 119 119 119 119 119 119 119 119 119 119 119 119 119 119 119 119 119 119 119 119 119 119 119 119 119 119 119 119 119 119 119 119 119 119 119 119 119 119 119 119 119 119 119 119 119 119 119 119 119 119 119 119 119 119 119 119 119 119 119 119 119 119 119 119 119 119 119 119 119 119 119 119 119 119 119 119 119 119 119 119 119 119 119 119 119 119 119 119 119 119 119 119 119 
Weight factor: 0.8
Crossover rate: 0.9
Max iteration: 6000
Best solution: 
[83, 37, 118, 60, 63, 12, 109, 103, 36, 107, 39, 95, 41, 73, 56, 23, 79, 92, 51, 35, 18, 117, 59, 87, 115, 69, 67, 111, 42, 62, 119, 17, 65, 68, 32, 4, 108, 53, 28, 66, 70, 31, 90, 16, 27, 57, 100, 20, 85, 55, 26, 50, 3, 2, 7, 22, 48, 110, 15, 21, 61, 112, 10, 81, 44, 40, 14, 46, 104, 47, 97, 101, 9, 75, 89, 49, 78, 64, 6, 106, 13, 76, 58, 99, 86, 11, 3, 71, 52, 43, 80, 1, 25, 116, 33, 88, 45, 72, 94, 54, 34, 105, 93, 0, 84, 82, 38, 113, 24, 102, 91, 19, 77, 98, 5, 8, 114, 96, 29, 74, ]
Best fitness: 4.28171
SEED: 960

Solution Bins: 
Bin Number: 31
895 995 986 987 889 980 862 929 989 973 951 973 996 984 992 970 998 955 998 938 976 967 986 889 993 966 763 896 931 745 896 
Elapsed time: 70 s
----------------------------------------

Population size: 600
Problem dimension: 120
Lower bound: 
0 0 0 0 0 0 0 0 0 0 0 0 0 0 0 0 0 0 0 0 0 0 0 0 0 0 0 0 0 0 0 0 0 0 0 0 0 0 0 0 0 0 0 0 0 0 0 0 0 0 0 0 0 0 0 0 0 0 0 0 0 0 0 0 0 0 0 0 0 0 0 0 0 0 0 0 0 0 0 0 0 0 0 0 0 0 0 0 0 0 0 0 0 0 0 0 0 0 0 0 0 0 0 0 0 0 0 0 0 0 0 0 0 0 0 0 0 0 0 0 
Upper bound: 
119 119 119 119 119 119 119 119 119 119 119 119 119 119 119 119 119 119 119 119 119 119 119 119 119 119 119 119 119 119 119 119 119 119 119 119 119 119 119 119 119 119 119 119 119 119 119 119 119 119 119 119 119 119 119 119 119 119 119 119 119 119 119 119 119 119 119 119 119 119 119 119 119 119 119 119 119 119 119 119 119 119 119 119 119 119 119 119 119 119 119 119 119 119 119 119 119 119 119 119 119 119 119 119 119 119 119 119 119 119 119 119 119 119 119 119 119 119 119 119 
Weight factor: 0.8
Crossover rate: 0.9
Max iteration: 6000
Best solution: 
[94, 24, 49, 100, 63, 81, 55, 8, 73, 33, 52, 21, 68, 12, 111, 38, 1, 6, 0, 48, 57, 89, 106, 65, 42, 80, 5, 53, 87, 69, 51, 86, 50, 77, 14, 95, 31, 96, 71, 43, 23, 112, 118, 32, 35, 27, 47, 25, 103, 70, 13, 2, 72, 3, 4, 56, 115, 19, 85, 76, 67, 105, 54, 9, 102, 16, 90, 78, 58, 107, 18, 97, 7, 104, 108, 61, 74, 15, 119, 88, 60, 66, 41, 82, 110, 39, 30, 40, 93, 34, 26, 10, 11, 28, 59, 62, 114, 99, 75, 101, 22, 45, 113, 37, 29, 117, 79, 83, 20, 98, 84, 36, 91, 17, 44, 109, 92, 116, 46, 64, ]
Best fitness: 3.84357
SEED: 206

Solution Bins: 
Bin Number: 31
999 923 999 984 979 933 957 904 903 904 755 993 999 920 982 933 893 948 986 976 966 988 999 637 865 889 953 1000 971 910 871 
Elapsed time: 70 s
----------------------------------------

Population size: 600
Problem dimension: 120
Lower bound: 
0 0 0 0 0 0 0 0 0 0 0 0 0 0 0 0 0 0 0 0 0 0 0 0 0 0 0 0 0 0 0 0 0 0 0 0 0 0 0 0 0 0 0 0 0 0 0 0 0 0 0 0 0 0 0 0 0 0 0 0 0 0 0 0 0 0 0 0 0 0 0 0 0 0 0 0 0 0 0 0 0 0 0 0 0 0 0 0 0 0 0 0 0 0 0 0 0 0 0 0 0 0 0 0 0 0 0 0 0 0 0 0 0 0 0 0 0 0 0 0 
Upper bound: 
119 119 119 119 119 119 119 119 119 119 119 119 119 119 119 119 119 119 119 119 119 119 119 119 119 119 119 119 119 119 119 119 119 119 119 119 119 119 119 119 119 119 119 119 119 119 119 119 119 119 119 119 119 119 119 119 119 119 119 119 119 119 119 119 119 119 119 119 119 119 119 119 119 119 119 119 119 119 119 119 119 119 119 119 119 119 119 119 119 119 119 119 119 119 119 119 119 119 119 119 119 119 119 119 119 119 119 119 119 119 119 119 119 119 119 119 119 119 119 119 
Weight factor: 0.8
Crossover rate: 0.9
Max iteration: 6000
Best solution: 
[75, 84, 9, 28, 46, 113, 109, 41, 71, 54, 10, 25, 4, 117, 5, 40, 15, 79, 43, 81, 3, 104, 21, 69, 32, 13, 102, 63, 56, 99, 96, 29, 70, 105, 77, 82, 72, 8, 11, 24, 7, 110, 108, 65, 60, 34, 86, 95, 91, 37, 89, 45, 92, 49, 52, 61, 50, 88, 26, 58, 85, 119, 22, 73, 57, 66, 48, 53, 116, 98, 6, 118, 36, 112, 39, 101, 18, 83, 100, 2, 87, 44, 55, 107, 17, 33, 31, 80, 23, 67, 30, 97, 68, 12, 114, 14, 76, 93, 103, 111, 47, 27, 94, 115, 38, 62, 42, 20, 106, 78, 51, 1, 19, 74, 59, 16, 0, 90, 64, 35, ]
Best fitness: 4.38661
SEED: 23683

Solution Bins: 
Bin Number: 31
572 991 990 884 848 928 962 999 905 828 880 972 964 900 934 996 925 973 993 984 946 952 786 989 992 983 988 932 947 902 743 
Elapsed time: 70 s
----------------------------------------

Population size: 600
Problem dimension: 120
Lower bound: 
0 0 0 0 0 0 0 0 0 0 0 0 0 0 0 0 0 0 0 0 0 0 0 0 0 0 0 0 0 0 0 0 0 0 0 0 0 0 0 0 0 0 0 0 0 0 0 0 0 0 0 0 0 0 0 0 0 0 0 0 0 0 0 0 0 0 0 0 0 0 0 0 0 0 0 0 0 0 0 0 0 0 0 0 0 0 0 0 0 0 0 0 0 0 0 0 0 0 0 0 0 0 0 0 0 0 0 0 0 0 0 0 0 0 0 0 0 0 0 0 
Upper bound: 
119 119 119 119 119 119 119 119 119 119 119 119 119 119 119 119 119 119 119 119 119 119 119 119 119 119 119 119 119 119 119 119 119 119 119 119 119 119 119 119 119 119 119 119 119 119 119 119 119 119 119 119 119 119 119 119 119 119 119 119 119 119 119 119 119 119 119 119 119 119 119 119 119 119 119 119 119 119 119 119 119 119 119 119 119 119 119 119 119 119 119 119 119 119 119 119 119 119 119 119 119 119 119 119 119 119 119 119 119 119 119 119 119 119 119 119 119 119 119 119 
Weight factor: 0.8
Crossover rate: 0.9
Max iteration: 6000
Best solution: 
[78, 115, 11, 109, 38, 42, 100, 36, 8, 55, 30, 97, 13, 64, 27, 83, 43, 112, 60, 108, 15, 69, 24, 104, 40, 31, 89, 41, 6, 66, 71, 28, 81, 113, 47, 44, 94, 54, 85, 68, 35, 39, 58, 114, 67, 110, 65, 17, 0, 22, 116, 63, 75, 117, 70, 34, 2, 84, 45, 88, 19, 95, 105, 20, 74, 51, 118, 52, 86, 111, 91, 7, 23, 73, 9, 101, 4, 80, 25, 119, 1, 59, 57, 102, 12, 50, 98, 99, 56, 82, 76, 21, 79, 62, 96, 33, 46, 5, 107, 32, 10, 72, 87, 103, 29, 16, 18, 77, 93, 49, 53, 48, 37, 90, 14, 106, 61, 26, 3, 92, ]
Best fitness: 4.57502
SEED: 27320

Solution Bins: 
Bin Number: 31
972 987 776 998 888 978 1000 846 969 965 947 883 725 962 925 898 921 916 983 999 926 906 856 976 950 739 1000 804 895 974 963 
Elapsed time: 70 s
----------------------------------------

Population size: 600
Problem dimension: 120
Lower bound: 
0 0 0 0 0 0 0 0 0 0 0 0 0 0 0 0 0 0 0 0 0 0 0 0 0 0 0 0 0 0 0 0 0 0 0 0 0 0 0 0 0 0 0 0 0 0 0 0 0 0 0 0 0 0 0 0 0 0 0 0 0 0 0 0 0 0 0 0 0 0 0 0 0 0 0 0 0 0 0 0 0 0 0 0 0 0 0 0 0 0 0 0 0 0 0 0 0 0 0 0 0 0 0 0 0 0 0 0 0 0 0 0 0 0 0 0 0 0 0 0 
Upper bound: 
119 119 119 119 119 119 119 119 119 119 119 119 119 119 119 119 119 119 119 119 119 119 119 119 119 119 119 119 119 119 119 119 119 119 119 119 119 119 119 119 119 119 119 119 119 119 119 119 119 119 119 119 119 119 119 119 119 119 119 119 119 119 119 119 119 119 119 119 119 119 119 119 119 119 119 119 119 119 119 119 119 119 119 119 119 119 119 119 119 119 119 119 119 119 119 119 119 119 119 119 119 119 119 119 119 119 119 119 119 119 119 119 119 119 119 119 119 119 119 119 
Weight factor: 0.8
Crossover rate: 0.9
Max iteration: 6000
Best solution: 
[83, 111, 17, 50, 10, 11, 61, 93, 76, 25, 113, 43, 16, 74, 79, 37, 48, 96, 109, 80, 84, 14, 18, 0, 101, 90, 30, 89, 98, 5, 56, 19, 57, 63, 62, 32, 21, 66, 106, 82, 77, 104, 8, 60, 94, 59, 24, 22, 13, 87, 72, 73, 38, 112, 46, 102, 40, 51, 114, 27, 4, 23, 118, 103, 29, 88, 33, 3, 1, 31, 85, 9, 97, 7, 105, 49, 116, 81, 2, 108, 110, 26, 47, 64, 68, 119, 15, 100, 117, 36, 71, 35, 95, 34, 39, 78, 54, 86, 53, 69, 58, 115, 44, 91, 55, 6, 67, 20, 28, 99, 12, 65, 92, 107, 45, 42, 70, 52, 41, 75, ]
Best fitness: 4.10587
SEED: 20037

Solution Bins: 
Bin Number: 31
945 865 952 778 995 813 906 917 813 954 965 997 983 994 968 949 889 910 987 980 844 1000 961 930 928 983 957 947 711 1000 970 
Elapsed time: 69 s
----------------------------------------

Population size: 600
Problem dimension: 120
Lower bound: 
0 0 0 0 0 0 0 0 0 0 0 0 0 0 0 0 0 0 0 0 0 0 0 0 0 0 0 0 0 0 0 0 0 0 0 0 0 0 0 0 0 0 0 0 0 0 0 0 0 0 0 0 0 0 0 0 0 0 0 0 0 0 0 0 0 0 0 0 0 0 0 0 0 0 0 0 0 0 0 0 0 0 0 0 0 0 0 0 0 0 0 0 0 0 0 0 0 0 0 0 0 0 0 0 0 0 0 0 0 0 0 0 0 0 0 0 0 0 0 0 
Upper bound: 
119 119 119 119 119 119 119 119 119 119 119 119 119 119 119 119 119 119 119 119 119 119 119 119 119 119 119 119 119 119 119 119 119 119 119 119 119 119 119 119 119 119 119 119 119 119 119 119 119 119 119 119 119 119 119 119 119 119 119 119 119 119 119 119 119 119 119 119 119 119 119 119 119 119 119 119 119 119 119 119 119 119 119 119 119 119 119 119 119 119 119 119 119 119 119 119 119 119 119 119 119 119 119 119 119 119 119 119 119 119 119 119 119 119 119 119 119 119 119 119 
Weight factor: 0.8
Crossover rate: 0.9
Max iteration: 6000
Best solution: 
[101, 73, 10, 66, 18, 52, 103, 9, 51, 77, 35, 58, 116, 55, 57, 114, 2, 110, 117, 83, 25, 59, 82, 112, 8, 62, 90, 42, 32, 102, 31, 28, 80, 56, 113, 40, 79, 48, 111, 109, 26, 53, 88, 12, 96, 72, 69, 86, 98, 7, 67, 76, 17, 84, 39, 3, 15, 20, 14, 68, 107, 4, 34, 70, 6, 43, 54, 64, 65, 23, 11, 19, 47, 95, 27, 45, 81, 85, 29, 41, 118, 5, 92, 100, 21, 71, 89, 1, 108, 38, 36, 37, 94, 61, 22, 93, 16, 87, 91, 105, 82, 30, 49, 33, 75, 44, 104, 50, 99, 119, 78, 115, 60, 63, 46, 0, 13, 74, 97, 106, ]
Best fitness: 3.79997
SEED: 25228

Solution Bins: 
Bin Number: 31
988 998 995 903 996 995 764 997 1000 992 975 987 1000 985 912 981 675 997 830 998 941 1000 968 986 980 958 999 905 799 981 982 
Elapsed time: 69 s
----------------------------------------

Population size: 600
Problem dimension: 120
Lower bound: 
0 0 0 0 0 0 0 0 0 0 0 0 0 0 0 0 0 0 0 0 0 0 0 0 0 0 0 0 0 0 0 0 0 0 0 0 0 0 0 0 0 0 0 0 0 0 0 0 0 0 0 0 0 0 0 0 0 0 0 0 0 0 0 0 0 0 0 0 0 0 0 0 0 0 0 0 0 0 0 0 0 0 0 0 0 0 0 0 0 0 0 0 0 0 0 0 0 0 0 0 0 0 0 0 0 0 0 0 0 0 0 0 0 0 0 0 0 0 0 0 
Upper bound: 
119 119 119 119 119 119 119 119 119 119 119 119 119 119 119 119 119 119 119 119 119 119 119 119 119 119 119 119 119 119 119 119 119 119 119 119 119 119 119 119 119 119 119 119 119 119 119 119 119 119 119 119 119 119 119 119 119 119 119 119 119 119 119 119 119 119 119 119 119 119 119 119 119 119 119 119 119 119 119 119 119 119 119 119 119 119 119 119 119 119 119 119 119 119 119 119 119 119 119 119 119 119 119 119 119 119 119 119 119 119 119 119 119 119 119 119 119 119 119 119 
Weight factor: 0.8
Crossover rate: 0.9
Max iteration: 6000
Best solution: 
[53, 42, 83, 77, 96, 22, 54, 112, 20, 35, 37, 13, 11, 5, 82, 61, 21, 85, 3, 9, 92, 73, 24, 84, 0, 88, 1, 28, 43, 49, 71, 8, 6, 97, 118, 45, 87, 25, 89, 103, 16, 4, 62, 7, 105, 93, 110, 10, 115, 91, 59, 90, 67, 44, 2, 19, 83, 76, 111, 101, 12, 66, 86, 18, 104, 51, 34, 31, 109, 55, 32, 30, 48, 106, 27, 60, 69, 38, 102, 58, 99, 29, 39, 94, 80, 36, 17, 50, 46, 72, 113, 79, 26, 75, 56, 40, 95, 117, 57, 64, 63, 100, 41, 78, 68, 52, 14, 74, 15, 114, 116, 70, 23, 81, 47, 98, 108, 33, 119, 65, ]
Best fitness: 4.36813
SEED: 27807

Solution Bins: 
Bin Number: 31
972 990 771 859 998 935 969 764 993 993 932 912 986 950 929 979 996 1000 961 976 985 967 915 983 976 875 883 923 967 983 886 
Elapsed time: 68 s
----------------------------------------

Population size: 600
Problem dimension: 120
Lower bound: 
0 0 0 0 0 0 0 0 0 0 0 0 0 0 0 0 0 0 0 0 0 0 0 0 0 0 0 0 0 0 0 0 0 0 0 0 0 0 0 0 0 0 0 0 0 0 0 0 0 0 0 0 0 0 0 0 0 0 0 0 0 0 0 0 0 0 0 0 0 0 0 0 0 0 0 0 0 0 0 0 0 0 0 0 0 0 0 0 0 0 0 0 0 0 0 0 0 0 0 0 0 0 0 0 0 0 0 0 0 0 0 0 0 0 0 0 0 0 0 0 
Upper bound: 
119 119 119 119 119 119 119 119 119 119 119 119 119 119 119 119 119 119 119 119 119 119 119 119 119 119 119 119 119 119 119 119 119 119 119 119 119 119 119 119 119 119 119 119 119 119 119 119 119 119 119 119 119 119 119 119 119 119 119 119 119 119 119 119 119 119 119 119 119 119 119 119 119 119 119 119 119 119 119 119 119 119 119 119 119 119 119 119 119 119 119 119 119 119 119 119 119 119 119 119 119 119 119 119 119 119 119 119 119 119 119 119 119 119 119 119 119 119 119 119 
Weight factor: 0.8
Crossover rate: 0.9
Max iteration: 6000
Best solution: 
[69, 90, 18, 17, 117, 53, 44, 38, 52, 21, 107, 46, 54, 87, 33, 102, 32, 58, 78, 118, 51, 82, 37, 7, 62, 10, 5, 42, 73, 110, 24, 34, 12, 109, 66, 65, 61, 25, 41, 50, 81, 93, 59, 76, 31, 80, 3, 11, 35, 28, 85, 1, 114, 75, 97, 70, 22, 49, 111, 83, 103, 16, 86, 115, 30, 119, 79, 19, 60, 71, 72, 101, 91, 36, 96, 88, 43, 29, 92, 94, 26, 68, 4, 106, 8, 104, 113, 47, 63, 56, 98, 6, 108, 95, 112, 20, 14, 55, 77, 27, 74, 0, 105, 64, 13, 9, 100, 15, 67, 2, 48, 84, 45, 57, 39, 40, 116, 89, 23, 99, ]
Best fitness: 4.27637
SEED: 11934

Solution Bins: 
Bin Number: 31
979 933 987 972 988 981 749 912 801 935 981 996 923 665 806 989 955 920 911 895 740 960 960 988 999 827 976 994 988 970 978 
Elapsed time: 70 s
----------------------------------------

Population size: 600
Problem dimension: 120
Lower bound: 
0 0 0 0 0 0 0 0 0 0 0 0 0 0 0 0 0 0 0 0 0 0 0 0 0 0 0 0 0 0 0 0 0 0 0 0 0 0 0 0 0 0 0 0 0 0 0 0 0 0 0 0 0 0 0 0 0 0 0 0 0 0 0 0 0 0 0 0 0 0 0 0 0 0 0 0 0 0 0 0 0 0 0 0 0 0 0 0 0 0 0 0 0 0 0 0 0 0 0 0 0 0 0 0 0 0 0 0 0 0 0 0 0 0 0 0 0 0 0 0 
Upper bound: 
119 119 119 119 119 119 119 119 119 119 119 119 119 119 119 119 119 119 119 119 119 119 119 119 119 119 119 119 119 119 119 119 119 119 119 119 119 119 119 119 119 119 119 119 119 119 119 119 119 119 119 119 119 119 119 119 119 119 119 119 119 119 119 119 119 119 119 119 119 119 119 119 119 119 119 119 119 119 119 119 119 119 119 119 119 119 119 119 119 119 119 119 119 119 119 119 119 119 119 119 119 119 119 119 119 119 119 119 119 119 119 119 119 119 119 119 119 119 119 119 
Weight factor: 0.8
Crossover rate: 0.9
Max iteration: 6000
Best solution: 
[95, 56, 77, 14, 106, 55, 26, 24, 59, 105, 107, 90, 1, 32, 46, 108, 44, 93, 25, 113, 114, 6, 98, 102, 110, 5, 53, 68, 104, 85, 73, 15, 96, 60, 2, 81, 58, 28, 23, 75, 62, 47, 40, 48, 112, 18, 71, 37, 82, 65, 4, 88, 86, 19, 50, 97, 38, 39, 42, 16, 8, 69, 91, 64, 31, 87, 51, 34, 84, 117, 66, 43, 61, 10, 30, 13, 80, 29, 74, 67, 9, 17, 12, 11, 41, 70, 79, 119, 92, 63, 35, 76, 36, 21, 7, 54, 22, 116, 115, 78, 57, 49, 83, 33, 45, 89, 99, 20, 101, 52, 109, 3, 0, 94, 27, 111, 118, 72, 100, 103, ]
Best fitness: 3.75021
SEED: 26926

Solution Bins: 
Bin Number: 31
882 975 832 871 872 985 997 836 1000 995 958 1000 957 949 990 869 957 984 981 808 986 843 955 946 769 978 952 993 993 989 891 
Elapsed time: 69 s
----------------------------------------

Population size: 600
Problem dimension: 120
Lower bound: 
0 0 0 0 0 0 0 0 0 0 0 0 0 0 0 0 0 0 0 0 0 0 0 0 0 0 0 0 0 0 0 0 0 0 0 0 0 0 0 0 0 0 0 0 0 0 0 0 0 0 0 0 0 0 0 0 0 0 0 0 0 0 0 0 0 0 0 0 0 0 0 0 0 0 0 0 0 0 0 0 0 0 0 0 0 0 0 0 0 0 0 0 0 0 0 0 0 0 0 0 0 0 0 0 0 0 0 0 0 0 0 0 0 0 0 0 0 0 0 0 
Upper bound: 
119 119 119 119 119 119 119 119 119 119 119 119 119 119 119 119 119 119 119 119 119 119 119 119 119 119 119 119 119 119 119 119 119 119 119 119 119 119 119 119 119 119 119 119 119 119 119 119 119 119 119 119 119 119 119 119 119 119 119 119 119 119 119 119 119 119 119 119 119 119 119 119 119 119 119 119 119 119 119 119 119 119 119 119 119 119 119 119 119 119 119 119 119 119 119 119 119 119 119 119 119 119 119 119 119 119 119 119 119 119 119 119 119 119 119 119 119 119 119 119 
Weight factor: 0.8
Crossover rate: 0.9
Max iteration: 6000
Best solution: 
[69, 57, 108, 112, 0, 21, 70, 119, 36, 29, 72, 82, 88, 10, 117, 16, 32, 23, 40, 106, 41, 7, 87, 55, 24, 1, 2, 42, 107, 19, 6, 100, 60, 50, 66, 68, 30, 94, 47, 115, 9, 33, 65, 78, 8, 103, 113, 45, 109, 37, 25, 28, 61, 80, 49, 31, 5, 116, 52, 39, 77, 91, 18, 64, 83, 62, 99, 76, 13, 12, 102, 15, 63, 98, 110, 71, 59, 111, 89, 17, 92, 35, 26, 48, 104, 114, 53, 38, 97, 96, 90, 67, 46, 56, 4, 3, 61, 11, 93, 118, 105, 85, 58, 22, 101, 86, 27, 79, 74, 51, 43, 81, 75, 95, 20, 73, 34, 14, 44, 84, ]
Best fitness: 4.53182
SEED: 5192

Solution Bins: 
Bin Number: 32
882 900 1000 981 796 981 995 856 889 961 993 816 996 972 988 865 988 998 981 993 873 947 989 955 927 982 947 999 953 974 961 777 
Elapsed time: 69 s
----------------------------------------

Population size: 600
Problem dimension: 120
Lower bound: 
0 0 0 0 0 0 0 0 0 0 0 0 0 0 0 0 0 0 0 0 0 0 0 0 0 0 0 0 0 0 0 0 0 0 0 0 0 0 0 0 0 0 0 0 0 0 0 0 0 0 0 0 0 0 0 0 0 0 0 0 0 0 0 0 0 0 0 0 0 0 0 0 0 0 0 0 0 0 0 0 0 0 0 0 0 0 0 0 0 0 0 0 0 0 0 0 0 0 0 0 0 0 0 0 0 0 0 0 0 0 0 0 0 0 0 0 0 0 0 0 
Upper bound: 
119 119 119 119 119 119 119 119 119 119 119 119 119 119 119 119 119 119 119 119 119 119 119 119 119 119 119 119 119 119 119 119 119 119 119 119 119 119 119 119 119 119 119 119 119 119 119 119 119 119 119 119 119 119 119 119 119 119 119 119 119 119 119 119 119 119 119 119 119 119 119 119 119 119 119 119 119 119 119 119 119 119 119 119 119 119 119 119 119 119 119 119 119 119 119 119 119 119 119 119 119 119 119 119 119 119 119 119 119 119 119 119 119 119 119 119 119 119 119 119 
Weight factor: 0.8
Crossover rate: 0.9
Max iteration: 6000
Best solution: 
[18, 56, 99, 41, 43, 94, 46, 24, 61, 80, 23, 87, 78, 79, 48, 32, 76, 16, 17, 60, 71, 36, 116, 64, 67, 40, 103, 10, 74, 97, 15, 19, 114, 84, 50, 55, 0, 102, 47, 113, 28, 5, 88, 73, 13, 111, 72, 86, 54, 104, 101, 52, 29, 98, 2, 9, 77, 70, 35, 68, 100, 6, 30, 105, 39, 11, 112, 37, 1, 106, 49, 83, 34, 3, 95, 25, 110, 115, 14, 7, 90, 63, 96, 20, 108, 27, 4, 117, 65, 51, 59, 21, 8, 31, 82, 26, 58, 107, 109, 53, 85, 42, 93, 44, 91, 33, 119, 38, 75, 66, 57, 81, 92, 22, 118, 45, 89, 69, 62, 12, ]
Best fitness: 4.09544
SEED: 11594

Solution Bins: 
Bin Number: 32
996 973 997 918 715 982 982 988 934 826 987 991 900 973 937 974 864 797 862 989 908 889 978 880 968 828 970 969 991 968 946 924 
Elapsed time: 70 s
----------------------------------------

Population size: 600
Problem dimension: 120
Lower bound: 
0 0 0 0 0 0 0 0 0 0 0 0 0 0 0 0 0 0 0 0 0 0 0 0 0 0 0 0 0 0 0 0 0 0 0 0 0 0 0 0 0 0 0 0 0 0 0 0 0 0 0 0 0 0 0 0 0 0 0 0 0 0 0 0 0 0 0 0 0 0 0 0 0 0 0 0 0 0 0 0 0 0 0 0 0 0 0 0 0 0 0 0 0 0 0 0 0 0 0 0 0 0 0 0 0 0 0 0 0 0 0 0 0 0 0 0 0 0 0 0 
Upper bound: 
119 119 119 119 119 119 119 119 119 119 119 119 119 119 119 119 119 119 119 119 119 119 119 119 119 119 119 119 119 119 119 119 119 119 119 119 119 119 119 119 119 119 119 119 119 119 119 119 119 119 119 119 119 119 119 119 119 119 119 119 119 119 119 119 119 119 119 119 119 119 119 119 119 119 119 119 119 119 119 119 119 119 119 119 119 119 119 119 119 119 119 119 119 119 119 119 119 119 119 119 119 119 119 119 119 119 119 119 119 119 119 119 119 119 119 119 119 119 119 119 
Weight factor: 0.8
Crossover rate: 0.9
Max iteration: 6000
Best solution: 
[71, 74, 46, 103, 70, 110, 56, 106, 7, 93, 96, 29, 9, 91, 85, 35, 0, 31, 11, 62, 60, 49, 34, 76, 79, 27, 119, 28, 73, 104, 109, 87, 17, 63, 5, 40, 6, 12, 64, 44, 75, 98, 66, 18, 89, 88, 68, 102, 15, 58, 39, 101, 48, 13, 51, 21, 97, 37, 84, 36, 69, 100, 32, 99, 45, 80, 24, 57, 117, 77, 4, 1, 8, 19, 41, 59, 82, 51, 30, 65, 115, 26, 72, 92, 107, 22, 53, 61, 20, 108, 90, 2, 25, 94, 114, 116, 55, 105, 52, 78, 83, 16, 81, 10, 47, 38, 86, 95, 3, 43, 111, 67, 42, 54, 33, 118, 23, 50, 112, 14, ]
Best fitness: 3.96969
SEED: 21316

Solution Bins: 
Bin Number: 31
944 884 992 986 878 971 972 942 998 846 959 984 983 964 997 947 988 971 987 769 996 939 983 925 909 915 982 987 848 1000 984 
Elapsed time: 68 s
----------------------------------------

Population size: 600
Problem dimension: 120
Lower bound: 
0 0 0 0 0 0 0 0 0 0 0 0 0 0 0 0 0 0 0 0 0 0 0 0 0 0 0 0 0 0 0 0 0 0 0 0 0 0 0 0 0 0 0 0 0 0 0 0 0 0 0 0 0 0 0 0 0 0 0 0 0 0 0 0 0 0 0 0 0 0 0 0 0 0 0 0 0 0 0 0 0 0 0 0 0 0 0 0 0 0 0 0 0 0 0 0 0 0 0 0 0 0 0 0 0 0 0 0 0 0 0 0 0 0 0 0 0 0 0 0 
Upper bound: 
119 119 119 119 119 119 119 119 119 119 119 119 119 119 119 119 119 119 119 119 119 119 119 119 119 119 119 119 119 119 119 119 119 119 119 119 119 119 119 119 119 119 119 119 119 119 119 119 119 119 119 119 119 119 119 119 119 119 119 119 119 119 119 119 119 119 119 119 119 119 119 119 119 119 119 119 119 119 119 119 119 119 119 119 119 119 119 119 119 119 119 119 119 119 119 119 119 119 119 119 119 119 119 119 119 119 119 119 119 119 119 119 119 119 119 119 119 119 119 119 
Weight factor: 0.8
Crossover rate: 0.9
Max iteration: 6000
Best solution: 
[116, 31, 81, 101, 50, 90, 80, 100, 34, 115, 64, 30, 85, 105, 106, 14, 98, 41, 37, 117, 69, 54, 36, 45, 20, 66, 89, 32, 103, 18, 68, 96, 5, 21, 12, 10, 71, 111, 13, 6, 0, 99, 74, 33, 113, 8, 28, 65, 87, 1, 42, 70, 58, 51, 102, 40, 43, 25, 17, 112, 118, 78, 86, 67, 29, 24, 44, 35, 114, 104, 11, 97, 47, 26, 4, 119, 108, 48, 95, 107, 39, 83, 49, 73, 82, 88, 15, 22, 59, 60, 53, 23, 77, 79, 27, 91, 84, 93, 9, 76, 46, 3, 57, 52, 92, 38, 2, 63, 55, 72, 56, 7, 94, 109, 62, 16, 19, 75, 61, 110, ]
Best fitness: 3.95048
SEED: 3712

Solution Bins: 
Bin Number: 31
912 887 934 787 989 999 979 970 887 983 981 918 971 990 979 916 966 972 692 883 856 982 969 969 970 986 842 961 937 983 827 
Elapsed time: 69 s
----------------------------------------

Population size: 600
Problem dimension: 120
Lower bound: 
0 0 0 0 0 0 0 0 0 0 0 0 0 0 0 0 0 0 0 0 0 0 0 0 0 0 0 0 0 0 0 0 0 0 0 0 0 0 0 0 0 0 0 0 0 0 0 0 0 0 0 0 0 0 0 0 0 0 0 0 0 0 0 0 0 0 0 0 0 0 0 0 0 0 0 0 0 0 0 0 0 0 0 0 0 0 0 0 0 0 0 0 0 0 0 0 0 0 0 0 0 0 0 0 0 0 0 0 0 0 0 0 0 0 0 0 0 0 0 0 
Upper bound: 
119 119 119 119 119 119 119 119 119 119 119 119 119 119 119 119 119 119 119 119 119 119 119 119 119 119 119 119 119 119 119 119 119 119 119 119 119 119 119 119 119 119 119 119 119 119 119 119 119 119 119 119 119 119 119 119 119 119 119 119 119 119 119 119 119 119 119 119 119 119 119 119 119 119 119 119 119 119 119 119 119 119 119 119 119 119 119 119 119 119 119 119 119 119 119 119 119 119 119 119 119 119 119 119 119 119 119 119 119 119 119 119 119 119 119 119 119 119 119 119 
Weight factor: 0.8
Crossover rate: 0.9
Max iteration: 6000
Best solution: 
[50, 93, 32, 97, 42, 5, 8, 72, 114, 44, 6, 53, 103, 43, 25, 63, 110, 37, 86, 47, 41, 83, 26, 55, 117, 28, 113, 54, 34, 76, 65, 46, 75, 60, 88, 35, 12, 112, 57, 45, 79, 49, 17, 102, 101, 92, 52, 118, 31, 77, 100, 15, 62, 107, 21, 119, 51, 87, 108, 85, 27, 2, 30, 0, 18, 80, 10, 111, 95, 16, 14, 106, 22, 91, 58, 33, 69, 36, 59, 1, 74, 115, 19, 9, 38, 48, 96, 20, 94, 98, 73, 71, 66, 70, 68, 104, 81, 82, 29, 40, 24, 3, 11, 64, 39, 67, 78, 23, 90, 105, 89, 116, 7, 84, 13, 4, 99, 61, 56, 109, ]
Best fitness: 3.96808
SEED: 5312

Solution Bins: 
Bin Number: 31
976 848 900 946 932 989 967 995 963 797 967 932 961 996 987 919 879 968 845 989 992 952 967 821 914 945 887 984 922 992 751 
Elapsed time: 70 s
----------------------------------------

Population size: 600
Problem dimension: 120
Lower bound: 
0 0 0 0 0 0 0 0 0 0 0 0 0 0 0 0 0 0 0 0 0 0 0 0 0 0 0 0 0 0 0 0 0 0 0 0 0 0 0 0 0 0 0 0 0 0 0 0 0 0 0 0 0 0 0 0 0 0 0 0 0 0 0 0 0 0 0 0 0 0 0 0 0 0 0 0 0 0 0 0 0 0 0 0 0 0 0 0 0 0 0 0 0 0 0 0 0 0 0 0 0 0 0 0 0 0 0 0 0 0 0 0 0 0 0 0 0 0 0 0 
Upper bound: 
119 119 119 119 119 119 119 119 119 119 119 119 119 119 119 119 119 119 119 119 119 119 119 119 119 119 119 119 119 119 119 119 119 119 119 119 119 119 119 119 119 119 119 119 119 119 119 119 119 119 119 119 119 119 119 119 119 119 119 119 119 119 119 119 119 119 119 119 119 119 119 119 119 119 119 119 119 119 119 119 119 119 119 119 119 119 119 119 119 119 119 119 119 119 119 119 119 119 119 119 119 119 119 119 119 119 119 119 119 119 119 119 119 119 119 119 119 119 119 119 
Weight factor: 0.8
Crossover rate: 0.9
Max iteration: 6000
Best solution: 
[45, 44, 111, 112, 6, 78, 11, 95, 74, 33, 30, 43, 81, 61, 14, 12, 82, 119, 104, 71, 106, 109, 107, 102, 23, 48, 83, 114, 21, 75, 4, 15, 65, 9, 1, 66, 60, 110, 55, 22, 25, 59, 80, 50, 90, 97, 87, 18, 85, 5, 118, 92, 88, 86, 8, 84, 116, 105, 2, 31, 89, 20, 56, 117, 16, 115, 98, 72, 35, 28, 108, 10, 76, 93, 99, 79, 113, 34, 42, 103, 36, 64, 100, 13, 67, 101, 70, 53, 32, 94, 49, 63, 37, 91, 54, 52, 41, 77, 26, 73, 68, 40, 3, 38, 17, 7, 62, 58, 47, 24, 96, 46, 51, 27, 39, 69, 57, 0, 29, 19, ]
Best fitness: 4.4595
SEED: 23506

Solution Bins: 
Bin Number: 31
958 772 929 955 959 806 997 948 732 804 980 941 939 1000 1000 749 999 932 757 992 912 937 994 970 945 986 962 779 987 948 993 
Elapsed time: 70 s
----------------------------------------

Population size: 600
Problem dimension: 120
Lower bound: 
0 0 0 0 0 0 0 0 0 0 0 0 0 0 0 0 0 0 0 0 0 0 0 0 0 0 0 0 0 0 0 0 0 0 0 0 0 0 0 0 0 0 0 0 0 0 0 0 0 0 0 0 0 0 0 0 0 0 0 0 0 0 0 0 0 0 0 0 0 0 0 0 0 0 0 0 0 0 0 0 0 0 0 0 0 0 0 0 0 0 0 0 0 0 0 0 0 0 0 0 0 0 0 0 0 0 0 0 0 0 0 0 0 0 0 0 0 0 0 0 
Upper bound: 
119 119 119 119 119 119 119 119 119 119 119 119 119 119 119 119 119 119 119 119 119 119 119 119 119 119 119 119 119 119 119 119 119 119 119 119 119 119 119 119 119 119 119 119 119 119 119 119 119 119 119 119 119 119 119 119 119 119 119 119 119 119 119 119 119 119 119 119 119 119 119 119 119 119 119 119 119 119 119 119 119 119 119 119 119 119 119 119 119 119 119 119 119 119 119 119 119 119 119 119 119 119 119 119 119 119 119 119 119 119 119 119 119 119 119 119 119 119 119 119 
Weight factor: 0.8
Crossover rate: 0.9
Max iteration: 6000
Best solution: 
[46, 96, 108, 18, 34, 119, 35, 88, 31, 73, 90, 59, 5, 42, 82, 16, 13, 6, 52, 25, 117, 48, 15, 89, 107, 77, 36, 57, 75, 12, 91, 38, 54, 86, 44, 68, 60, 79, 47, 88, 94, 17, 118, 112, 0, 111, 85, 51, 28, 1, 64, 19, 81, 20, 33, 3, 27, 61, 23, 83, 55, 69, 70, 49, 114, 41, 56, 67, 100, 115, 84, 37, 99, 71, 9, 104, 45, 14, 58, 116, 109, 39, 10, 7, 105, 4, 110, 21, 40, 74, 101, 29, 53, 78, 43, 93, 92, 63, 22, 97, 11, 2, 8, 65, 50, 87, 72, 80, 62, 30, 103, 66, 26, 76, 24, 32, 98, 102, 113, 95, ]
Best fitness: 4.24203
SEED: 13334

Solution Bins: 
Bin Number: 31
867 990 944 848 848 974 943 987 960 973 880 1000 1000 999 863 993 944 999 894 999 998 798 1000 917 976 977 925 918 980 994 894 
Elapsed time: 70 s
----------------------------------------

Population size: 600
Problem dimension: 120
Lower bound: 
0 0 0 0 0 0 0 0 0 0 0 0 0 0 0 0 0 0 0 0 0 0 0 0 0 0 0 0 0 0 0 0 0 0 0 0 0 0 0 0 0 0 0 0 0 0 0 0 0 0 0 0 0 0 0 0 0 0 0 0 0 0 0 0 0 0 0 0 0 0 0 0 0 0 0 0 0 0 0 0 0 0 0 0 0 0 0 0 0 0 0 0 0 0 0 0 0 0 0 0 0 0 0 0 0 0 0 0 0 0 0 0 0 0 0 0 0 0 0 0 
Upper bound: 
119 119 119 119 119 119 119 119 119 119 119 119 119 119 119 119 119 119 119 119 119 119 119 119 119 119 119 119 119 119 119 119 119 119 119 119 119 119 119 119 119 119 119 119 119 119 119 119 119 119 119 119 119 119 119 119 119 119 119 119 119 119 119 119 119 119 119 119 119 119 119 119 119 119 119 119 119 119 119 119 119 119 119 119 119 119 119 119 119 119 119 119 119 119 119 119 119 119 119 119 119 119 119 119 119 119 119 119 119 119 119 119 119 119 119 119 119 119 119 119 
Weight factor: 0.8
Crossover rate: 0.9
Max iteration: 6000
Best solution: 
[18, 67, 83, 64, 43, 97, 11, 13, 110, 104, 4, 80, 10, 90, 107, 38, 34, 95, 96, 12, 5, 41, 115, 55, 36, 25, 91, 8, 3, 51, 111, 59, 1, 71, 105, 14, 27, 28, 63, 72, 108, 86, 26, 92, 77, 69, 29, 65, 20, 82, 19, 117, 78, 46, 93, 116, 114, 81, 89, 13, 50, 87, 15, 94, 0, 40, 119, 47, 16, 54, 75, 33, 112, 79, 22, 76, 2, 58, 56, 62, 24, 99, 45, 32, 100, 48, 74, 84, 101, 6, 39, 61, 49, 35, 88, 7, 31, 66, 73, 103, 23, 53, 98, 17, 52, 68, 42, 106, 30, 102, 60, 21, 9, 70, 118, 113, 85, 57, 37, 44, ]
Best fitness: 4.33313
SEED: 12813

Solution Bins: 
Bin Number: 31
995 617 937 984 999 914 946 714 909 978 998 932 997 936 866 977 957 960 996 982 968 988 912 848 974 984 988 997 957 997 967 
Elapsed time: 70 s
----------------------------------------

Population size: 600
Problem dimension: 120
Lower bound: 
0 0 0 0 0 0 0 0 0 0 0 0 0 0 0 0 0 0 0 0 0 0 0 0 0 0 0 0 0 0 0 0 0 0 0 0 0 0 0 0 0 0 0 0 0 0 0 0 0 0 0 0 0 0 0 0 0 0 0 0 0 0 0 0 0 0 0 0 0 0 0 0 0 0 0 0 0 0 0 0 0 0 0 0 0 0 0 0 0 0 0 0 0 0 0 0 0 0 0 0 0 0 0 0 0 0 0 0 0 0 0 0 0 0 0 0 0 0 0 0 
Upper bound: 
119 119 119 119 119 119 119 119 119 119 119 119 119 119 119 119 119 119 119 119 119 119 119 119 119 119 119 119 119 119 119 119 119 119 119 119 119 119 119 119 119 119 119 119 119 119 119 119 119 119 119 119 119 119 119 119 119 119 119 119 119 119 119 119 119 119 119 119 119 119 119 119 119 119 119 119 119 119 119 119 119 119 119 119 119 119 119 119 119 119 119 119 119 119 119 119 119 119 119 119 119 119 119 119 119 119 119 119 119 119 119 119 119 119 119 119 119 119 119 119 
Weight factor: 0.8
Crossover rate: 0.9
Max iteration: 6000
Best solution: 
[61, 34, 109, 64, 51, 23, 118, 115, 70, 75, 22, 106, 96, 68, 80, 50, 52, 46, 77, 111, 76, 37, 59, 94, 79, 28, 93, 72, 10, 90, 104, 105, 16, 19, 112, 11, 39, 108, 24, 47, 119, 5, 103, 86, 7, 62, 36, 45, 84, 83, 87, 91, 13, 95, 53, 33, 97, 38, 67, 40, 116, 6, 117, 49, 25, 41, 55, 81, 44, 110, 60, 17, 89, 54, 102, 21, 69, 15, 35, 100, 42, 30, 3, 0, 26, 1, 98, 48, 71, 31, 65, 113, 8, 114, 74, 107, 63, 57, 78, 43, 92, 27, 56, 85, 20, 99, 73, 32, 66, 82, 18, 29, 2, 12, 101, 9, 14, 88, 58, 4, ]
Best fitness: 3.06313
SEED: 13907

Solution Bins: 
Bin Number: 31
941 983 997 848 974 982 943 958 827 797 993 999 997 964 962 921 981 963 999 964 990 989 756 989 994 927 982 959 996 922 868 
Elapsed time: 70 s
----------------------------------------

Population size: 600
Problem dimension: 120
Lower bound: 
0 0 0 0 0 0 0 0 0 0 0 0 0 0 0 0 0 0 0 0 0 0 0 0 0 0 0 0 0 0 0 0 0 0 0 0 0 0 0 0 0 0 0 0 0 0 0 0 0 0 0 0 0 0 0 0 0 0 0 0 0 0 0 0 0 0 0 0 0 0 0 0 0 0 0 0 0 0 0 0 0 0 0 0 0 0 0 0 0 0 0 0 0 0 0 0 0 0 0 0 0 0 0 0 0 0 0 0 0 0 0 0 0 0 0 0 0 0 0 0 
Upper bound: 
119 119 119 119 119 119 119 119 119 119 119 119 119 119 119 119 119 119 119 119 119 119 119 119 119 119 119 119 119 119 119 119 119 119 119 119 119 119 119 119 119 119 119 119 119 119 119 119 119 119 119 119 119 119 119 119 119 119 119 119 119 119 119 119 119 119 119 119 119 119 119 119 119 119 119 119 119 119 119 119 119 119 119 119 119 119 119 119 119 119 119 119 119 119 119 119 119 119 119 119 119 119 119 119 119 119 119 119 119 119 119 119 119 119 119 119 119 119 119 119 
Weight factor: 0.8
Crossover rate: 0.9
Max iteration: 6000
Best solution: 
[39, 58, 70, 6, 11, 16, 26, 7, 15, 75, 51, 104, 23, 13, 99, 34, 44, 37, 41, 112, 40, 35, 98, 91, 8, 60, 55, 39, 77, 49, 94, 50, 27, 108, 61, 67, 118, 17, 117, 3, 101, 56, 59, 21, 88, 95, 5, 2, 31, 24, 82, 103, 107, 102, 32, 57, 33, 12, 36, 114, 66, 78, 25, 116, 1, 9, 38, 105, 4, 115, 113, 71, 74, 42, 68, 28, 48, 106, 89, 80, 73, 19, 72, 63, 83, 30, 64, 52, 97, 43, 76, 10, 69, 96, 109, 54, 86, 90, 29, 65, 84, 47, 92, 22, 87, 81, 119, 20, 0, 46, 53, 45, 93, 85, 18, 62, 110, 111, 100, 14, ]
Best fitness: 3.80607
SEED: 14258

Solution Bins: 
Bin Number: 31
992 853 886 990 985 978 974 985 990 874 1000 992 978 935 959 796 990 940 998 956 984 985 973 948 998 872 935 952 901 948 977 
Elapsed time: 74 s
----------------------------------------

