Population size: 600
Problem dimension: 249
Lower bound: 
0 0 0 0 0 0 0 0 0 0 0 0 0 0 0 0 0 0 0 0 0 0 0 0 0 0 0 0 0 0 0 0 0 0 0 0 0 0 0 0 0 0 0 0 0 0 0 0 0 0 0 0 0 0 0 0 0 0 0 0 0 0 0 0 0 0 0 0 0 0 0 0 0 0 0 0 0 0 0 0 0 0 0 0 0 0 0 0 0 0 0 0 0 0 0 0 0 0 0 0 0 0 0 0 0 0 0 0 0 0 0 0 0 0 0 0 0 0 0 0 0 0 0 0 0 0 0 0 0 0 0 0 0 0 0 0 0 0 0 0 0 0 0 0 0 0 0 0 0 0 0 0 0 0 0 0 0 0 0 0 0 0 0 0 0 0 0 0 0 0 0 0 0 0 0 0 0 0 0 0 0 0 0 0 0 0 0 0 0 0 0 0 0 0 0 0 0 0 0 0 0 0 0 0 0 0 0 0 0 0 0 0 0 0 0 0 0 0 0 0 0 0 0 0 0 0 0 0 0 0 0 0 0 0 0 0 0 0 0 0 0 0 0 0 0 0 0 0 0 
Upper bound: 
248 248 248 248 248 248 248 248 248 248 248 248 248 248 248 248 248 248 248 248 248 248 248 248 248 248 248 248 248 248 248 248 248 248 248 248 248 248 248 248 248 248 248 248 248 248 248 248 248 248 248 248 248 248 248 248 248 248 248 248 248 248 248 248 248 248 248 248 248 248 248 248 248 248 248 248 248 248 248 248 248 248 248 248 248 248 248 248 248 248 248 248 248 248 248 248 248 248 248 248 248 248 248 248 248 248 248 248 248 248 248 248 248 248 248 248 248 248 248 248 248 248 248 248 248 248 248 248 248 248 248 248 248 248 248 248 248 248 248 248 248 248 248 248 248 248 248 248 248 248 248 248 248 248 248 248 248 248 248 248 248 248 248 248 248 248 248 248 248 248 248 248 248 248 248 248 248 248 248 248 248 248 248 248 248 248 248 248 248 248 248 248 248 248 248 248 248 248 248 248 248 248 248 248 248 248 248 248 248 248 248 248 248 248 248 248 248 248 248 248 248 248 248 248 248 248 248 248 248 248 248 248 248 248 248 248 248 248 248 248 248 248 248 248 248 248 248 248 248 
Weight factor: 0.8
Crossover rate: 0.9
Max iteration: 6000
Best solution: 
[124, 91, 211, 175, 174, 79, 94, 246, 244, 162, 12, 241, 90, 135, 113, 197, 209, 159, 119, 238, 78, 183, 193, 205, 167, 62, 184, 95, 82, 144, 110, 145, 18, 199, 226, 70, 32, 240, 228, 75, 60, 202, 137, 231, 187, 52, 147, 214, 10, 48, 171, 71, 45, 89, 23, 81, 67, 141, 35, 218, 227, 61, 148, 170, 243, 114, 196, 49, 173, 76, 230, 129, 122, 72, 2, 36, 47, 9, 84, 157, 15, 146, 41, 11, 58, 44, 139, 100, 208, 111, 125, 4, 28, 43, 34, 210, 12, 190, 5, 237, 68, 103, 245, 69, 179, 14, 150, 198, 63, 163, 51, 6, 0, 20, 192, 182, 19, 153, 132, 66, 178, 87, 229, 120, 152, 232, 55, 127, 207, 25, 1, 235, 98, 86, 16, 99, 59, 74, 24, 186, 166, 108, 133, 30, 40, 102, 105, 180, 7, 39, 176, 224, 236, 117, 165, 225, 8, 223, 97, 116, 220, 96, 191, 172, 50, 77, 107, 239, 65, 201, 53, 221, 112, 213, 189, 156, 64, 22, 248, 216, 101, 154, 212, 33, 188, 57, 118, 247, 151, 177, 73, 131, 204, 115, 126, 222, 85, 42, 158, 233, 21, 149, 203, 26, 56, 27, 181, 194, 185, 206, 83, 169, 138, 142, 160, 217, 200, 242, 121, 46, 234, 195, 143, 29, 134, 161, 17, 136, 54, 130, 164, 168, 140, 219, 37, 3, 109, 104, 128, 38, 155, 106, 92, 123, 88, 31, 215, 80, 13, ]
Best fitness: 11.828
SEED: 40

Solution Bins: 
Bin Number: 66
924 987 998 980 852 904 934 984 973 940 948 963 902 803 819 980 957 997 934 878 904 746 905 719 890 868 991 965 653 933 900 989 969 926 961 946 696 727 996 741 933 954 850 909 880 952 920 806 957 977 964 954 884 959 992 977 900 829 983 995 741 986 978 962 966 798 
----------------------------------------

