Population size: 600
Problem dimension: 200
Lower bound: 
0 0 0 0 0 0 0 0 0 0 0 0 0 0 0 0 0 0 0 0 0 0 0 0 0 0 0 0 0 0 0 0 0 0 0 0 0 0 0 0 0 0 0 0 0 0 0 0 0 0 0 0 0 0 0 0 0 0 0 0 0 0 0 0 0 0 0 0 0 0 0 0 0 0 0 0 0 0 0 0 0 0 0 0 0 0 0 0 0 0 0 0 0 0 0 0 0 0 0 0 0 0 0 0 0 0 0 0 0 0 0 0 0 0 0 0 0 0 0 0 0 0 0 0 0 0 0 0 0 0 0 0 0 0 0 0 0 0 0 0 0 0 0 0 0 0 0 0 0 0 0 0 0 0 0 0 0 0 0 0 0 0 0 0 0 0 0 0 0 0 0 0 0 0 0 0 0 0 0 0 0 0 0 0 0 0 0 0 0 0 0 0 0 0 0 0 0 0 0 0 
Upper bound: 
199 199 199 199 199 199 199 199 199 199 199 199 199 199 199 199 199 199 199 199 199 199 199 199 199 199 199 199 199 199 199 199 199 199 199 199 199 199 199 199 199 199 199 199 199 199 199 199 199 199 199 199 199 199 199 199 199 199 199 199 199 199 199 199 199 199 199 199 199 199 199 199 199 199 199 199 199 199 199 199 199 199 199 199 199 199 199 199 199 199 199 199 199 199 199 199 199 199 199 199 199 199 199 199 199 199 199 199 199 199 199 199 199 199 199 199 199 199 199 199 199 199 199 199 199 199 199 199 199 199 199 199 199 199 199 199 199 199 199 199 199 199 199 199 199 199 199 199 199 199 199 199 199 199 199 199 199 199 199 199 199 199 199 199 199 199 199 199 199 199 199 199 199 199 199 199 199 199 199 199 199 199 199 199 199 199 199 199 199 199 199 199 199 199 199 199 199 199 199 199 
Weight factor: 0.8
Crossover rate: 0.9
Max iteration: 6000
Best solution: 
[161, 22, 98, 175, 181, 55, 150, 156, 138, 122, 151, 196, 136, 187, 145, 36, 199, 195, 153, 82, 135, 79, 69, 63, 34, 94, 128, 46, 174, 143, 65, 166, 185, 95, 102, 127, 51, 124, 80, 108, 90, 188, 119, 167, 190, 83, 99, 48, 134, 72, 103, 10, 104, 43, 30, 87, 117, 37, 192, 110, 146, 19, 24, 56, 154, 29, 131, 16, 113, 118, 52, 67, 139, 116, 159, 129, 183, 12, 28, 1, 137, 172, 32, 141, 7, 85, 114, 44, 58, 17, 60, 121, 191, 148, 71, 107, 23, 50, 81, 115, 77, 111, 142, 179, 123, 152, 5, 42, 126, 31, 92, 101, 89, 76, 155, 70, 64, 75, 120, 54, 0, 78, 184, 13, 15, 86, 33, 9, 105, 45, 162, 178, 59, 125, 194, 61, 189, 109, 157, 96, 35, 169, 40, 165, 193, 186, 180, 177, 39, 147, 149, 97, 25, 18, 197, 171, 144, 133, 41, 26, 164, 182, 91, 100, 88, 93, 132, 74, 6, 11, 3, 84, 4, 62, 163, 198, 13, 140, 160, 8, 68, 66, 170, 2, 38, 49, 158, 173, 47, 14, 21, 57, 130, 27, 106, 112, 176, 73, 20, 53, ]
Best fitness: 9.04528
SEED: 96

Solution Bins: 
Bin Number: 47
84177 99827 95006 97143 83964 91573 78221 99903 86981 98697 89004 91867 93785 80003 97952 92116 88118 96517 92938 91662 89337 77520 90410 85645 95686 90279 86434 90209 95738 96759 93295 98574 99519 97347 99521 94956 71732 77357 85391 98374 94463 78706 94734 98811 87505 89490 78421 
Elapsed time: 107 s
----------------------------------------

Population size: 600
Problem dimension: 200
Lower bound: 
0 0 0 0 0 0 0 0 0 0 0 0 0 0 0 0 0 0 0 0 0 0 0 0 0 0 0 0 0 0 0 0 0 0 0 0 0 0 0 0 0 0 0 0 0 0 0 0 0 0 0 0 0 0 0 0 0 0 0 0 0 0 0 0 0 0 0 0 0 0 0 0 0 0 0 0 0 0 0 0 0 0 0 0 0 0 0 0 0 0 0 0 0 0 0 0 0 0 0 0 0 0 0 0 0 0 0 0 0 0 0 0 0 0 0 0 0 0 0 0 0 0 0 0 0 0 0 0 0 0 0 0 0 0 0 0 0 0 0 0 0 0 0 0 0 0 0 0 0 0 0 0 0 0 0 0 0 0 0 0 0 0 0 0 0 0 0 0 0 0 0 0 0 0 0 0 0 0 0 0 0 0 0 0 0 0 0 0 0 0 0 0 0 0 0 0 0 0 0 0 
Upper bound: 
199 199 199 199 199 199 199 199 199 199 199 199 199 199 199 199 199 199 199 199 199 199 199 199 199 199 199 199 199 199 199 199 199 199 199 199 199 199 199 199 199 199 199 199 199 199 199 199 199 199 199 199 199 199 199 199 199 199 199 199 199 199 199 199 199 199 199 199 199 199 199 199 199 199 199 199 199 199 199 199 199 199 199 199 199 199 199 199 199 199 199 199 199 199 199 199 199 199 199 199 199 199 199 199 199 199 199 199 199 199 199 199 199 199 199 199 199 199 199 199 199 199 199 199 199 199 199 199 199 199 199 199 199 199 199 199 199 199 199 199 199 199 199 199 199 199 199 199 199 199 199 199 199 199 199 199 199 199 199 199 199 199 199 199 199 199 199 199 199 199 199 199 199 199 199 199 199 199 199 199 199 199 199 199 199 199 199 199 199 199 199 199 199 199 199 199 199 199 199 199 
Weight factor: 0.8
Crossover rate: 0.9
Max iteration: 6000
Best solution: 
[25, 91, 64, 70, 75, 66, 137, 85, 97, 12, 68, 140, 16, 135, 13, 186, 152, 69, 175, 182, 124, 34, 122, 18, 83, 141, 185, 194, 45, 1, 42, 76, 125, 4, 176, 116, 165, 86, 50, 52, 11, 28, 191, 73, 158, 90, 131, 104, 199, 80, 162, 43, 183, 5, 192, 3, 44, 109, 155, 120, 121, 136, 39, 26, 61, 41, 188, 31, 63, 98, 67, 33, 174, 57, 81, 148, 72, 89, 139, 119, 27, 144, 46, 190, 113, 23, 10, 128, 0, 36, 106, 159, 179, 195, 107, 78, 171, 143, 48, 6, 178, 88, 24, 95, 2, 56, 20, 49, 7, 181, 96, 134, 115, 84, 22, 65, 79, 138, 94, 62, 157, 71, 37, 15, 146, 112, 177, 103, 170, 126, 108, 172, 130, 173, 102, 32, 53, 21, 29, 93, 16, 9, 169, 198, 129, 133, 160, 151, 153, 51, 60, 118, 99, 164, 105, 193, 127, 82, 142, 147, 117, 100, 19, 17, 114, 110, 156, 161, 145, 154, 74, 59, 38, 92, 184, 123, 40, 180, 167, 187, 150, 35, 101, 58, 14, 54, 196, 197, 166, 77, 132, 30, 87, 149, 55, 8, 163, 47, 111, 168, ]
Best fitness: 9.01431
SEED: 12831

Solution Bins: 
Bin Number: 47
92407 85036 92214 92770 96887 92258 98111 87213 99836 98691 81761 99628 76489 82179 83408 83606 88888 82311 83559 89242 94493 94560 98703 90382 90683 96154 74973 93123 83920 96137 98489 96662 97525 96550 93799 85658 98282 77821 95174 97256 92875 79536 99920 95788 97658 84016 81091 
Elapsed time: 106 s
----------------------------------------

Population size: 600
Problem dimension: 200
Lower bound: 
0 0 0 0 0 0 0 0 0 0 0 0 0 0 0 0 0 0 0 0 0 0 0 0 0 0 0 0 0 0 0 0 0 0 0 0 0 0 0 0 0 0 0 0 0 0 0 0 0 0 0 0 0 0 0 0 0 0 0 0 0 0 0 0 0 0 0 0 0 0 0 0 0 0 0 0 0 0 0 0 0 0 0 0 0 0 0 0 0 0 0 0 0 0 0 0 0 0 0 0 0 0 0 0 0 0 0 0 0 0 0 0 0 0 0 0 0 0 0 0 0 0 0 0 0 0 0 0 0 0 0 0 0 0 0 0 0 0 0 0 0 0 0 0 0 0 0 0 0 0 0 0 0 0 0 0 0 0 0 0 0 0 0 0 0 0 0 0 0 0 0 0 0 0 0 0 0 0 0 0 0 0 0 0 0 0 0 0 0 0 0 0 0 0 0 0 0 0 0 0 
Upper bound: 
199 199 199 199 199 199 199 199 199 199 199 199 199 199 199 199 199 199 199 199 199 199 199 199 199 199 199 199 199 199 199 199 199 199 199 199 199 199 199 199 199 199 199 199 199 199 199 199 199 199 199 199 199 199 199 199 199 199 199 199 199 199 199 199 199 199 199 199 199 199 199 199 199 199 199 199 199 199 199 199 199 199 199 199 199 199 199 199 199 199 199 199 199 199 199 199 199 199 199 199 199 199 199 199 199 199 199 199 199 199 199 199 199 199 199 199 199 199 199 199 199 199 199 199 199 199 199 199 199 199 199 199 199 199 199 199 199 199 199 199 199 199 199 199 199 199 199 199 199 199 199 199 199 199 199 199 199 199 199 199 199 199 199 199 199 199 199 199 199 199 199 199 199 199 199 199 199 199 199 199 199 199 199 199 199 199 199 199 199 199 199 199 199 199 199 199 199 199 199 199 
Weight factor: 0.8
Crossover rate: 0.9
Max iteration: 6000
Best solution: 
[102, 93, 110, 68, 101, 185, 116, 113, 65, 97, 62, 144, 179, 167, 147, 74, 98, 136, 20, 190, 67, 153, 169, 141, 105, 198, 19, 161, 168, 187, 122, 64, 75, 11, 154, 159, 120, 131, 163, 183, 174, 40, 132, 171, 112, 73, 79, 78, 66, 106, 15, 195, 2, 47, 80, 142, 151, 114, 63, 148, 37, 137, 83, 191, 58, 108, 39, 36, 84, 42, 103, 126, 1, 61, 32, 175, 94, 49, 24, 170, 27, 10, 194, 181, 89, 162, 164, 109, 5, 13, 28, 133, 157, 123, 176, 165, 56, 9, 26, 54, 21, 135, 125, 76, 6, 34, 55, 104, 188, 95, 88, 57, 72, 115, 99, 48, 22, 69, 16, 7, 17, 14, 85, 124, 178, 166, 172, 145, 189, 18, 118, 71, 180, 4, 119, 60, 111, 129, 130, 155, 134, 150, 8, 92, 31, 138, 184, 53, 96, 30, 23, 33, 149, 90, 143, 193, 43, 177, 86, 35, 186, 173, 156, 182, 52, 38, 77, 196, 158, 87, 139, 199, 81, 70, 117, 3, 25, 46, 59, 0, 146, 160, 44, 45, 100, 192, 82, 152, 128, 91, 107, 12, 127, 29, 197, 41, 50, 51, 121, 140, ]
Best fitness: 8.45946
SEED: 25638

Solution Bins: 
Bin Number: 47
83161 75706 89040 97730 79362 97483 99879 94531 97381 79397 86095 91286 95918 80910 86763 90110 88926 98378 93419 87910 74165 68287 96325 98552 84322 98025 78405 84435 97154 96783 90603 90013 91532 99334 95737 80942 90037 98529 99085 93382 96932 91006 97506 86609 99091 86642 83683 
Elapsed time: 106 s
----------------------------------------

Population size: 600
Problem dimension: 200
Lower bound: 
0 0 0 0 0 0 0 0 0 0 0 0 0 0 0 0 0 0 0 0 0 0 0 0 0 0 0 0 0 0 0 0 0 0 0 0 0 0 0 0 0 0 0 0 0 0 0 0 0 0 0 0 0 0 0 0 0 0 0 0 0 0 0 0 0 0 0 0 0 0 0 0 0 0 0 0 0 0 0 0 0 0 0 0 0 0 0 0 0 0 0 0 0 0 0 0 0 0 0 0 0 0 0 0 0 0 0 0 0 0 0 0 0 0 0 0 0 0 0 0 0 0 0 0 0 0 0 0 0 0 0 0 0 0 0 0 0 0 0 0 0 0 0 0 0 0 0 0 0 0 0 0 0 0 0 0 0 0 0 0 0 0 0 0 0 0 0 0 0 0 0 0 0 0 0 0 0 0 0 0 0 0 0 0 0 0 0 0 0 0 0 0 0 0 0 0 0 0 0 0 
Upper bound: 
199 199 199 199 199 199 199 199 199 199 199 199 199 199 199 199 199 199 199 199 199 199 199 199 199 199 199 199 199 199 199 199 199 199 199 199 199 199 199 199 199 199 199 199 199 199 199 199 199 199 199 199 199 199 199 199 199 199 199 199 199 199 199 199 199 199 199 199 199 199 199 199 199 199 199 199 199 199 199 199 199 199 199 199 199 199 199 199 199 199 199 199 199 199 199 199 199 199 199 199 199 199 199 199 199 199 199 199 199 199 199 199 199 199 199 199 199 199 199 199 199 199 199 199 199 199 199 199 199 199 199 199 199 199 199 199 199 199 199 199 199 199 199 199 199 199 199 199 199 199 199 199 199 199 199 199 199 199 199 199 199 199 199 199 199 199 199 199 199 199 199 199 199 199 199 199 199 199 199 199 199 199 199 199 199 199 199 199 199 199 199 199 199 199 199 199 199 199 199 199 
Weight factor: 0.8
Crossover rate: 0.9
Max iteration: 6000
Best solution: 
[145, 63, 71, 29, 110, 84, 139, 133, 189, 46, 121, 198, 117, 34, 124, 120, 72, 107, 180, 182, 109, 50, 149, 5, 54, 128, 101, 193, 156, 161, 7, 140, 52, 6, 19, 39, 22, 21, 47, 9, 49, 43, 170, 104, 99, 185, 192, 106, 14, 187, 27, 3, 91, 122, 1, 112, 59, 66, 67, 167, 108, 97, 4, 146, 100, 115, 12, 11, 56, 184, 143, 168, 80, 38, 44, 15, 10, 153, 81, 64, 197, 62, 37, 151, 188, 58, 17, 190, 134, 113, 111, 2, 26, 181, 114, 178, 136, 51, 103, 155, 141, 191, 24, 164, 88, 125, 162, 119, 28, 86, 90, 31, 137, 160, 89, 175, 18, 131, 0, 30, 68, 148, 166, 144, 96, 60, 73, 61, 116, 69, 194, 132, 129, 35, 25, 48, 65, 135, 95, 118, 79, 159, 40, 23, 195, 74, 199, 152, 78, 138, 171, 127, 87, 102, 158, 174, 45, 33, 93, 176, 105, 85, 183, 94, 186, 75, 150, 165, 77, 55, 173, 41, 169, 57, 20, 53, 123, 92, 98, 82, 177, 126, 64, 154, 172, 16, 13, 70, 179, 157, 163, 196, 42, 36, 8, 130, 32, 76, 142, 83, ]
Best fitness: 8.47657
SEED: 3448

Solution Bins: 
Bin Number: 46
84824 81047 98971 84859 97148 89387 94439 90321 99272 97739 97525 88198 89695 91340 89552 88565 99195 98009 83351 86624 85252 88484 94900 96349 99920 90837 98779 93304 98969 86971 71209 95222 84310 85926 97878 82271 86545 99790 97287 85078 95650 85955 79438 97654 98030 92507 
Elapsed time: 107 s
----------------------------------------

Population size: 600
Problem dimension: 200
Lower bound: 
0 0 0 0 0 0 0 0 0 0 0 0 0 0 0 0 0 0 0 0 0 0 0 0 0 0 0 0 0 0 0 0 0 0 0 0 0 0 0 0 0 0 0 0 0 0 0 0 0 0 0 0 0 0 0 0 0 0 0 0 0 0 0 0 0 0 0 0 0 0 0 0 0 0 0 0 0 0 0 0 0 0 0 0 0 0 0 0 0 0 0 0 0 0 0 0 0 0 0 0 0 0 0 0 0 0 0 0 0 0 0 0 0 0 0 0 0 0 0 0 0 0 0 0 0 0 0 0 0 0 0 0 0 0 0 0 0 0 0 0 0 0 0 0 0 0 0 0 0 0 0 0 0 0 0 0 0 0 0 0 0 0 0 0 0 0 0 0 0 0 0 0 0 0 0 0 0 0 0 0 0 0 0 0 0 0 0 0 0 0 0 0 0 0 0 0 0 0 0 0 
Upper bound: 
199 199 199 199 199 199 199 199 199 199 199 199 199 199 199 199 199 199 199 199 199 199 199 199 199 199 199 199 199 199 199 199 199 199 199 199 199 199 199 199 199 199 199 199 199 199 199 199 199 199 199 199 199 199 199 199 199 199 199 199 199 199 199 199 199 199 199 199 199 199 199 199 199 199 199 199 199 199 199 199 199 199 199 199 199 199 199 199 199 199 199 199 199 199 199 199 199 199 199 199 199 199 199 199 199 199 199 199 199 199 199 199 199 199 199 199 199 199 199 199 199 199 199 199 199 199 199 199 199 199 199 199 199 199 199 199 199 199 199 199 199 199 199 199 199 199 199 199 199 199 199 199 199 199 199 199 199 199 199 199 199 199 199 199 199 199 199 199 199 199 199 199 199 199 199 199 199 199 199 199 199 199 199 199 199 199 199 199 199 199 199 199 199 199 199 199 199 199 199 199 
Weight factor: 0.8
Crossover rate: 0.9
Max iteration: 6000
Best solution: 
[122, 189, 119, 120, 132, 110, 29, 145, 198, 38, 14, 126, 15, 28, 42, 30, 156, 147, 50, 154, 191, 105, 24, 7, 116, 57, 76, 33, 4, 159, 41, 68, 20, 81, 89, 36, 178, 104, 1, 131, 100, 190, 186, 108, 77, 183, 149, 150, 27, 152, 133, 99, 90, 60, 18, 182, 142, 70, 31, 179, 103, 160, 111, 148, 168, 165, 172, 58, 23, 48, 128, 85, 80, 117, 6, 107, 49, 71, 40, 8, 139, 174, 158, 192, 157, 199, 153, 5, 170, 195, 43, 67, 151, 140, 98, 123, 17, 136, 97, 2, 79, 112, 141, 87, 194, 167, 52, 73, 59, 169, 69, 101, 21, 75, 32, 138, 96, 26, 130, 10, 188, 63, 34, 51, 22, 13, 65, 113, 64, 35, 72, 86, 62, 66, 118, 134, 25, 163, 45, 109, 161, 44, 115, 84, 12, 3, 78, 197, 173, 92, 125, 82, 39, 56, 46, 106, 61, 16, 47, 124, 164, 11, 187, 83, 143, 93, 181, 193, 127, 55, 94, 95, 184, 37, 19, 53, 185, 176, 0, 121, 144, 155, 177, 91, 146, 166, 114, 129, 196, 171, 54, 88, 175, 180, 135, 137, 74, 162, 9, 102, ]
Best fitness: 8.10687
SEED: 21442

Solution Bins: 
Bin Number: 47
99741 84191 91702 97841 99598 94203 96892 95522 82989 88242 99335 80438 87469 75989 99205 97810 86428 87862 96316 89111 80007 85695 87691 92391 96419 82810 91177 86444 85990 98905 89794 89970 80987 81569 97984 96512 95067 96053 78074 94971 87974 97181 82915 97666 94688 97538 86754 
Elapsed time: 107 s
----------------------------------------

Population size: 600
Problem dimension: 200
Lower bound: 
0 0 0 0 0 0 0 0 0 0 0 0 0 0 0 0 0 0 0 0 0 0 0 0 0 0 0 0 0 0 0 0 0 0 0 0 0 0 0 0 0 0 0 0 0 0 0 0 0 0 0 0 0 0 0 0 0 0 0 0 0 0 0 0 0 0 0 0 0 0 0 0 0 0 0 0 0 0 0 0 0 0 0 0 0 0 0 0 0 0 0 0 0 0 0 0 0 0 0 0 0 0 0 0 0 0 0 0 0 0 0 0 0 0 0 0 0 0 0 0 0 0 0 0 0 0 0 0 0 0 0 0 0 0 0 0 0 0 0 0 0 0 0 0 0 0 0 0 0 0 0 0 0 0 0 0 0 0 0 0 0 0 0 0 0 0 0 0 0 0 0 0 0 0 0 0 0 0 0 0 0 0 0 0 0 0 0 0 0 0 0 0 0 0 0 0 0 0 0 0 
Upper bound: 
199 199 199 199 199 199 199 199 199 199 199 199 199 199 199 199 199 199 199 199 199 199 199 199 199 199 199 199 199 199 199 199 199 199 199 199 199 199 199 199 199 199 199 199 199 199 199 199 199 199 199 199 199 199 199 199 199 199 199 199 199 199 199 199 199 199 199 199 199 199 199 199 199 199 199 199 199 199 199 199 199 199 199 199 199 199 199 199 199 199 199 199 199 199 199 199 199 199 199 199 199 199 199 199 199 199 199 199 199 199 199 199 199 199 199 199 199 199 199 199 199 199 199 199 199 199 199 199 199 199 199 199 199 199 199 199 199 199 199 199 199 199 199 199 199 199 199 199 199 199 199 199 199 199 199 199 199 199 199 199 199 199 199 199 199 199 199 199 199 199 199 199 199 199 199 199 199 199 199 199 199 199 199 199 199 199 199 199 199 199 199 199 199 199 199 199 199 199 199 199 
Weight factor: 0.8
Crossover rate: 0.9
Max iteration: 6000
Best solution: 
[167, 126, 76, 187, 164, 27, 113, 106, 1, 115, 147, 8, 112, 98, 107, 52, 168, 37, 131, 178, 197, 119, 35, 30, 11, 94, 93, 45, 28, 108, 81, 9, 122, 12, 61, 54, 150, 83, 132, 190, 57, 199, 181, 97, 60, 193, 111, 90, 50, 153, 114, 15, 146, 101, 74, 75, 137, 183, 84, 26, 99, 19, 174, 66, 158, 14, 185, 13, 198, 124, 82, 38, 43, 87, 47, 116, 65, 180, 3, 31, 68, 134, 179, 156, 143, 157, 89, 165, 29, 67, 17, 4, 123, 109, 142, 149, 62, 170, 5, 88, 85, 173, 191, 140, 155, 129, 71, 196, 172, 64, 6, 102, 22, 70, 128, 135, 36, 23, 154, 161, 162, 104, 169, 2, 73, 77, 55, 130, 79, 177, 182, 166, 121, 51, 117, 176, 159, 139, 171, 92, 58, 110, 0, 78, 148, 188, 42, 141, 125, 24, 40, 103, 16, 46, 48, 63, 186, 44, 32, 72, 189, 34, 86, 59, 144, 25, 192, 175, 163, 69, 53, 91, 96, 10, 184, 160, 151, 136, 152, 120, 118, 138, 95, 145, 41, 18, 39, 49, 100, 133, 21, 80, 33, 20, 56, 195, 194, 127, 105, 7, ]
Best fitness: 8.52999
SEED: 30931

Solution Bins: 
Bin Number: 47
98816 87113 84769 86457 99658 99735 93316 89815 85634 97036 79236 83826 85619 76146 94837 87286 80111 93184 78432 88120 99936 96931 77542 87210 96695 97866 95504 82995 96356 94310 98157 84124 98664 91438 77510 93181 93996 94494 92272 98511 88163 92981 77614 89773 84772 95743 93634 
Elapsed time: 107 s
----------------------------------------

Population size: 600
Problem dimension: 200
Lower bound: 
0 0 0 0 0 0 0 0 0 0 0 0 0 0 0 0 0 0 0 0 0 0 0 0 0 0 0 0 0 0 0 0 0 0 0 0 0 0 0 0 0 0 0 0 0 0 0 0 0 0 0 0 0 0 0 0 0 0 0 0 0 0 0 0 0 0 0 0 0 0 0 0 0 0 0 0 0 0 0 0 0 0 0 0 0 0 0 0 0 0 0 0 0 0 0 0 0 0 0 0 0 0 0 0 0 0 0 0 0 0 0 0 0 0 0 0 0 0 0 0 0 0 0 0 0 0 0 0 0 0 0 0 0 0 0 0 0 0 0 0 0 0 0 0 0 0 0 0 0 0 0 0 0 0 0 0 0 0 0 0 0 0 0 0 0 0 0 0 0 0 0 0 0 0 0 0 0 0 0 0 0 0 0 0 0 0 0 0 0 0 0 0 0 0 0 0 0 0 0 0 
Upper bound: 
199 199 199 199 199 199 199 199 199 199 199 199 199 199 199 199 199 199 199 199 199 199 199 199 199 199 199 199 199 199 199 199 199 199 199 199 199 199 199 199 199 199 199 199 199 199 199 199 199 199 199 199 199 199 199 199 199 199 199 199 199 199 199 199 199 199 199 199 199 199 199 199 199 199 199 199 199 199 199 199 199 199 199 199 199 199 199 199 199 199 199 199 199 199 199 199 199 199 199 199 199 199 199 199 199 199 199 199 199 199 199 199 199 199 199 199 199 199 199 199 199 199 199 199 199 199 199 199 199 199 199 199 199 199 199 199 199 199 199 199 199 199 199 199 199 199 199 199 199 199 199 199 199 199 199 199 199 199 199 199 199 199 199 199 199 199 199 199 199 199 199 199 199 199 199 199 199 199 199 199 199 199 199 199 199 199 199 199 199 199 199 199 199 199 199 199 199 199 199 199 
Weight factor: 0.8
Crossover rate: 0.9
Max iteration: 6000
Best solution: 
[163, 128, 131, 13, 31, 160, 182, 170, 186, 115, 143, 106, 105, 149, 10, 78, 119, 191, 173, 114, 164, 83, 25, 17, 60, 159, 5, 27, 187, 136, 32, 150, 93, 9, 84, 174, 130, 188, 74, 124, 167, 59, 39, 42, 142, 79, 134, 194, 81, 196, 165, 197, 49, 4, 58, 189, 125, 77, 156, 96, 26, 154, 147, 178, 89, 48, 70, 151, 108, 110, 112, 94, 121, 69, 64, 155, 139, 71, 137, 0, 41, 100, 29, 76, 176, 116, 198, 67, 37, 123, 171, 101, 85, 61, 22, 144, 113, 88, 19, 90, 190, 40, 14, 126, 122, 52, 23, 172, 117, 50, 36, 16, 161, 145, 35, 18, 152, 111, 28, 33, 175, 15, 24, 45, 57, 38, 109, 20, 53, 95, 127, 62, 80, 7, 11, 68, 30, 3, 102, 82, 199, 2, 73, 34, 192, 87, 177, 166, 180, 51, 63, 8, 47, 92, 183, 141, 1, 135, 181, 75, 55, 46, 103, 99, 12, 133, 146, 118, 148, 132, 193, 169, 185, 56, 153, 157, 43, 140, 184, 98, 158, 97, 91, 6, 21, 107, 66, 72, 129, 120, 104, 195, 86, 162, 168, 44, 179, 138, 65, 54, ]
Best fitness: 9.0037
SEED: 9663

Solution Bins: 
Bin Number: 47
73451 99623 78179 87685 92052 97611 88727 85086 97877 79184 85857 92713 96849 78681 80563 90467 80721 86590 79671 92807 98726 76116 88370 91332 91436 86969 97763 90409 92647 98964 92895 84525 98700 91747 97190 94788 96567 80948 82458 89744 99579 97999 77881 79844 90943 99681 98520 
Elapsed time: 107 s
----------------------------------------

Population size: 600
Problem dimension: 200
Lower bound: 
0 0 0 0 0 0 0 0 0 0 0 0 0 0 0 0 0 0 0 0 0 0 0 0 0 0 0 0 0 0 0 0 0 0 0 0 0 0 0 0 0 0 0 0 0 0 0 0 0 0 0 0 0 0 0 0 0 0 0 0 0 0 0 0 0 0 0 0 0 0 0 0 0 0 0 0 0 0 0 0 0 0 0 0 0 0 0 0 0 0 0 0 0 0 0 0 0 0 0 0 0 0 0 0 0 0 0 0 0 0 0 0 0 0 0 0 0 0 0 0 0 0 0 0 0 0 0 0 0 0 0 0 0 0 0 0 0 0 0 0 0 0 0 0 0 0 0 0 0 0 0 0 0 0 0 0 0 0 0 0 0 0 0 0 0 0 0 0 0 0 0 0 0 0 0 0 0 0 0 0 0 0 0 0 0 0 0 0 0 0 0 0 0 0 0 0 0 0 0 0 
Upper bound: 
199 199 199 199 199 199 199 199 199 199 199 199 199 199 199 199 199 199 199 199 199 199 199 199 199 199 199 199 199 199 199 199 199 199 199 199 199 199 199 199 199 199 199 199 199 199 199 199 199 199 199 199 199 199 199 199 199 199 199 199 199 199 199 199 199 199 199 199 199 199 199 199 199 199 199 199 199 199 199 199 199 199 199 199 199 199 199 199 199 199 199 199 199 199 199 199 199 199 199 199 199 199 199 199 199 199 199 199 199 199 199 199 199 199 199 199 199 199 199 199 199 199 199 199 199 199 199 199 199 199 199 199 199 199 199 199 199 199 199 199 199 199 199 199 199 199 199 199 199 199 199 199 199 199 199 199 199 199 199 199 199 199 199 199 199 199 199 199 199 199 199 199 199 199 199 199 199 199 199 199 199 199 199 199 199 199 199 199 199 199 199 199 199 199 199 199 199 199 199 199 
Weight factor: 0.8
Crossover rate: 0.9
Max iteration: 6000
Best solution: 
[198, 93, 36, 96, 141, 31, 163, 168, 122, 169, 116, 145, 187, 41, 185, 147, 112, 46, 30, 5, 142, 25, 19, 67, 144, 188, 157, 125, 129, 172, 29, 90, 139, 153, 97, 194, 140, 124, 158, 113, 15, 39, 167, 28, 49, 37, 171, 35, 60, 6, 181, 21, 87, 40, 43, 82, 180, 69, 86, 10, 165, 27, 150, 178, 164, 193, 77, 8, 3, 72, 166, 63, 44, 106, 26, 64, 56, 68, 136, 117, 155, 13, 79, 59, 38, 143, 2, 146, 61, 33, 47, 103, 11, 9, 55, 134, 111, 199, 105, 160, 85, 127, 92, 138, 135, 107, 100, 191, 192, 73, 20, 159, 7, 183, 110, 162, 98, 174, 80, 126, 132, 152, 156, 102, 115, 45, 57, 176, 4, 74, 197, 17, 184, 154, 109, 104, 52, 89, 94, 66, 179, 175, 0, 91, 118, 189, 83, 173, 50, 182, 177, 88, 114, 161, 24, 65, 58, 131, 190, 137, 128, 195, 121, 76, 3, 95, 18, 54, 14, 22, 1, 34, 70, 123, 16, 42, 48, 108, 101, 78, 148, 62, 23, 32, 53, 151, 75, 119, 186, 120, 130, 71, 196, 133, 149, 84, 12, 99, 170, 51, ]
Best fitness: 8.34203
SEED: 32461

Solution Bins: 
Bin Number: 46
81067 80055 99164 77064 99073 97128 95504 86600 99176 92912 97042 97502 94621 80970 89968 94386 86914 92256 86086 86779 91654 95073 99748 97072 78906 96436 90998 99585 97643 89256 84471 99325 87659 85560 72388 98919 94492 91695 92595 98434 88516 90491 84067 87564 99330 98762 
Elapsed time: 107 s
----------------------------------------

Population size: 600
Problem dimension: 200
Lower bound: 
0 0 0 0 0 0 0 0 0 0 0 0 0 0 0 0 0 0 0 0 0 0 0 0 0 0 0 0 0 0 0 0 0 0 0 0 0 0 0 0 0 0 0 0 0 0 0 0 0 0 0 0 0 0 0 0 0 0 0 0 0 0 0 0 0 0 0 0 0 0 0 0 0 0 0 0 0 0 0 0 0 0 0 0 0 0 0 0 0 0 0 0 0 0 0 0 0 0 0 0 0 0 0 0 0 0 0 0 0 0 0 0 0 0 0 0 0 0 0 0 0 0 0 0 0 0 0 0 0 0 0 0 0 0 0 0 0 0 0 0 0 0 0 0 0 0 0 0 0 0 0 0 0 0 0 0 0 0 0 0 0 0 0 0 0 0 0 0 0 0 0 0 0 0 0 0 0 0 0 0 0 0 0 0 0 0 0 0 0 0 0 0 0 0 0 0 0 0 0 0 
Upper bound: 
199 199 199 199 199 199 199 199 199 199 199 199 199 199 199 199 199 199 199 199 199 199 199 199 199 199 199 199 199 199 199 199 199 199 199 199 199 199 199 199 199 199 199 199 199 199 199 199 199 199 199 199 199 199 199 199 199 199 199 199 199 199 199 199 199 199 199 199 199 199 199 199 199 199 199 199 199 199 199 199 199 199 199 199 199 199 199 199 199 199 199 199 199 199 199 199 199 199 199 199 199 199 199 199 199 199 199 199 199 199 199 199 199 199 199 199 199 199 199 199 199 199 199 199 199 199 199 199 199 199 199 199 199 199 199 199 199 199 199 199 199 199 199 199 199 199 199 199 199 199 199 199 199 199 199 199 199 199 199 199 199 199 199 199 199 199 199 199 199 199 199 199 199 199 199 199 199 199 199 199 199 199 199 199 199 199 199 199 199 199 199 199 199 199 199 199 199 199 199 199 
Weight factor: 0.8
Crossover rate: 0.9
Max iteration: 6000
Best solution: 
[69, 120, 20, 169, 1, 111, 43, 47, 160, 23, 8, 132, 196, 158, 112, 167, 152, 181, 189, 122, 82, 128, 162, 64, 187, 178, 61, 139, 37, 100, 192, 191, 147, 190, 6, 79, 39, 63, 113, 140, 9, 188, 25, 40, 7, 65, 13, 34, 174, 91, 123, 76, 24, 73, 172, 51, 110, 80, 115, 44, 33, 29, 45, 185, 77, 16, 94, 163, 156, 86, 183, 151, 194, 5, 32, 72, 153, 198, 155, 92, 135, 180, 2, 54, 102, 67, 141, 88, 22, 48, 85, 78, 83, 114, 133, 49, 50, 197, 103, 28, 55, 31, 19, 130, 10, 136, 138, 108, 101, 157, 161, 142, 97, 14, 0, 87, 74, 145, 117, 62, 121, 193, 195, 170, 93, 96, 186, 27, 42, 26, 46, 99, 12, 17, 57, 125, 60, 90, 148, 168, 184, 150, 81, 18, 30, 11, 35, 124, 173, 119, 149, 176, 105, 53, 159, 4, 165, 68, 131, 59, 177, 129, 199, 116, 104, 41, 146, 126, 21, 71, 66, 164, 144, 154, 182, 166, 36, 179, 118, 3, 95, 137, 89, 106, 70, 107, 38, 52, 15, 75, 56, 58, 109, 171, 134, 143, 127, 175, 98, 84, ]
Best fitness: 7.94681
SEED: 30622

Solution Bins: 
Bin Number: 47
89830 93630 90710 92680 97989 96068 85129 99740 89709 88661 98596 76664 85368 82892 97555 91836 97350 96997 97102 93801 86935 88277 88422 91928 93287 79751 75333 93755 83230 99485 98290 95682 85191 96962 99735 94079 88786 86203 99477 83003 77207 98052 87892 84175 94945 79971 99915 
Elapsed time: 106 s
----------------------------------------

Population size: 600
Problem dimension: 200
Lower bound: 
0 0 0 0 0 0 0 0 0 0 0 0 0 0 0 0 0 0 0 0 0 0 0 0 0 0 0 0 0 0 0 0 0 0 0 0 0 0 0 0 0 0 0 0 0 0 0 0 0 0 0 0 0 0 0 0 0 0 0 0 0 0 0 0 0 0 0 0 0 0 0 0 0 0 0 0 0 0 0 0 0 0 0 0 0 0 0 0 0 0 0 0 0 0 0 0 0 0 0 0 0 0 0 0 0 0 0 0 0 0 0 0 0 0 0 0 0 0 0 0 0 0 0 0 0 0 0 0 0 0 0 0 0 0 0 0 0 0 0 0 0 0 0 0 0 0 0 0 0 0 0 0 0 0 0 0 0 0 0 0 0 0 0 0 0 0 0 0 0 0 0 0 0 0 0 0 0 0 0 0 0 0 0 0 0 0 0 0 0 0 0 0 0 0 0 0 0 0 0 0 
Upper bound: 
199 199 199 199 199 199 199 199 199 199 199 199 199 199 199 199 199 199 199 199 199 199 199 199 199 199 199 199 199 199 199 199 199 199 199 199 199 199 199 199 199 199 199 199 199 199 199 199 199 199 199 199 199 199 199 199 199 199 199 199 199 199 199 199 199 199 199 199 199 199 199 199 199 199 199 199 199 199 199 199 199 199 199 199 199 199 199 199 199 199 199 199 199 199 199 199 199 199 199 199 199 199 199 199 199 199 199 199 199 199 199 199 199 199 199 199 199 199 199 199 199 199 199 199 199 199 199 199 199 199 199 199 199 199 199 199 199 199 199 199 199 199 199 199 199 199 199 199 199 199 199 199 199 199 199 199 199 199 199 199 199 199 199 199 199 199 199 199 199 199 199 199 199 199 199 199 199 199 199 199 199 199 199 199 199 199 199 199 199 199 199 199 199 199 199 199 199 199 199 199 
Weight factor: 0.8
Crossover rate: 0.9
Max iteration: 6000
Best solution: 
[88, 57, 125, 52, 92, 39, 135, 26, 191, 90, 193, 71, 83, 142, 195, 75, 172, 25, 79, 98, 73, 30, 157, 173, 152, 131, 1, 54, 169, 174, 165, 11, 16, 8, 53, 37, 137, 97, 42, 102, 47, 110, 122, 35, 100, 114, 175, 167, 85, 150, 96, 104, 64, 184, 107, 46, 24, 63, 112, 58, 29, 189, 140, 77, 177, 62, 113, 192, 111, 138, 14, 120, 166, 106, 149, 178, 185, 101, 115, 147, 194, 31, 103, 6, 182, 15, 40, 18, 148, 196, 0, 49, 124, 198, 156, 155, 27, 84, 10, 197, 117, 78, 56, 3, 9, 61, 59, 119, 67, 126, 45, 72, 179, 99, 74, 162, 21, 176, 10, 33, 82, 151, 38, 70, 50, 153, 41, 65, 190, 118, 12, 141, 94, 132, 116, 48, 55, 144, 13, 95, 127, 5, 181, 136, 158, 86, 183, 36, 161, 2, 146, 66, 87, 105, 123, 34, 4, 32, 68, 130, 129, 28, 22, 164, 19, 93, 180, 109, 188, 121, 170, 7, 186, 134, 69, 145, 108, 89, 51, 171, 43, 60, 23, 160, 80, 168, 163, 159, 143, 139, 133, 128, 154, 187, 81, 17, 76, 20, 91, 44, ]
Best fitness: 8.35345
SEED: 22253

Solution Bins: 
Bin Number: 46
85551 85913 99931 96879 87303 94125 97960 99252 84868 84659 98999 79642 80260 88189 96966 99190 99764 99662 94930 99523 86923 99989 80987 99859 87399 83301 86008 96465 93900 83018 87043 89303 87828 98661 90014 86544 99773 83896 84672 96426 76315 87460 95940 97477 98926 92726 
Elapsed time: 106 s
----------------------------------------

Population size: 600
Problem dimension: 200
Lower bound: 
0 0 0 0 0 0 0 0 0 0 0 0 0 0 0 0 0 0 0 0 0 0 0 0 0 0 0 0 0 0 0 0 0 0 0 0 0 0 0 0 0 0 0 0 0 0 0 0 0 0 0 0 0 0 0 0 0 0 0 0 0 0 0 0 0 0 0 0 0 0 0 0 0 0 0 0 0 0 0 0 0 0 0 0 0 0 0 0 0 0 0 0 0 0 0 0 0 0 0 0 0 0 0 0 0 0 0 0 0 0 0 0 0 0 0 0 0 0 0 0 0 0 0 0 0 0 0 0 0 0 0 0 0 0 0 0 0 0 0 0 0 0 0 0 0 0 0 0 0 0 0 0 0 0 0 0 0 0 0 0 0 0 0 0 0 0 0 0 0 0 0 0 0 0 0 0 0 0 0 0 0 0 0 0 0 0 0 0 0 0 0 0 0 0 0 0 0 0 0 0 
Upper bound: 
199 199 199 199 199 199 199 199 199 199 199 199 199 199 199 199 199 199 199 199 199 199 199 199 199 199 199 199 199 199 199 199 199 199 199 199 199 199 199 199 199 199 199 199 199 199 199 199 199 199 199 199 199 199 199 199 199 199 199 199 199 199 199 199 199 199 199 199 199 199 199 199 199 199 199 199 199 199 199 199 199 199 199 199 199 199 199 199 199 199 199 199 199 199 199 199 199 199 199 199 199 199 199 199 199 199 199 199 199 199 199 199 199 199 199 199 199 199 199 199 199 199 199 199 199 199 199 199 199 199 199 199 199 199 199 199 199 199 199 199 199 199 199 199 199 199 199 199 199 199 199 199 199 199 199 199 199 199 199 199 199 199 199 199 199 199 199 199 199 199 199 199 199 199 199 199 199 199 199 199 199 199 199 199 199 199 199 199 199 199 199 199 199 199 199 199 199 199 199 199 
Weight factor: 0.8
Crossover rate: 0.9
Max iteration: 6000
Best solution: 
[142, 182, 92, 141, 17, 113, 120, 148, 188, 106, 127, 95, 73, 3, 52, 4, 114, 160, 99, 15, 111, 151, 180, 72, 130, 199, 78, 165, 29, 193, 85, 189, 11, 128, 71, 191, 46, 107, 135, 96, 47, 21, 177, 64, 40, 2, 132, 68, 9, 8, 34, 197, 169, 61, 136, 176, 28, 62, 44, 100, 178, 154, 70, 167, 84, 152, 51, 43, 164, 125, 22, 162, 18, 12, 33, 103, 7, 143, 26, 35, 31, 16, 118, 110, 77, 126, 105, 83, 116, 101, 27, 5, 181, 104, 139, 56, 102, 57, 133, 1, 32, 86, 24, 45, 59, 75, 65, 112, 37, 81, 155, 150, 159, 58, 137, 55, 87, 98, 69, 192, 168, 115, 190, 14, 91, 19, 36, 0, 145, 147, 89, 63, 76, 42, 157, 144, 170, 173, 60, 124, 80, 82, 109, 171, 93, 140, 187, 23, 117, 79, 53, 153, 179, 74, 174, 123, 49, 90, 119, 48, 186, 94, 39, 66, 146, 184, 38, 67, 158, 41, 10, 122, 166, 30, 129, 194, 198, 175, 54, 138, 163, 134, 108, 149, 25, 185, 172, 161, 196, 13, 20, 195, 156, 6, 183, 131, 121, 88, 97, 50, ]
Best fitness: 8.34125
SEED: 6823

Solution Bins: 
Bin Number: 47
99132 98069 83699 92556 88636 96884 76011 80722 79563 93529 97435 98697 98120 95515 97446 86849 81818 94534 90220 87116 82170 95392 83301 91075 94153 86889 99692 85121 99603 96034 83166 92118 99246 85811 74346 87150 99461 86800 91064 84042 92255 98993 78634 84151 99189 99505 83127 
Elapsed time: 107 s
----------------------------------------

Population size: 600
Problem dimension: 200
Lower bound: 
0 0 0 0 0 0 0 0 0 0 0 0 0 0 0 0 0 0 0 0 0 0 0 0 0 0 0 0 0 0 0 0 0 0 0 0 0 0 0 0 0 0 0 0 0 0 0 0 0 0 0 0 0 0 0 0 0 0 0 0 0 0 0 0 0 0 0 0 0 0 0 0 0 0 0 0 0 0 0 0 0 0 0 0 0 0 0 0 0 0 0 0 0 0 0 0 0 0 0 0 0 0 0 0 0 0 0 0 0 0 0 0 0 0 0 0 0 0 0 0 0 0 0 0 0 0 0 0 0 0 0 0 0 0 0 0 0 0 0 0 0 0 0 0 0 0 0 0 0 0 0 0 0 0 0 0 0 0 0 0 0 0 0 0 0 0 0 0 0 0 0 0 0 0 0 0 0 0 0 0 0 0 0 0 0 0 0 0 0 0 0 0 0 0 0 0 0 0 0 0 
Upper bound: 
199 199 199 199 199 199 199 199 199 199 199 199 199 199 199 199 199 199 199 199 199 199 199 199 199 199 199 199 199 199 199 199 199 199 199 199 199 199 199 199 199 199 199 199 199 199 199 199 199 199 199 199 199 199 199 199 199 199 199 199 199 199 199 199 199 199 199 199 199 199 199 199 199 199 199 199 199 199 199 199 199 199 199 199 199 199 199 199 199 199 199 199 199 199 199 199 199 199 199 199 199 199 199 199 199 199 199 199 199 199 199 199 199 199 199 199 199 199 199 199 199 199 199 199 199 199 199 199 199 199 199 199 199 199 199 199 199 199 199 199 199 199 199 199 199 199 199 199 199 199 199 199 199 199 199 199 199 199 199 199 199 199 199 199 199 199 199 199 199 199 199 199 199 199 199 199 199 199 199 199 199 199 199 199 199 199 199 199 199 199 199 199 199 199 199 199 199 199 199 199 
Weight factor: 0.8
Crossover rate: 0.9
Max iteration: 6000
Best solution: 
[101, 64, 57, 46, 130, 177, 182, 96, 22, 173, 92, 111, 141, 148, 179, 59, 180, 99, 73, 34, 20, 26, 16, 155, 30, 153, 100, 68, 12, 176, 125, 41, 194, 195, 62, 197, 147, 66, 172, 188, 161, 170, 95, 189, 143, 137, 38, 55, 44, 15, 146, 18, 165, 136, 131, 183, 134, 7, 17, 61, 6, 105, 76, 159, 2, 175, 48, 118, 31, 77, 132, 150, 162, 166, 121, 83, 50, 24, 75, 35, 87, 86, 53, 90, 97, 126, 187, 4, 152, 138, 9, 163, 58, 56, 71, 13, 40, 52, 63, 133, 36, 135, 79, 164, 156, 78, 191, 140, 43, 103, 45, 54, 157, 81, 89, 108, 149, 106, 28, 107, 174, 14, 112, 144, 80, 128, 33, 74, 27, 11, 88, 65, 145, 109, 185, 168, 10, 8, 94, 84, 167, 119, 127, 25, 117, 23, 102, 72, 178, 29, 93, 21, 186, 151, 85, 0, 104, 190, 139, 184, 114, 160, 115, 196, 67, 171, 49, 193, 129, 42, 122, 69, 113, 120, 142, 70, 5, 123, 91, 1, 158, 51, 37, 192, 98, 181, 110, 82, 124, 60, 3, 154, 116, 198, 199, 39, 19, 47, 32, 169, ]
Best fitness: 7.87462
SEED: 11702

Solution Bins: 
Bin Number: 46
89276 97006 77414 97856 95897 90064 92088 98448 96622 94274 88490 91360 96900 98616 87633 90979 94259 94371 90488 82396 82778 84368 97412 82723 96180 91331 81572 84030 82610 87688 96396 94928 92098 85183 91044 95058 87890 93743 99383 77779 83073 90331 89629 97135 91292 98958 
Elapsed time: 108 s
----------------------------------------

Population size: 600
Problem dimension: 200
Lower bound: 
0 0 0 0 0 0 0 0 0 0 0 0 0 0 0 0 0 0 0 0 0 0 0 0 0 0 0 0 0 0 0 0 0 0 0 0 0 0 0 0 0 0 0 0 0 0 0 0 0 0 0 0 0 0 0 0 0 0 0 0 0 0 0 0 0 0 0 0 0 0 0 0 0 0 0 0 0 0 0 0 0 0 0 0 0 0 0 0 0 0 0 0 0 0 0 0 0 0 0 0 0 0 0 0 0 0 0 0 0 0 0 0 0 0 0 0 0 0 0 0 0 0 0 0 0 0 0 0 0 0 0 0 0 0 0 0 0 0 0 0 0 0 0 0 0 0 0 0 0 0 0 0 0 0 0 0 0 0 0 0 0 0 0 0 0 0 0 0 0 0 0 0 0 0 0 0 0 0 0 0 0 0 0 0 0 0 0 0 0 0 0 0 0 0 0 0 0 0 0 0 
Upper bound: 
199 199 199 199 199 199 199 199 199 199 199 199 199 199 199 199 199 199 199 199 199 199 199 199 199 199 199 199 199 199 199 199 199 199 199 199 199 199 199 199 199 199 199 199 199 199 199 199 199 199 199 199 199 199 199 199 199 199 199 199 199 199 199 199 199 199 199 199 199 199 199 199 199 199 199 199 199 199 199 199 199 199 199 199 199 199 199 199 199 199 199 199 199 199 199 199 199 199 199 199 199 199 199 199 199 199 199 199 199 199 199 199 199 199 199 199 199 199 199 199 199 199 199 199 199 199 199 199 199 199 199 199 199 199 199 199 199 199 199 199 199 199 199 199 199 199 199 199 199 199 199 199 199 199 199 199 199 199 199 199 199 199 199 199 199 199 199 199 199 199 199 199 199 199 199 199 199 199 199 199 199 199 199 199 199 199 199 199 199 199 199 199 199 199 199 199 199 199 199 199 
Weight factor: 0.8
Crossover rate: 0.9
Max iteration: 6000
Best solution: 
[22, 116, 66, 127, 70, 12, 26, 55, 69, 100, 75, 68, 184, 95, 149, 165, 74, 20, 169, 188, 178, 79, 9, 168, 80, 29, 48, 126, 33, 58, 3, 76, 145, 86, 83, 171, 5, 18, 144, 125, 155, 177, 174, 62, 85, 1, 44, 160, 142, 139, 140, 191, 121, 135, 88, 136, 8, 16, 91, 108, 90, 164, 0, 124, 81, 42, 6, 24, 63, 27, 105, 71, 161, 107, 103, 14, 23, 198, 28, 49, 72, 197, 97, 193, 73, 41, 4, 106, 56, 154, 143, 112, 190, 192, 36, 115, 133, 61, 157, 146, 60, 31, 195, 54, 182, 181, 11, 141, 167, 194, 43, 137, 52, 99, 2, 40, 15, 173, 38, 17, 102, 185, 35, 170, 82, 162, 159, 186, 128, 13, 57, 64, 129, 25, 176, 96, 183, 189, 94, 10, 47, 117, 166, 118, 147, 84, 152, 199, 175, 53, 51, 151, 39, 153, 156, 93, 34, 59, 67, 50, 21, 32, 180, 131, 45, 163, 92, 123, 7, 172, 110, 19, 30, 130, 111, 134, 109, 179, 187, 119, 98, 78, 150, 158, 89, 77, 138, 132, 87, 46, 114, 65, 104, 120, 196, 148, 37, 122, 101, 113, ]
Best fitness: 8.32378
SEED: 4168

Solution Bins: 
Bin Number: 46
90264 97273 87666 96141 98574 86043 89918 88525 85957 95107 94906 96937 80137 96691 86373 95583 91010 77531 86585 98654 93470 95477 84232 77872 94647 99273 94208 88205 81575 96447 95341 83410 83661 99293 96611 79323 91777 97915 79727 82524 91962 94973 81355 83389 87477 98015 
Elapsed time: 107 s
----------------------------------------

Population size: 600
Problem dimension: 200
Lower bound: 
0 0 0 0 0 0 0 0 0 0 0 0 0 0 0 0 0 0 0 0 0 0 0 0 0 0 0 0 0 0 0 0 0 0 0 0 0 0 0 0 0 0 0 0 0 0 0 0 0 0 0 0 0 0 0 0 0 0 0 0 0 0 0 0 0 0 0 0 0 0 0 0 0 0 0 0 0 0 0 0 0 0 0 0 0 0 0 0 0 0 0 0 0 0 0 0 0 0 0 0 0 0 0 0 0 0 0 0 0 0 0 0 0 0 0 0 0 0 0 0 0 0 0 0 0 0 0 0 0 0 0 0 0 0 0 0 0 0 0 0 0 0 0 0 0 0 0 0 0 0 0 0 0 0 0 0 0 0 0 0 0 0 0 0 0 0 0 0 0 0 0 0 0 0 0 0 0 0 0 0 0 0 0 0 0 0 0 0 0 0 0 0 0 0 0 0 0 0 0 0 
Upper bound: 
199 199 199 199 199 199 199 199 199 199 199 199 199 199 199 199 199 199 199 199 199 199 199 199 199 199 199 199 199 199 199 199 199 199 199 199 199 199 199 199 199 199 199 199 199 199 199 199 199 199 199 199 199 199 199 199 199 199 199 199 199 199 199 199 199 199 199 199 199 199 199 199 199 199 199 199 199 199 199 199 199 199 199 199 199 199 199 199 199 199 199 199 199 199 199 199 199 199 199 199 199 199 199 199 199 199 199 199 199 199 199 199 199 199 199 199 199 199 199 199 199 199 199 199 199 199 199 199 199 199 199 199 199 199 199 199 199 199 199 199 199 199 199 199 199 199 199 199 199 199 199 199 199 199 199 199 199 199 199 199 199 199 199 199 199 199 199 199 199 199 199 199 199 199 199 199 199 199 199 199 199 199 199 199 199 199 199 199 199 199 199 199 199 199 199 199 199 199 199 199 
Weight factor: 0.8
Crossover rate: 0.9
Max iteration: 6000
Best solution: 
[109, 143, 151, 166, 11, 49, 6, 53, 14, 168, 183, 46, 149, 123, 12, 118, 128, 193, 191, 94, 129, 131, 30, 91, 34, 20, 146, 22, 176, 40, 115, 56, 135, 175, 74, 185, 59, 158, 54, 17, 192, 177, 187, 51, 48, 125, 119, 104, 169, 87, 15, 88, 38, 139, 99, 162, 13, 39, 60, 4, 65, 144, 43, 95, 69, 23, 138, 130, 142, 29, 93, 57, 155, 127, 181, 178, 44, 97, 2, 161, 132, 50, 26, 145, 172, 9, 70, 86, 173, 7, 55, 10, 92, 71, 85, 108, 180, 160, 134, 100, 159, 167, 194, 120, 106, 150, 42, 152, 58, 90, 68, 102, 163, 147, 137, 77, 198, 8, 133, 103, 0, 1, 117, 62, 73, 45, 141, 24, 188, 75, 195, 116, 121, 80, 107, 171, 190, 170, 21, 61, 35, 105, 31, 154, 19, 148, 32, 36, 25, 27, 72, 81, 18, 197, 124, 67, 96, 153, 114, 47, 89, 84, 165, 184, 113, 140, 182, 122, 76, 112, 98, 82, 189, 174, 111, 41, 101, 179, 157, 126, 63, 136, 5, 16, 78, 66, 64, 110, 156, 164, 3, 83, 33, 52, 79, 186, 37, 28, 196, 199, ]
Best fitness: 7.73924
SEED: 12804

Solution Bins: 
Bin Number: 46
97486 97123 99397 86014 99950 94718 87323 77998 75203 97325 83704 85053 85131 96931 86476 88233 86040 92072 85654 89147 93249 99777 86268 99177 97700 83054 99196 79666 96412 86152 97785 99513 96688 89889 98480 92905 84631 87269 95353 82567 99191 98327 93085 87719 86566 82081 
Elapsed time: 108 s
----------------------------------------

Population size: 600
Problem dimension: 200
Lower bound: 
0 0 0 0 0 0 0 0 0 0 0 0 0 0 0 0 0 0 0 0 0 0 0 0 0 0 0 0 0 0 0 0 0 0 0 0 0 0 0 0 0 0 0 0 0 0 0 0 0 0 0 0 0 0 0 0 0 0 0 0 0 0 0 0 0 0 0 0 0 0 0 0 0 0 0 0 0 0 0 0 0 0 0 0 0 0 0 0 0 0 0 0 0 0 0 0 0 0 0 0 0 0 0 0 0 0 0 0 0 0 0 0 0 0 0 0 0 0 0 0 0 0 0 0 0 0 0 0 0 0 0 0 0 0 0 0 0 0 0 0 0 0 0 0 0 0 0 0 0 0 0 0 0 0 0 0 0 0 0 0 0 0 0 0 0 0 0 0 0 0 0 0 0 0 0 0 0 0 0 0 0 0 0 0 0 0 0 0 0 0 0 0 0 0 0 0 0 0 0 0 
Upper bound: 
199 199 199 199 199 199 199 199 199 199 199 199 199 199 199 199 199 199 199 199 199 199 199 199 199 199 199 199 199 199 199 199 199 199 199 199 199 199 199 199 199 199 199 199 199 199 199 199 199 199 199 199 199 199 199 199 199 199 199 199 199 199 199 199 199 199 199 199 199 199 199 199 199 199 199 199 199 199 199 199 199 199 199 199 199 199 199 199 199 199 199 199 199 199 199 199 199 199 199 199 199 199 199 199 199 199 199 199 199 199 199 199 199 199 199 199 199 199 199 199 199 199 199 199 199 199 199 199 199 199 199 199 199 199 199 199 199 199 199 199 199 199 199 199 199 199 199 199 199 199 199 199 199 199 199 199 199 199 199 199 199 199 199 199 199 199 199 199 199 199 199 199 199 199 199 199 199 199 199 199 199 199 199 199 199 199 199 199 199 199 199 199 199 199 199 199 199 199 199 199 
Weight factor: 0.8
Crossover rate: 0.9
Max iteration: 6000
Best solution: 
[23, 143, 5, 112, 114, 15, 117, 173, 38, 129, 65, 54, 113, 127, 155, 146, 145, 18, 153, 70, 0, 89, 187, 178, 158, 190, 189, 110, 6, 156, 100, 85, 8, 62, 132, 185, 84, 149, 71, 57, 180, 135, 20, 105, 150, 32, 94, 119, 118, 140, 196, 75, 160, 53, 133, 107, 36, 43, 25, 139, 26, 97, 164, 96, 86, 60, 49, 79, 90, 181, 188, 103, 42, 47, 144, 131, 66, 51, 17, 31, 83, 167, 177, 44, 142, 82, 1, 77, 175, 68, 29, 33, 179, 124, 141, 199, 147, 130, 56, 104, 115, 92, 74, 176, 4, 69, 41, 3, 61, 108, 192, 126, 123, 171, 194, 39, 166, 30, 121, 12, 122, 16, 22, 72, 50, 80, 161, 98, 111, 186, 154, 162, 137, 174, 101, 183, 152, 37, 120, 78, 136, 45, 73, 95, 35, 28, 21, 46, 11, 55, 81, 7, 52, 10, 87, 2, 195, 24, 58, 9, 169, 19, 172, 99, 102, 163, 148, 165, 116, 157, 27, 59, 88, 168, 93, 7, 159, 48, 182, 191, 197, 14, 63, 134, 91, 13, 106, 76, 151, 40, 109, 34, 67, 138, 198, 128, 193, 64, 170, 125, ]
Best fitness: 8.73425
SEED: 23146

Solution Bins: 
Bin Number: 47
92208 87002 88133 99602 87015 94925 82156 91555 99837 77557 83809 97804 79418 97537 83914 91295 99139 81310 98085 76001 94007 95885 94485 85091 86045 97085 94478 87726 93909 90873 99477 96268 88254 89950 98351 94910 98116 98446 83744 95496 92859 85951 96271 87698 85331 87643 98711 
Elapsed time: 107 s
----------------------------------------

Population size: 600
Problem dimension: 200
Lower bound: 
0 0 0 0 0 0 0 0 0 0 0 0 0 0 0 0 0 0 0 0 0 0 0 0 0 0 0 0 0 0 0 0 0 0 0 0 0 0 0 0 0 0 0 0 0 0 0 0 0 0 0 0 0 0 0 0 0 0 0 0 0 0 0 0 0 0 0 0 0 0 0 0 0 0 0 0 0 0 0 0 0 0 0 0 0 0 0 0 0 0 0 0 0 0 0 0 0 0 0 0 0 0 0 0 0 0 0 0 0 0 0 0 0 0 0 0 0 0 0 0 0 0 0 0 0 0 0 0 0 0 0 0 0 0 0 0 0 0 0 0 0 0 0 0 0 0 0 0 0 0 0 0 0 0 0 0 0 0 0 0 0 0 0 0 0 0 0 0 0 0 0 0 0 0 0 0 0 0 0 0 0 0 0 0 0 0 0 0 0 0 0 0 0 0 0 0 0 0 0 0 
Upper bound: 
199 199 199 199 199 199 199 199 199 199 199 199 199 199 199 199 199 199 199 199 199 199 199 199 199 199 199 199 199 199 199 199 199 199 199 199 199 199 199 199 199 199 199 199 199 199 199 199 199 199 199 199 199 199 199 199 199 199 199 199 199 199 199 199 199 199 199 199 199 199 199 199 199 199 199 199 199 199 199 199 199 199 199 199 199 199 199 199 199 199 199 199 199 199 199 199 199 199 199 199 199 199 199 199 199 199 199 199 199 199 199 199 199 199 199 199 199 199 199 199 199 199 199 199 199 199 199 199 199 199 199 199 199 199 199 199 199 199 199 199 199 199 199 199 199 199 199 199 199 199 199 199 199 199 199 199 199 199 199 199 199 199 199 199 199 199 199 199 199 199 199 199 199 199 199 199 199 199 199 199 199 199 199 199 199 199 199 199 199 199 199 199 199 199 199 199 199 199 199 199 
Weight factor: 0.8
Crossover rate: 0.9
Max iteration: 6000
Best solution: 
[125, 65, 12, 42, 198, 189, 131, 32, 173, 179, 141, 160, 77, 86, 78, 26, 39, 190, 102, 99, 43, 157, 90, 126, 71, 79, 140, 20, 113, 186, 56, 54, 111, 22, 69, 158, 19, 101, 124, 59, 33, 107, 138, 24, 17, 123, 162, 16, 76, 62, 52, 51, 114, 172, 139, 64, 81, 58, 95, 116, 14, 187, 167, 117, 177, 155, 49, 98, 192, 170, 89, 153, 163, 108, 136, 195, 191, 60, 82, 25, 30, 55, 106, 92, 94, 87, 57, 88, 156, 120, 100, 183, 152, 169, 2, 6, 121, 147, 128, 196, 75, 150, 70, 182, 27, 193, 4, 41, 13, 199, 112, 115, 34, 7, 134, 129, 137, 133, 168, 35, 9, 161, 74, 73, 104, 44, 122, 63, 21, 10, 135, 148, 188, 146, 143, 84, 171, 197, 151, 194, 23, 0, 164, 185, 149, 130, 119, 37, 85, 159, 46, 8, 184, 15, 38, 1, 50, 28, 142, 48, 105, 166, 36, 178, 96, 31, 47, 180, 181, 154, 45, 72, 18, 118, 66, 175, 127, 83, 3, 144, 109, 29, 165, 174, 110, 80, 91, 53, 40, 67, 97, 176, 145, 68, 11, 61, 93, 5, 103, 132, ]
Best fitness: 8.25408
SEED: 14999

Solution Bins: 
Bin Number: 47
90087 99221 98860 95125 87584 84257 84976 89026 86704 89545 91873 86098 89630 84705 88685 93987 99839 95035 93368 86863 88833 99148 95282 99372 75164 85815 93426 97960 86811 85467 92899 98837 97688 93168 84844 89530 99570 81310 82896 98293 90416 89509 82508 84946 90424 88674 90565 
Elapsed time: 106 s
----------------------------------------

Population size: 600
Problem dimension: 200
Lower bound: 
0 0 0 0 0 0 0 0 0 0 0 0 0 0 0 0 0 0 0 0 0 0 0 0 0 0 0 0 0 0 0 0 0 0 0 0 0 0 0 0 0 0 0 0 0 0 0 0 0 0 0 0 0 0 0 0 0 0 0 0 0 0 0 0 0 0 0 0 0 0 0 0 0 0 0 0 0 0 0 0 0 0 0 0 0 0 0 0 0 0 0 0 0 0 0 0 0 0 0 0 0 0 0 0 0 0 0 0 0 0 0 0 0 0 0 0 0 0 0 0 0 0 0 0 0 0 0 0 0 0 0 0 0 0 0 0 0 0 0 0 0 0 0 0 0 0 0 0 0 0 0 0 0 0 0 0 0 0 0 0 0 0 0 0 0 0 0 0 0 0 0 0 0 0 0 0 0 0 0 0 0 0 0 0 0 0 0 0 0 0 0 0 0 0 0 0 0 0 0 0 
Upper bound: 
199 199 199 199 199 199 199 199 199 199 199 199 199 199 199 199 199 199 199 199 199 199 199 199 199 199 199 199 199 199 199 199 199 199 199 199 199 199 199 199 199 199 199 199 199 199 199 199 199 199 199 199 199 199 199 199 199 199 199 199 199 199 199 199 199 199 199 199 199 199 199 199 199 199 199 199 199 199 199 199 199 199 199 199 199 199 199 199 199 199 199 199 199 199 199 199 199 199 199 199 199 199 199 199 199 199 199 199 199 199 199 199 199 199 199 199 199 199 199 199 199 199 199 199 199 199 199 199 199 199 199 199 199 199 199 199 199 199 199 199 199 199 199 199 199 199 199 199 199 199 199 199 199 199 199 199 199 199 199 199 199 199 199 199 199 199 199 199 199 199 199 199 199 199 199 199 199 199 199 199 199 199 199 199 199 199 199 199 199 199 199 199 199 199 199 199 199 199 199 199 
Weight factor: 0.8
Crossover rate: 0.9
Max iteration: 6000
Best solution: 
[94, 88, 99, 96, 185, 130, 187, 19, 166, 199, 42, 191, 143, 117, 37, 61, 89, 18, 158, 107, 76, 92, 170, 111, 182, 80, 67, 154, 68, 181, 136, 144, 35, 174, 59, 23, 162, 95, 135, 131, 147, 183, 52, 63, 26, 72, 176, 10, 139, 2, 77, 134, 20, 145, 168, 48, 31, 110, 149, 60, 44, 163, 124, 155, 51, 175, 193, 25, 108, 156, 15, 190, 159, 39, 120, 167, 69, 28, 3, 153, 85, 17, 93, 115, 65, 114, 105, 83, 129, 138, 140, 152, 90, 146, 21, 5, 102, 24, 91, 101, 74, 161, 119, 49, 178, 122, 160, 113, 196, 133, 128, 177, 141, 103, 171, 172, 46, 70, 71, 43, 36, 41, 127, 16, 78, 7, 198, 57, 4, 32, 157, 8, 194, 50, 64, 195, 179, 137, 100, 38, 104, 62, 11, 6, 86, 126, 14, 106, 169, 75, 165, 118, 30, 9, 81, 150, 55, 13, 87, 33, 45, 40, 112, 1, 173, 197, 151, 22, 116, 123, 47, 132, 186, 180, 148, 125, 184, 164, 34, 109, 27, 121, 189, 82, 84, 66, 58, 54, 97, 79, 73, 0, 142, 98, 56, 12, 188, 53, 192, 29, ]
Best fitness: 8.95768
SEED: 18273

Solution Bins: 
Bin Number: 47
85365 67951 95043 89517 83837 99110 83784 81787 86843 95751 93750 93921 82962 91404 85121 97310 84169 81731 97586 91476 84283 98383 91814 89891 80738 96225 99525 83907 96127 97622 98144 86347 94970 92437 88348 74523 96662 94110 90664 99278 82996 92578 92683 79715 90037 89332 86136 
Elapsed time: 107 s
----------------------------------------

Population size: 600
Problem dimension: 200
Lower bound: 
0 0 0 0 0 0 0 0 0 0 0 0 0 0 0 0 0 0 0 0 0 0 0 0 0 0 0 0 0 0 0 0 0 0 0 0 0 0 0 0 0 0 0 0 0 0 0 0 0 0 0 0 0 0 0 0 0 0 0 0 0 0 0 0 0 0 0 0 0 0 0 0 0 0 0 0 0 0 0 0 0 0 0 0 0 0 0 0 0 0 0 0 0 0 0 0 0 0 0 0 0 0 0 0 0 0 0 0 0 0 0 0 0 0 0 0 0 0 0 0 0 0 0 0 0 0 0 0 0 0 0 0 0 0 0 0 0 0 0 0 0 0 0 0 0 0 0 0 0 0 0 0 0 0 0 0 0 0 0 0 0 0 0 0 0 0 0 0 0 0 0 0 0 0 0 0 0 0 0 0 0 0 0 0 0 0 0 0 0 0 0 0 0 0 0 0 0 0 0 0 
Upper bound: 
199 199 199 199 199 199 199 199 199 199 199 199 199 199 199 199 199 199 199 199 199 199 199 199 199 199 199 199 199 199 199 199 199 199 199 199 199 199 199 199 199 199 199 199 199 199 199 199 199 199 199 199 199 199 199 199 199 199 199 199 199 199 199 199 199 199 199 199 199 199 199 199 199 199 199 199 199 199 199 199 199 199 199 199 199 199 199 199 199 199 199 199 199 199 199 199 199 199 199 199 199 199 199 199 199 199 199 199 199 199 199 199 199 199 199 199 199 199 199 199 199 199 199 199 199 199 199 199 199 199 199 199 199 199 199 199 199 199 199 199 199 199 199 199 199 199 199 199 199 199 199 199 199 199 199 199 199 199 199 199 199 199 199 199 199 199 199 199 199 199 199 199 199 199 199 199 199 199 199 199 199 199 199 199 199 199 199 199 199 199 199 199 199 199 199 199 199 199 199 199 
Weight factor: 0.8
Crossover rate: 0.9
Max iteration: 6000
Best solution: 
[139, 25, 177, 159, 167, 161, 194, 54, 12, 14, 97, 66, 49, 46, 158, 30, 174, 61, 56, 35, 19, 70, 107, 101, 38, 196, 197, 29, 133, 6, 18, 80, 90, 62, 154, 65, 59, 122, 186, 146, 51, 171, 10, 27, 88, 172, 156, 48, 163, 130, 150, 115, 108, 1, 134, 74, 162, 55, 58, 132, 4, 13, 169, 166, 52, 149, 72, 9, 77, 120, 71, 182, 102, 125, 155, 123, 39, 34, 124, 110, 69, 199, 129, 190, 32, 176, 164, 189, 11, 83, 113, 84, 191, 86, 116, 79, 183, 192, 76, 173, 106, 41, 89, 148, 152, 92, 157, 68, 0, 78, 144, 57, 117, 137, 128, 127, 121, 87, 50, 99, 22, 40, 17, 28, 42, 45, 118, 105, 3, 114, 85, 33, 195, 93, 82, 187, 126, 119, 8, 15, 67, 184, 136, 165, 73, 153, 37, 104, 5, 31, 145, 181, 131, 175, 168, 23, 151, 160, 170, 47, 63, 140, 147, 36, 26, 103, 142, 44, 2, 75, 111, 135, 64, 96, 100, 41, 53, 43, 91, 7, 21, 81, 179, 138, 95, 185, 141, 109, 16, 60, 24, 98, 143, 198, 188, 180, 94, 178, 112, 20, ]
Best fitness: 8.84438
SEED: 11455

Solution Bins: 
Bin Number: 46
79814 96808 92204 87875 94136 84908 98791 91837 84486 98890 84294 79630 88559 83643 93715 77695 90239 98325 90860 96243 99611 76876 98138 81045 99144 88843 76926 86691 99169 90094 90610 99553 94501 98735 94260 93104 79991 86890 93408 96441 83901 94901 97275 99082 97814 87271 
Elapsed time: 106 s
----------------------------------------

Population size: 600
Problem dimension: 200
Lower bound: 
0 0 0 0 0 0 0 0 0 0 0 0 0 0 0 0 0 0 0 0 0 0 0 0 0 0 0 0 0 0 0 0 0 0 0 0 0 0 0 0 0 0 0 0 0 0 0 0 0 0 0 0 0 0 0 0 0 0 0 0 0 0 0 0 0 0 0 0 0 0 0 0 0 0 0 0 0 0 0 0 0 0 0 0 0 0 0 0 0 0 0 0 0 0 0 0 0 0 0 0 0 0 0 0 0 0 0 0 0 0 0 0 0 0 0 0 0 0 0 0 0 0 0 0 0 0 0 0 0 0 0 0 0 0 0 0 0 0 0 0 0 0 0 0 0 0 0 0 0 0 0 0 0 0 0 0 0 0 0 0 0 0 0 0 0 0 0 0 0 0 0 0 0 0 0 0 0 0 0 0 0 0 0 0 0 0 0 0 0 0 0 0 0 0 0 0 0 0 0 0 
Upper bound: 
199 199 199 199 199 199 199 199 199 199 199 199 199 199 199 199 199 199 199 199 199 199 199 199 199 199 199 199 199 199 199 199 199 199 199 199 199 199 199 199 199 199 199 199 199 199 199 199 199 199 199 199 199 199 199 199 199 199 199 199 199 199 199 199 199 199 199 199 199 199 199 199 199 199 199 199 199 199 199 199 199 199 199 199 199 199 199 199 199 199 199 199 199 199 199 199 199 199 199 199 199 199 199 199 199 199 199 199 199 199 199 199 199 199 199 199 199 199 199 199 199 199 199 199 199 199 199 199 199 199 199 199 199 199 199 199 199 199 199 199 199 199 199 199 199 199 199 199 199 199 199 199 199 199 199 199 199 199 199 199 199 199 199 199 199 199 199 199 199 199 199 199 199 199 199 199 199 199 199 199 199 199 199 199 199 199 199 199 199 199 199 199 199 199 199 199 199 199 199 199 
Weight factor: 0.8
Crossover rate: 0.9
Max iteration: 6000
Best solution: 
[167, 53, 31, 170, 133, 128, 166, 115, 174, 73, 114, 36, 56, 66, 163, 139, 8, 169, 152, 125, 140, 101, 182, 154, 127, 79, 43, 124, 156, 146, 122, 147, 44, 23, 69, 155, 84, 64, 185, 88, 11, 77, 95, 99, 51, 12, 63, 195, 16, 26, 59, 71, 150, 188, 61, 172, 94, 153, 14, 100, 189, 21, 104, 41, 32, 186, 92, 42, 39, 33, 70, 46, 3, 87, 54, 196, 112, 173, 20, 13, 141, 47, 15, 158, 60, 123, 55, 86, 5, 89, 168, 134, 199, 102, 0, 151, 105, 74, 103, 161, 18, 164, 80, 19, 118, 194, 9, 52, 119, 131, 82, 126, 28, 108, 136, 4, 40, 45, 165, 181, 78, 145, 191, 34, 142, 27, 85, 120, 17, 106, 159, 135, 190, 157, 93, 148, 197, 35, 38, 76, 183, 129, 37, 193, 49, 178, 68, 171, 97, 117, 67, 6, 144, 29, 24, 58, 116, 50, 130, 107, 65, 175, 137, 111, 138, 162, 10, 198, 180, 179, 22, 7, 149, 72, 57, 2, 1, 176, 121, 62, 75, 30, 25, 48, 113, 132, 98, 96, 81, 83, 109, 160, 192, 143, 91, 184, 177, 187, 110, 90, ]
Best fitness: 7.90086
SEED: 24162

Solution Bins: 
Bin Number: 46
86506 99775 88955 77715 96056 99919 99395 95229 81175 92287 96191 97765 97715 85189 92924 81610 94503 80505 89534 88613 86212 96360 85804 84079 89469 92054 87976 91540 97884 90224 87100 97659 85088 99766 73980 91061 97163 84080 98572 97660 88036 91603 93352 83720 87153 96790 
Elapsed time: 107 s
----------------------------------------

Population size: 600
Problem dimension: 200
Lower bound: 
0 0 0 0 0 0 0 0 0 0 0 0 0 0 0 0 0 0 0 0 0 0 0 0 0 0 0 0 0 0 0 0 0 0 0 0 0 0 0 0 0 0 0 0 0 0 0 0 0 0 0 0 0 0 0 0 0 0 0 0 0 0 0 0 0 0 0 0 0 0 0 0 0 0 0 0 0 0 0 0 0 0 0 0 0 0 0 0 0 0 0 0 0 0 0 0 0 0 0 0 0 0 0 0 0 0 0 0 0 0 0 0 0 0 0 0 0 0 0 0 0 0 0 0 0 0 0 0 0 0 0 0 0 0 0 0 0 0 0 0 0 0 0 0 0 0 0 0 0 0 0 0 0 0 0 0 0 0 0 0 0 0 0 0 0 0 0 0 0 0 0 0 0 0 0 0 0 0 0 0 0 0 0 0 0 0 0 0 0 0 0 0 0 0 0 0 0 0 0 0 
Upper bound: 
199 199 199 199 199 199 199 199 199 199 199 199 199 199 199 199 199 199 199 199 199 199 199 199 199 199 199 199 199 199 199 199 199 199 199 199 199 199 199 199 199 199 199 199 199 199 199 199 199 199 199 199 199 199 199 199 199 199 199 199 199 199 199 199 199 199 199 199 199 199 199 199 199 199 199 199 199 199 199 199 199 199 199 199 199 199 199 199 199 199 199 199 199 199 199 199 199 199 199 199 199 199 199 199 199 199 199 199 199 199 199 199 199 199 199 199 199 199 199 199 199 199 199 199 199 199 199 199 199 199 199 199 199 199 199 199 199 199 199 199 199 199 199 199 199 199 199 199 199 199 199 199 199 199 199 199 199 199 199 199 199 199 199 199 199 199 199 199 199 199 199 199 199 199 199 199 199 199 199 199 199 199 199 199 199 199 199 199 199 199 199 199 199 199 199 199 199 199 199 199 
Weight factor: 0.8
Crossover rate: 0.9
Max iteration: 6000
Best solution: 
[22, 168, 63, 43, 145, 0, 184, 15, 53, 35, 30, 189, 41, 92, 74, 25, 9, 96, 165, 91, 40, 52, 73, 178, 157, 176, 114, 112, 116, 94, 55, 11, 135, 86, 31, 124, 119, 105, 129, 8, 118, 102, 45, 54, 126, 120, 122, 57, 3, 172, 37, 146, 197, 58, 156, 107, 100, 181, 127, 26, 99, 46, 82, 34, 81, 78, 180, 47, 5, 32, 110, 182, 98, 131, 144, 163, 7, 56, 59, 142, 60, 23, 72, 111, 64, 130, 77, 36, 104, 65, 14, 69, 76, 89, 95, 42, 12, 16, 50, 93, 141, 158, 198, 160, 140, 191, 87, 169, 101, 49, 17, 18, 2, 97, 117, 155, 188, 21, 88, 152, 154, 179, 175, 149, 133, 151, 139, 113, 62, 109, 1, 121, 159, 166, 167, 199, 80, 70, 173, 66, 79, 85, 61, 138, 24, 103, 194, 108, 164, 67, 137, 174, 183, 134, 75, 48, 161, 44, 29, 162, 195, 192, 27, 4, 190, 185, 106, 84, 136, 132, 128, 13, 150, 177, 83, 147, 19, 28, 153, 193, 20, 71, 33, 148, 90, 38, 6, 186, 125, 68, 170, 39, 171, 10, 115, 143, 187, 51, 123, 196, ]
Best fitness: 8.09517
SEED: 21881

Solution Bins: 
Bin Number: 46
86373 80696 96653 90178 85136 93283 98583 93893 87929 86973 90729 83310 98737 99862 93026 91496 98782 99168 96050 93969 85567 91667 86915 99386 90838 99837 67273 98987 97484 97452 92575 88015 82320 84805 97782 93507 86197 96988 98642 84753 75042 76960 86570 87896 84633 85315 
Elapsed time: 106 s
----------------------------------------

