Population size: 600
Problem dimension: 50
Lower bound: 
0 0 0 0 0 0 0 0 0 0 0 0 0 0 0 0 0 0 0 0 0 0 0 0 0 0 0 0 0 0 0 0 0 0 0 0 0 0 0 0 0 0 0 0 0 0 0 0 0 0 
Upper bound: 
49 49 49 49 49 49 49 49 49 49 49 49 49 49 49 49 49 49 49 49 49 49 49 49 49 49 49 49 49 49 49 49 49 49 49 49 49 49 49 49 49 49 49 49 49 49 49 49 49 49 
Weight factor: 0.8
Crossover rate: 0.9
Max iteration: 6000
Best solution: 
[22, 43, 17, 49, 15, 4, 1, 39, 10, 33, 7, 46, 12, 25, 8, 32, 29, 27, 9, 11, 20, 48, 28, 3, 47, 35, 42, 23, 14, 24, 44, 13, 26, 16, 41, 5, 34, 0, 40, 21, 18, 38, 45, 2, 36, 6, 19, 31, 37, 30, ]
Best fitness: 1.09458
SEED: 30881

Solution Bins: 
Bin Number: 13
998 755 996 996 980 1000 979 710 1000 996 997 990 983 
Elapsed time: 35 s
----------------------------------------

Population size: 600
Problem dimension: 50
Lower bound: 
0 0 0 0 0 0 0 0 0 0 0 0 0 0 0 0 0 0 0 0 0 0 0 0 0 0 0 0 0 0 0 0 0 0 0 0 0 0 0 0 0 0 0 0 0 0 0 0 0 0 
Upper bound: 
49 49 49 49 49 49 49 49 49 49 49 49 49 49 49 49 49 49 49 49 49 49 49 49 49 49 49 49 49 49 49 49 49 49 49 49 49 49 49 49 49 49 49 49 49 49 49 49 49 49 
Weight factor: 0.8
Crossover rate: 0.9
Max iteration: 6000
Best solution: 
[37, 22, 20, 17, 38, 15, 29, 9, 5, 49, 25, 47, 19, 27, 32, 26, 24, 14, 46, 36, 43, 12, 28, 7, 6, 0, 18, 23, 21, 35, 33, 2, 10, 16, 34, 41, 11, 44, 13, 30, 40, 4, 39, 1, 42, 3, 45, 8, 31, 48, ]
Best fitness: 0.891391
SEED: 12428

Solution Bins: 
Bin Number: 13
996 995 999 1000 993 1000 783 998 774 986 996 989 996 
Elapsed time: 35 s
----------------------------------------

Population size: 600
Problem dimension: 50
Lower bound: 
0 0 0 0 0 0 0 0 0 0 0 0 0 0 0 0 0 0 0 0 0 0 0 0 0 0 0 0 0 0 0 0 0 0 0 0 0 0 0 0 0 0 0 0 0 0 0 0 0 0 
Upper bound: 
49 49 49 49 49 49 49 49 49 49 49 49 49 49 49 49 49 49 49 49 49 49 49 49 49 49 49 49 49 49 49 49 49 49 49 49 49 49 49 49 49 49 49 49 49 49 49 49 49 49 
Weight factor: 0.8
Crossover rate: 0.9
Max iteration: 6000
Best solution: 
[39, 8, 49, 19, 10, 30, 46, 21, 12, 17, 0, 40, 29, 14, 42, 37, 27, 16, 6, 33, 26, 22, 7, 28, 31, 24, 11, 20, 48, 15, 25, 4, 38, 43, 3, 32, 2, 45, 9, 35, 13, 34, 18, 5, 47, 36, 23, 1, 41, 44, ]
Best fitness: 0.709377
SEED: 13458

Solution Bins: 
Bin Number: 12
958 993 736 995 999 995 997 986 984 997 992 977 
Elapsed time: 35 s
----------------------------------------

Population size: 600
Problem dimension: 50
Lower bound: 
0 0 0 0 0 0 0 0 0 0 0 0 0 0 0 0 0 0 0 0 0 0 0 0 0 0 0 0 0 0 0 0 0 0 0 0 0 0 0 0 0 0 0 0 0 0 0 0 0 0 
Upper bound: 
49 49 49 49 49 49 49 49 49 49 49 49 49 49 49 49 49 49 49 49 49 49 49 49 49 49 49 49 49 49 49 49 49 49 49 49 49 49 49 49 49 49 49 49 49 49 49 49 49 49 
Weight factor: 0.8
Crossover rate: 0.9
Max iteration: 6000
Best solution: 
[44, 7, 38, 17, 36, 11, 37, 48, 0, 3, 1, 31, 15, 43, 21, 18, 35, 27, 4, 32, 41, 8, 29, 34, 39, 6, 23, 33, 46, 2, 28, 12, 45, 26, 49, 19, 14, 10, 16, 22, 42, 5, 20, 30, 40, 24, 25, 13, 47, 9, ]
Best fitness: 1.07082
SEED: 13661

Solution Bins: 
Bin Number: 13
978 995 786 986 997 996 999 995 997 718 999 971 984 
Elapsed time: 35 s
----------------------------------------

Population size: 600
Problem dimension: 50
Lower bound: 
0 0 0 0 0 0 0 0 0 0 0 0 0 0 0 0 0 0 0 0 0 0 0 0 0 0 0 0 0 0 0 0 0 0 0 0 0 0 0 0 0 0 0 0 0 0 0 0 0 0 
Upper bound: 
49 49 49 49 49 49 49 49 49 49 49 49 49 49 49 49 49 49 49 49 49 49 49 49 49 49 49 49 49 49 49 49 49 49 49 49 49 49 49 49 49 49 49 49 49 49 49 49 49 49 
Weight factor: 0.8
Crossover rate: 0.9
Max iteration: 6000
Best solution: 
[28, 13, 42, 30, 6, 3, 17, 5, 43, 32, 41, 34, 46, 8, 2, 23, 9, 48, 11, 1, 20, 45, 4, 49, 29, 0, 22, 44, 16, 39, 25, 7, 47, 15, 19, 31, 40, 10, 12, 37, 33, 24, 38, 21, 18, 35, 27, 36, 26, 14, ]
Best fitness: 1.0159
SEED: 7124

Solution Bins: 
Bin Number: 13
996 779 1000 979 999 740 995 998 997 974 998 1000 978 
Elapsed time: 35 s
----------------------------------------

Population size: 600
Problem dimension: 50
Lower bound: 
0 0 0 0 0 0 0 0 0 0 0 0 0 0 0 0 0 0 0 0 0 0 0 0 0 0 0 0 0 0 0 0 0 0 0 0 0 0 0 0 0 0 0 0 0 0 0 0 0 0 
Upper bound: 
49 49 49 49 49 49 49 49 49 49 49 49 49 49 49 49 49 49 49 49 49 49 49 49 49 49 49 49 49 49 49 49 49 49 49 49 49 49 49 49 49 49 49 49 49 49 49 49 49 49 
Weight factor: 0.8
Crossover rate: 0.9
Max iteration: 6000
Best solution: 
[1, 44, 34, 8, 31, 17, 36, 42, 47, 3, 28, 18, 27, 46, 10, 16, 32, 33, 48, 11, 38, 21, 26, 40, 30, 12, 43, 7, 35, 19, 24, 6, 49, 29, 9, 45, 39, 23, 20, 22, 4, 0, 25, 41, 37, 5, 15, 14, 2, 13, ]
Best fitness: 1.10189
SEED: 16277

Solution Bins: 
Bin Number: 13
999 997 999 998 908 981 998 1000 987 988 785 991 762 
Elapsed time: 35 s
----------------------------------------

Population size: 600
Problem dimension: 50
Lower bound: 
0 0 0 0 0 0 0 0 0 0 0 0 0 0 0 0 0 0 0 0 0 0 0 0 0 0 0 0 0 0 0 0 0 0 0 0 0 0 0 0 0 0 0 0 0 0 0 0 0 0 
Upper bound: 
49 49 49 49 49 49 49 49 49 49 49 49 49 49 49 49 49 49 49 49 49 49 49 49 49 49 49 49 49 49 49 49 49 49 49 49 49 49 49 49 49 49 49 49 49 49 49 49 49 49 
Weight factor: 0.8
Crossover rate: 0.9
Max iteration: 6000
Best solution: 
[31, 36, 19, 28, 23, 43, 24, 26, 4, 1, 29, 17, 41, 33, 7, 9, 0, 20, 2, 45, 42, 49, 32, 35, 14, 22, 8, 34, 38, 39, 10, 30, 46, 5, 16, 27, 48, 3, 25, 47, 15, 13, 18, 21, 44, 6, 11, 40, 37, 12, ]
Best fitness: 1.14948
SEED: 22994

Solution Bins: 
Bin Number: 13
987 976 784 972 777 975 995 994 993 968 978 994 982 
Elapsed time: 35 s
----------------------------------------

Population size: 600
Problem dimension: 50
Lower bound: 
0 0 0 0 0 0 0 0 0 0 0 0 0 0 0 0 0 0 0 0 0 0 0 0 0 0 0 0 0 0 0 0 0 0 0 0 0 0 0 0 0 0 0 0 0 0 0 0 0 0 
Upper bound: 
49 49 49 49 49 49 49 49 49 49 49 49 49 49 49 49 49 49 49 49 49 49 49 49 49 49 49 49 49 49 49 49 49 49 49 49 49 49 49 49 49 49 49 49 49 49 49 49 49 49 
Weight factor: 0.8
Crossover rate: 0.9
Max iteration: 6000
Best solution: 
[26, 32, 27, 1, 12, 23, 29, 28, 24, 31, 10, 37, 35, 14, 15, 9, 47, 25, 49, 5, 36, 45, 42, 11, 43, 38, 17, 3, 46, 34, 18, 33, 41, 6, 13, 19, 21, 40, 48, 22, 30, 39, 2, 0, 4, 7, 20, 44, 16, 8, ]
Best fitness: 1.12378
SEED: 6608

Solution Bins: 
Bin Number: 13
985 718 997 984 995 985 973 987 1000 993 972 785 1000 
Elapsed time: 35 s
----------------------------------------

Population size: 600
Problem dimension: 50
Lower bound: 
0 0 0 0 0 0 0 0 0 0 0 0 0 0 0 0 0 0 0 0 0 0 0 0 0 0 0 0 0 0 0 0 0 0 0 0 0 0 0 0 0 0 0 0 0 0 0 0 0 0 
Upper bound: 
49 49 49 49 49 49 49 49 49 49 49 49 49 49 49 49 49 49 49 49 49 49 49 49 49 49 49 49 49 49 49 49 49 49 49 49 49 49 49 49 49 49 49 49 49 49 49 49 49 49 
Weight factor: 0.8
Crossover rate: 0.9
Max iteration: 6000
Best solution: 
[24, 28, 33, 11, 27, 36, 19, 3, 18, 21, 49, 8, 6, 46, 32, 37, 2, 9, 20, 17, 16, 47, 48, 4, 39, 35, 1, 14, 26, 40, 44, 0, 12, 13, 41, 22, 31, 10, 7, 34, 42, 25, 38, 29, 23, 5, 43, 30, 15, 45, ]
Best fitness: 1.08427
SEED: 4131

Solution Bins: 
Bin Number: 13
986 993 975 990 776 998 1000 1000 771 967 990 972 987 
Elapsed time: 35 s
----------------------------------------

Population size: 600
Problem dimension: 50
Lower bound: 
0 0 0 0 0 0 0 0 0 0 0 0 0 0 0 0 0 0 0 0 0 0 0 0 0 0 0 0 0 0 0 0 0 0 0 0 0 0 0 0 0 0 0 0 0 0 0 0 0 0 
Upper bound: 
49 49 49 49 49 49 49 49 49 49 49 49 49 49 49 49 49 49 49 49 49 49 49 49 49 49 49 49 49 49 49 49 49 49 49 49 49 49 49 49 49 49 49 49 49 49 49 49 49 49 
Weight factor: 0.8
Crossover rate: 0.9
Max iteration: 6000
Best solution: 
[32, 40, 12, 48, 18, 20, 41, 10, 38, 3, 37, 29, 5, 6, 0, 26, 28, 27, 25, 39, 15, 46, 7, 45, 23, 19, 4, 2, 11, 30, 17, 33, 35, 13, 24, 47, 9, 42, 14, 49, 22, 1, 44, 36, 21, 8, 34, 16, 31, 43, ]
Best fitness: 1.13276
SEED: 8944

Solution Bins: 
Bin Number: 13
990 996 997 777 998 950 978 773 986 1000 987 950 998 
Elapsed time: 35 s
----------------------------------------

Population size: 600
Problem dimension: 50
Lower bound: 
0 0 0 0 0 0 0 0 0 0 0 0 0 0 0 0 0 0 0 0 0 0 0 0 0 0 0 0 0 0 0 0 0 0 0 0 0 0 0 0 0 0 0 0 0 0 0 0 0 0 
Upper bound: 
49 49 49 49 49 49 49 49 49 49 49 49 49 49 49 49 49 49 49 49 49 49 49 49 49 49 49 49 49 49 49 49 49 49 49 49 49 49 49 49 49 49 49 49 49 49 49 49 49 49 
Weight factor: 0.8
Crossover rate: 0.9
Max iteration: 6000
Best solution: 
[12, 39, 26, 44, 43, 4, 19, 34, 6, 38, 27, 14, 22, 46, 48, 21, 40, 18, 7, 24, 9, 49, 31, 8, 32, 42, 10, 45, 33, 0, 3, 16, 29, 36, 15, 5, 2, 13, 37, 25, 20, 23, 17, 28, 35, 41, 30, 1, 47, 11, ]
Best fitness: 1.03522
SEED: 32557

Solution Bins: 
Bin Number: 13
676 978 999 997 997 997 995 997 1000 783 987 1000 1000 
Elapsed time: 35 s
----------------------------------------

Population size: 600
Problem dimension: 50
Lower bound: 
0 0 0 0 0 0 0 0 0 0 0 0 0 0 0 0 0 0 0 0 0 0 0 0 0 0 0 0 0 0 0 0 0 0 0 0 0 0 0 0 0 0 0 0 0 0 0 0 0 0 
Upper bound: 
49 49 49 49 49 49 49 49 49 49 49 49 49 49 49 49 49 49 49 49 49 49 49 49 49 49 49 49 49 49 49 49 49 49 49 49 49 49 49 49 49 49 49 49 49 49 49 49 49 49 
Weight factor: 0.8
Crossover rate: 0.9
Max iteration: 6000
Best solution: 
[1, 2, 34, 41, 35, 3, 18, 30, 17, 44, 5, 0, 11, 6, 27, 31, 26, 22, 14, 49, 23, 40, 24, 42, 15, 32, 13, 21, 47, 4, 8, 37, 38, 48, 16, 46, 29, 43, 28, 45, 9, 10, 36, 19, 25, 20, 39, 7, 33, 12, ]
Best fitness: 0.956597
SEED: 2752

Solution Bins: 
Bin Number: 13
788 997 982 774 995 985 1000 995 989 975 998 995 1000 
Elapsed time: 35 s
----------------------------------------

Population size: 600
Problem dimension: 50
Lower bound: 
0 0 0 0 0 0 0 0 0 0 0 0 0 0 0 0 0 0 0 0 0 0 0 0 0 0 0 0 0 0 0 0 0 0 0 0 0 0 0 0 0 0 0 0 0 0 0 0 0 0 
Upper bound: 
49 49 49 49 49 49 49 49 49 49 49 49 49 49 49 49 49 49 49 49 49 49 49 49 49 49 49 49 49 49 49 49 49 49 49 49 49 49 49 49 49 49 49 49 49 49 49 49 49 49 
Weight factor: 0.8
Crossover rate: 0.9
Max iteration: 6000
Best solution: 
[48, 8, 25, 4, 40, 29, 13, 33, 5, 1, 47, 30, 27, 31, 20, 38, 15, 36, 10, 12, 3, 11, 18, 23, 41, 22, 21, 35, 24, 45, 0, 2, 42, 6, 28, 49, 37, 44, 26, 14, 17, 19, 39, 34, 9, 7, 32, 43, 16, 46, ]
Best fitness: 1.3976
SEED: 11413

Solution Bins: 
Bin Number: 13
993 998 783 988 975 767 992 996 789 993 997 961 995 
Elapsed time: 35 s
----------------------------------------

Population size: 600
Problem dimension: 50
Lower bound: 
0 0 0 0 0 0 0 0 0 0 0 0 0 0 0 0 0 0 0 0 0 0 0 0 0 0 0 0 0 0 0 0 0 0 0 0 0 0 0 0 0 0 0 0 0 0 0 0 0 0 
Upper bound: 
49 49 49 49 49 49 49 49 49 49 49 49 49 49 49 49 49 49 49 49 49 49 49 49 49 49 49 49 49 49 49 49 49 49 49 49 49 49 49 49 49 49 49 49 49 49 49 49 49 49 
Weight factor: 0.8
Crossover rate: 0.9
Max iteration: 6000
Best solution: 
[26, 15, 47, 7, 16, 45, 21, 29, 39, 25, 17, 20, 0, 12, 9, 43, 49, 5, 8, 6, 2, 30, 46, 36, 4, 41, 23, 24, 33, 31, 3, 35, 40, 44, 37, 28, 19, 10, 48, 27, 14, 13, 32, 38, 11, 18, 42, 1, 34, 22, ]
Best fitness: 1.06668
SEED: 18709

Solution Bins: 
Bin Number: 13
978 992 995 771 958 782 985 998 998 986 976 996 1000 
Elapsed time: 35 s
----------------------------------------

Population size: 600
Problem dimension: 50
Lower bound: 
0 0 0 0 0 0 0 0 0 0 0 0 0 0 0 0 0 0 0 0 0 0 0 0 0 0 0 0 0 0 0 0 0 0 0 0 0 0 0 0 0 0 0 0 0 0 0 0 0 0 
Upper bound: 
49 49 49 49 49 49 49 49 49 49 49 49 49 49 49 49 49 49 49 49 49 49 49 49 49 49 49 49 49 49 49 49 49 49 49 49 49 49 49 49 49 49 49 49 49 49 49 49 49 49 
Weight factor: 0.8
Crossover rate: 0.9
Max iteration: 6000
Best solution: 
[10, 32, 38, 0, 31, 19, 35, 11, 16, 18, 45, 14, 22, 12, 49, 4, 1, 41, 36, 17, 24, 34, 21, 28, 5, 2, 47, 23, 33, 27, 7, 9, 46, 44, 30, 40, 3, 43, 20, 8, 39, 37, 6, 48, 26, 15, 25, 29, 13, 42, ]
Best fitness: 0.636027
SEED: 16007

Solution Bins: 
Bin Number: 12
997 987 1000 995 1000 997 783 991 961 982 989 975 
Elapsed time: 35 s
----------------------------------------

Population size: 600
Problem dimension: 50
Lower bound: 
0 0 0 0 0 0 0 0 0 0 0 0 0 0 0 0 0 0 0 0 0 0 0 0 0 0 0 0 0 0 0 0 0 0 0 0 0 0 0 0 0 0 0 0 0 0 0 0 0 0 
Upper bound: 
49 49 49 49 49 49 49 49 49 49 49 49 49 49 49 49 49 49 49 49 49 49 49 49 49 49 49 49 49 49 49 49 49 49 49 49 49 49 49 49 49 49 49 49 49 49 49 49 49 49 
Weight factor: 0.8
Crossover rate: 0.9
Max iteration: 6000
Best solution: 
[38, 8, 34, 28, 3, 5, 6, 1, 37, 44, 46, 19, 39, 21, 29, 48, 7, 31, 41, 45, 0, 35, 2, 13, 43, 30, 40, 36, 32, 15, 11, 22, 42, 18, 4, 10, 23, 49, 17, 33, 26, 24, 9, 12, 20, 47, 27, 16, 25, 14, ]
Best fitness: 1.05396
SEED: 19086

Solution Bins: 
Bin Number: 13
994 780 994 996 986 991 993 992 993 997 991 1000 695 
Elapsed time: 35 s
----------------------------------------

Population size: 600
Problem dimension: 50
Lower bound: 
0 0 0 0 0 0 0 0 0 0 0 0 0 0 0 0 0 0 0 0 0 0 0 0 0 0 0 0 0 0 0 0 0 0 0 0 0 0 0 0 0 0 0 0 0 0 0 0 0 0 
Upper bound: 
49 49 49 49 49 49 49 49 49 49 49 49 49 49 49 49 49 49 49 49 49 49 49 49 49 49 49 49 49 49 49 49 49 49 49 49 49 49 49 49 49 49 49 49 49 49 49 49 49 49 
Weight factor: 0.8
Crossover rate: 0.9
Max iteration: 6000
Best solution: 
[7, 0, 9, 22, 38, 18, 5, 10, 41, 37, 11, 47, 4, 31, 28, 32, 1, 49, 8, 15, 6, 30, 35, 43, 2, 33, 25, 21, 48, 26, 29, 44, 12, 14, 24, 36, 20, 34, 23, 42, 19, 16, 46, 3, 45, 40, 17, 27, 39, 13, ]
Best fitness: 1.11598
SEED: 14806

Solution Bins: 
Bin Number: 13
779 998 982 995 986 753 998 956 1000 996 987 962 993 
Elapsed time: 35 s
----------------------------------------

Population size: 600
Problem dimension: 50
Lower bound: 
0 0 0 0 0 0 0 0 0 0 0 0 0 0 0 0 0 0 0 0 0 0 0 0 0 0 0 0 0 0 0 0 0 0 0 0 0 0 0 0 0 0 0 0 0 0 0 0 0 0 
Upper bound: 
49 49 49 49 49 49 49 49 49 49 49 49 49 49 49 49 49 49 49 49 49 49 49 49 49 49 49 49 49 49 49 49 49 49 49 49 49 49 49 49 49 49 49 49 49 49 49 49 49 49 
Weight factor: 0.8
Crossover rate: 0.9
Max iteration: 6000
Best solution: 
[31, 3, 47, 18, 20, 24, 38, 16, 30, 14, 44, 45, 5, 33, 42, 2, 37, 22, 28, 35, 10, 39, 32, 25, 21, 1, 13, 6, 7, 9, 34, 23, 27, 15, 36, 17, 46, 11, 0, 41, 40, 12, 4, 49, 26, 8, 19, 43, 29, 48, ]
Best fitness: 1.14865
SEED: 26774

Solution Bins: 
Bin Number: 13
996 986 990 1000 980 997 740 772 986 955 988 1000 974 
Elapsed time: 35 s
----------------------------------------

Population size: 600
Problem dimension: 50
Lower bound: 
0 0 0 0 0 0 0 0 0 0 0 0 0 0 0 0 0 0 0 0 0 0 0 0 0 0 0 0 0 0 0 0 0 0 0 0 0 0 0 0 0 0 0 0 0 0 0 0 0 0 
Upper bound: 
49 49 49 49 49 49 49 49 49 49 49 49 49 49 49 49 49 49 49 49 49 49 49 49 49 49 49 49 49 49 49 49 49 49 49 49 49 49 49 49 49 49 49 49 49 49 49 49 49 49 
Weight factor: 0.8
Crossover rate: 0.9
Max iteration: 6000
Best solution: 
[20, 32, 28, 48, 3, 31, 47, 0, 14, 2, 22, 11, 4, 17, 29, 46, 10, 18, 44, 13, 40, 27, 24, 38, 37, 8, 34, 6, 39, 1, 33, 45, 7, 15, 9, 43, 36, 26, 35, 30, 21, 19, 23, 42, 16, 41, 49, 25, 5, 12, ]
Best fitness: 1.13689
SEED: 642

Solution Bins: 
Bin Number: 13
993 996 762 769 995 962 946 999 986 986 984 997 999 
Elapsed time: 35 s
----------------------------------------

Population size: 600
Problem dimension: 50
Lower bound: 
0 0 0 0 0 0 0 0 0 0 0 0 0 0 0 0 0 0 0 0 0 0 0 0 0 0 0 0 0 0 0 0 0 0 0 0 0 0 0 0 0 0 0 0 0 0 0 0 0 0 
Upper bound: 
49 49 49 49 49 49 49 49 49 49 49 49 49 49 49 49 49 49 49 49 49 49 49 49 49 49 49 49 49 49 49 49 49 49 49 49 49 49 49 49 49 49 49 49 49 49 49 49 49 49 
Weight factor: 0.8
Crossover rate: 0.9
Max iteration: 6000
Best solution: 
[44, 32, 6, 42, 15, 38, 26, 14, 31, 3, 48, 12, 0, 4, 2, 45, 29, 13, 33, 8, 49, 24, 18, 16, 37, 28, 7, 41, 17, 22, 10, 5, 35, 43, 1, 23, 21, 36, 9, 40, 20, 19, 30, 27, 46, 11, 25, 34, 47, 39, ]
Best fitness: 0.475425
SEED: 11876

Solution Bins: 
Bin Number: 12
999 1000 993 785 987 998 996 1000 993 998 993 997 
Elapsed time: 35 s
----------------------------------------

